6 8 22
7 9 23
8 10 24
9 11 25
10 12 26
11 13 27
12 14 28
13 15 29
14 16 30
15 17 31
16 18 32
17 19 33
18 20 34
19 21 35
20 22 36
21 23 37
22 24 38
23 25 39
24 26 40
25 27 41
26 28 42
27 29 43
28 30 44
29 31 45
30 32 46
31 33 47
32 34 48
33 35 49
34 36 50
35 37 51
36 38 52
37 39 53
38 40 54
39 41 55
40 42 56
41 43 57
42 44 58
43 45 59
44 46 60
45 47 61
46 48 62
47 49 63
48 50 64
49 51 65
50 52 66
51 53 67
52 54 68
53 55 69
54 56 70
55 57 71
56 58 72
57 59 73
58 60 74
59 61 75
60 62 76
61 63 77
62 64 78
63 65 79
64 66 80
65 67 81
66 68 82
67 69 83
68 70 84
69 71 85
70 72 86
71 73 87
72 74 88
73 75 89
74 76 90
75 77 91
76 78 92
77 79 93
78 80 94
79 81 95
80 82 96
81 83 97
82 84 98
0 83 85
1 84 86
2 85 87
3 86 88
4 87 89
5 88 90
6 89 91
7 90 92
8 91 93
9 92 94
10 93 95
11 94 96
12 95 97
13 96 98
0 14 97
1 15 98
0 2 16
1 3 17
2 4 18
3 5 19
4 6 20
5 7 21
25 64 87
26 65 88
27 66 89
28 67 90
29 68 91
30 69 92
31 70 93
32 71 94
33 72 95
34 73 96
35 74 97
36 75 98
0 37 76
1 38 77
2 39 78
3 40 79
4 41 80
5 42 81
6 43 82
7 44 83
8 45 84
9 46 85
10 47 86
11 48 87
12 49 88
13 50 89
14 51 90
15 52 91
16 53 92
17 54 93
18 55 94
19 56 95
20 57 96
21 58 97
22 59 98
0 23 60
1 24 61
2 25 62
3 26 63
4 27 64
5 28 65
6 29 66
7 30 67
8 31 68
9 32 69
10 33 70
11 34 71
12 35 72
13 36 73
14 37 74
15 38 75
16 39 76
17 40 77
18 41 78
19 42 79
20 43 80
21 44 81
22 45 82
23 46 83
24 47 84
25 48 85
26 49 86
27 50 87
28 51 88
29 52 89
30 53 90
31 54 91
32 55 92
33 56 93
34 57 94
35 58 95
36 59 96
37 60 97
38 61 98
0 39 62
1 40 63
2 41 64
3 42 65
4 43 66
5 44 67
6 45 68
7 46 69
8 47 70
9 48 71
10 49 72
11 50 73
12 51 74
13 52 75
14 53 76
15 54 77
16 55 78
17 56 79
18 57 80
19 58 81
20 59 82
21 60 83
22 61 84
23 62 85
24 63 86
38 87 92
39 88 93
40 89 94
41 90 95
42 91 96
43 92 97
44 93 98
0 45 94
1 46 95
2 47 96
3 48 97
4 49 98
0 5 50
1 6 51
2 7 52
3 8 53
4 9 54
5 10 55
6 11 56
7 12 57
8 13 58
9 14 59
10 15 60
11 16 61
12 17 62
13 18 63
14 19 64
15 20 65
16 21 66
17 22 67
18 23 68
19 24 69
20 25 70
21 26 71
22 27 72
23 28 73
24 29 74
25 30 75
26 31 76
27 32 77
28 33 78
29 34 79
30 35 80
31 36 81
32 37 82
33 38 83
34 39 84
35 40 85
36 41 86
37 42 87
38 43 88
39 44 89
40 45 90
41 46 91
42 47 92
43 48 93
44 49 94
45 50 95
46 51 96
47 52 97
48 53 98
0 49 54
1 50 55
2 51 56
3 52 57
4 53 58
5 54 59
6 55 60
7 56 61
8 57 62
9 58 63
10 59 64
11 60 65
12 61 66
13 62 67
14 63 68
15 64 69
16 65 70
17 66 71
18 67 72
19 68 73
20 69 74
21 70 75
22 71 76
23 72 77
24 73 78
25 74 79
26 75 80
27 76 81
28 77 82
29 78 83
30 79 84
31 80 85
32 81 86
33 82 87
34 83 88
35 84 89
36 85 90
37 86 91
3 32 90
4 33 91
5 34 92
6 35 93
7 36 94
8 37 95
9 38 96
10 39 97
11 40 98
0 12 41
1 13 42
2 14 43
3 15 44
4 16 45
5 17 46
6 18 47
7 19 48
8 20 49
9 21 50
10 22 51
11 23 52
12 24 53
13 25 54
14 26 55
15 27 56
16 28 57
17 29 58
18 30 59
19 31 60
20 32 61
21 33 62
22 34 63
23 35 64
24 36 65
25 37 66
26 38 67
27 39 68
28 40 69
29 41 70
30 42 71
31 43 72
32 44 73
33 45 74
34 46 75
35 47 76
36 48 77
37 49 78
38 50 79
39 51 80
40 52 81
41 53 82
42 54 83
43 55 84
44 56 85
45 57 86
46 58 87
47 59 88
48 60 89
49 61 90
50 62 91
51 63 92
52 64 93
53 65 94
54 66 95
55 67 96
56 68 97
57 69 98
0 58 70
1 59 71
2 60 72
3 61 73
4 62 74
5 63 75
6 64 76
7 65 77
8 66 78
9 67 79
10 68 80
11 69 81
12 70 82
13 71 83
14 72 84
15 73 85
16 74 86
17 75 87
18 76 88
19 77 89
20 78 90
21 79 91
22 80 92
23 81 93
24 82 94
25 83 95
26 84 96
27 85 97
28 86 98
0 29 87
1 30 88
2 31 89
3 23 51
4 24 52
5 25 53
6 26 54
7 27 55
8 28 56
9 29 57
10 30 58
11 31 59
12 32 60
13 33 61
14 34 62
15 35 63
16 36 64
17 37 65
18 38 66
19 39 67
20 40 68
21 41 69
22 42 70
23 43 71
24 44 72
25 45 73
26 46 74
27 47 75
28 48 76
29 49 77
30 50 78
31 51 79
32 52 80
33 53 81
34 54 82
35 55 83
36 56 84
37 57 85
38 58 86
39 59 87
40 60 88
41 61 89
42 62 90
43 63 91
44 64 92
45 65 93
46 66 94
47 67 95
48 68 96
49 69 97
50 70 98
0 51 71
1 52 72
2 53 73
3 54 74
4 55 75
5 56 76
6 57 77
7 58 78
8 59 79
9 60 80
10 61 81
11 62 82
12 63 83
13 64 84
14 65 85
15 66 86
16 67 87
17 68 88
18 69 89
19 70 90
20 71 91
21 72 92
22 73 93
23 74 94
24 75 95
25 76 96
26 77 97
27 78 98
0 28 79
1 29 80
2 30 81
3 31 82
4 32 83
5 33 84
6 34 85
7 35 86
8 36 87
9 37 88
10 38 89
11 39 90
12 40 91
13 41 92
14 42 93
15 43 94
16 44 95
17 45 96
18 46 97
19 47 98
0 20 48
1 21 49
2 22 50
64 68 81
65 69 82
66 70 83
67 71 84
68 72 85
69 73 86
70 74 87
71 75 88
72 76 89
73 77 90
74 78 91
75 79 92
76 80 93
77 81 94
78 82 95
79 83 96
80 84 97
81 85 98
0 82 86
1 83 87
2 84 88
3 85 89
4 86 90
5 87 91
6 88 92
7 89 93
8 90 94
9 91 95
10 92 96
11 93 97
12 94 98
0 13 95
1 14 96
2 15 97
3 16 98
0 4 17
1 5 18
2 6 19
3 7 20
4 8 21
5 9 22
6 10 23
7 11 24
8 12 25
9 13 26
10 14 27
11 15 28
12 16 29
13 17 30
14 18 31
15 19 32
16 20 33
17 21 34
18 22 35
19 23 36
20 24 37
21 25 38
22 26 39
23 27 40
24 28 41
25 29 42
26 30 43
27 31 44
28 32 45
29 33 46
30 34 47
31 35 48
32 36 49
33 37 50
34 38 51
35 39 52
36 40 53
37 41 54
38 42 55
39 43 56
40 44 57
41 45 58
42 46 59
43 47 60
44 48 61
45 49 62
46 50 63
47 51 64
48 52 65
49 53 66
50 54 67
51 55 68
52 56 69
53 57 70
54 58 71
55 59 72
56 60 73
57 61 74
58 62 75
59 63 76
60 64 77
61 65 78
62 66 79
63 67 80
40 41 83
41 42 84
42 43 85
43 44 86
44 45 87
45 46 88
46 47 89
47 48 90
48 49 91
49 50 92
50 51 93
51 52 94
52 53 95
53 54 96
54 55 97
55 56 98
0 56 57
1 57 58
2 58 59
3 59 60
4 60 61
5 61 62
6 62 63
7 63 64
8 64 65
9 65 66
10 66 67
11 67 68
12 68 69
13 69 70
14 70 71
15 71 72
16 72 73
17 73 74
18 74 75
19 75 76
20 76 77
21 77 78
22 78 79
23 79 80
24 80 81
25 81 82
26 82 83
27 83 84
28 84 85
29 85 86
30 86 87
31 87 88
32 88 89
33 89 90
34 90 91
35 91 92
36 92 93
37 93 94
38 94 95
39 95 96
40 96 97
41 97 98
0 42 98
0 1 43
1 2 44
2 3 45
3 4 46
4 5 47
5 6 48
6 7 49
7 8 50
8 9 51
9 10 52
10 11 53
11 12 54
12 13 55
13 14 56
14 15 57
15 16 58
16 17 59
17 18 60
18 19 61
19 20 62
20 21 63
21 22 64
22 23 65
23 24 66
24 25 67
25 26 68
26 27 69
27 28 70
28 29 71
29 30 72
30 31 73
31 32 74
32 33 75
33 34 76
34 35 77
35 36 78
36 37 79
37 38 80
38 39 81
39 40 82
33 39 86
34 40 87
35 41 88
36 42 89
37 43 90
38 44 91
39 45 92
40 46 93
41 47 94
42 48 95
43 49 96
44 50 97
45 51 98
0 46 52
1 47 53
2 48 54
3 49 55
4 50 56
5 51 57
6 52 58
7 53 59
8 54 60
9 55 61
10 56 62
11 57 63
12 58 64
13 59 65
14 60 66
15 61 67
16 62 68
17 63 69
18 64 70
19 65 71
20 66 72
21 67 73
22 68 74
23 69 75
24 70 76
25 71 77
26 72 78
27 73 79
28 74 80
29 75 81
30 76 82
31 77 83
32 78 84
33 79 85
34 80 86
35 81 87
36 82 88
37 83 89
38 84 90
39 85 91
40 86 92
41 87 93
42 88 94
43 89 95
44 90 96
45 91 97
46 92 98
0 47 93
1 48 94
2 49 95
3 50 96
4 51 97
5 52 98
0 6 53
1 7 54
2 8 55
3 9 56
4 10 57
5 11 58
6 12 59
7 13 60
8 14 61
9 15 62
10 16 63
11 17 64
12 18 65
13 19 66
14 20 67
15 21 68
16 22 69
17 23 70
18 24 71
19 25 72
20 26 73
21 27 74
22 28 75
23 29 76
24 30 77
25 31 78
26 32 79
27 33 80
28 34 81
29 35 82
30 36 83
31 37 84
32 38 85
46 64 86
47 65 87
48 66 88
49 67 89
50 68 90
51 69 91
52 70 92
53 71 93
54 72 94
55 73 95
56 74 96
57 75 97
58 76 98
0 59 77
1 60 78
2 61 79
3 62 80
4 63 81
5 64 82
6 65 83
7 66 84
8 67 85
9 68 86
10 69 87
11 70 88
12 71 89
13 72 90
14 73 91
15 74 92
16 75 93
17 76 94
18 77 95
19 78 96
20 79 97
21 80 98
0 22 81
1 23 82
2 24 83
3 25 84
4 26 85
5 27 86
6 28 87
7 29 88
8 30 89
9 31 90
10 32 91
11 33 92
12 34 93
13 35 94
14 36 95
15 37 96
16 38 97
17 39 98
0 18 40
1 19 41
2 20 42
3 21 43
4 22 44
5 23 45
6 24 46
7 25 47
8 26 48
9 27 49
10 28 50
11 29 51
12 30 52
13 31 53
14 32 54
15 33 55
16 34 56
17 35 57
18 36 58
19 37 59
20 38 60
21 39 61
22 40 62
23 41 63
24 42 64
25 43 65
26 44 66
27 45 67
28 46 68
29 47 69
30 48 70
31 49 71
32 50 72
33 51 73
34 52 74
35 53 75
36 54 76
37 55 77
38 56 78
39 57 79
40 58 80
41 59 81
42 60 82
43 61 83
44 62 84
45 63 85
9 17 89
10 18 90
11 19 91
12 20 92
13 21 93
14 22 94
15 23 95
16 24 96
17 25 97
18 26 98
0 19 27
1 20 28
2 21 29
3 22 30
4 23 31
5 24 32
6 25 33
7 26 34
8 27 35
9 28 36
10 29 37
11 30 38
12 31 39
13 32 40
14 33 41
15 34 42
16 35 43
17 36 44
18 37 45
19 38 46
20 39 47
21 40 48
22 41 49
23 42 50
24 43 51
25 44 52
26 45 53
27 46 54
28 47 55
29 48 56
30 49 57
31 50 58
32 51 59
33 52 60
34 53 61
35 54 62
36 55 63
37 56 64
38 57 65
39 58 66
40 59 67
41 60 68
42 61 69
43 62 70
44 63 71
45 64 72
46 65 73
47 66 74
48 67 75
49 68 76
50 69 77
51 70 78
52 71 79
53 72 80
54 73 81
55 74 82
56 75 83
57 76 84
58 77 85
59 78 86
60 79 87
61 80 88
62 81 89
63 82 90
64 83 91
65 84 92
66 85 93
67 86 94
68 87 95
69 88 96
70 89 97
71 90 98
0 72 91
1 73 92
2 74 93
3 75 94
4 76 95
5 77 96
6 78 97
7 79 98
0 8 80
1 9 81
2 10 82
3 11 83
4 12 84
5 13 85
6 14 86
7 15 87
8 16 88
61 71 82
62 72 83
63 73 84
64 74 85
65 75 86
66 76 87
67 77 88
68 78 89
69 79 90
70 80 91
71 81 92
72 82 93
73 83 94
74 84 95
75 85 96
76 86 97
77 87 98
0 78 88
1 79 89
2 80 90
3 81 91
4 82 92
5 83 93
6 84 94
7 85 95
8 86 96
9 87 97
10 88 98
0 11 89
1 12 90
2 13 91
3 14 92
4 15 93
5 16 94
6 17 95
7 18 96
8 19 97
9 20 98
0 10 21
1 11 22
2 12 23
3 13 24
4 14 25
5 15 26
6 16 27
7 17 28
8 18 29
9 19 30
10 20 31
11 21 32
12 22 33
13 23 34
14 24 35
15 25 36
16 26 37
17 27 38
18 28 39
19 29 40
20 30 41
21 31 42
22 32 43
23 33 44
24 34 45
25 35 46
26 36 47
27 37 48
28 38 49
29 39 50
30 40 51
31 41 52
32 42 53
33 43 54
34 44 55
35 45 56
36 46 57
37 47 58
38 48 59
39 49 60
40 50 61
41 51 62
42 52 63
43 53 64
44 54 65
45 55 66
46 56 67
47 57 68
48 58 69
49 59 70
50 60 71
51 61 72
52 62 73
53 63 74
54 64 75
55 65 76
56 66 77
57 67 78
58 68 79
59 69 80
60 70 81
40 47 72
41 48 73
42 49 74
43 50 75
44 51 76
45 52 77
46 53 78
47 54 79
48 55 80
49 56 81
50 57 82
51 58 83
52 59 84
53 60 85
54 61 86
55 62 87
56 63 88
57 64 89
58 65 90
59 66 91
60 67 92
61 68 93
62 69 94
63 70 95
64 71 96
65 72 97
66 73 98
0 67 74
1 68 75
2 69 76
3 70 77
4 71 78
5 72 79
6 73 80
7 74 81
8 75 82
9 76 83
10 77 84
11 78 85
12 79 86
13 80 87
14 81 88
15 82 89
16 83 90
17 84 91
18 85 92
19 86 93
20 87 94
21 88 95
22 89 96
23 90 97
24 91 98
0 25 92
1 26 93
2 27 94
3 28 95
4 29 96
5 30 97
6 31 98
0 7 32
1 8 33
2 9 34
3 10 35
4 11 36
5 12 37
6 13 38
7 14 39
8 15 40
9 16 41
10 17 42
11 18 43
12 19 44
13 20 45
14 21 46
15 22 47
16 23 48
17 24 49
18 25 50
19 26 51
20 27 52
21 28 53
22 29 54
23 30 55
24 31 56
25 32 57
26 33 58
27 34 59
28 35 60
29 36 61
30 37 62
31 38 63
32 39 64
33 40 65
34 41 66
35 42 67
36 43 68
37 44 69
38 45 70
39 46 71
20 23 88
21 24 89
22 25 90
23 26 91
24 27 92
25 28 93
26 29 94
27 30 95
28 31 96
29 32 97
30 33 98
0 31 34
1 32 35
2 33 36
3 34 37
4 35 38
5 36 39
6 37 40
7 38 41
8 39 42
9 40 43
10 41 44
11 42 45
12 43 46
13 44 47
14 45 48
15 46 49
16 47 50
17 48 51
18 49 52
19 50 53
20 51 54
21 52 55
22 53 56
23 54 57
24 55 58
25 56 59
26 57 60
27 58 61
28 59 62
29 60 63
30 61 64
31 62 65
32 63 66
33 64 67
34 65 68
35 66 69
36 67 70
37 68 71
38 69 72
39 70 73
40 71 74
41 72 75
42 73 76
43 74 77
44 75 78
45 76 79
46 77 80
47 78 81
48 79 82
49 80 83
50 81 84
51 82 85
52 83 86
53 84 87
54 85 88
55 86 89
56 87 90
57 88 91
58 89 92
59 90 93
60 91 94
61 92 95
62 93 96
63 94 97
64 95 98
0 65 96
1 66 97
2 67 98
0 3 68
1 4 69
2 5 70
3 6 71
4 7 72
5 8 73
6 9 74
7 10 75
8 11 76
9 12 77
10 13 78
11 14 79
12 15 80
13 16 81
14 17 82
15 18 83
16 19 84
17 20 85
18 21 86
19 22 87
54 69 78
55 70 79
56 71 80
57 72 81
58 73 82
59 74 83
60 75 84
61 76 85
62 77 86
63 78 87
64 79 88
65 80 89
66 81 90
67 82 91
68 83 92
69 84 93
70 85 94
71 86 95
72 87 96
73 88 97
74 89 98
0 75 90
1 76 91
2 77 92
3 78 93
4 79 94
5 80 95
6 81 96
7 82 97
8 83 98
0 9 84
1 10 85
2 11 86
3 12 87
4 13 88
5 14 89
6 15 90
7 16 91
8 17 92
9 18 93
10 19 94
11 20 95
12 21 96
13 22 97
14 23 98
0 15 24
1 16 25
2 17 26
3 18 27
4 19 28
5 20 29
6 21 30
7 22 31
8 23 32
9 24 33
10 25 34
11 26 35
12 27 36
13 28 37
14 29 38
15 30 39
16 31 40
17 32 41
18 33 42
19 34 43
20 35 44
21 36 45
22 37 46
23 38 47
24 39 48
25 40 49
26 41 50
27 42 51
28 43 52
29 44 53
30 45 54
31 46 55
32 47 56
33 48 57
34 49 58
35 50 59
36 51 60
37 52 61
38 53 62
39 54 63
40 55 64
41 56 65
42 57 66
43 58 67
44 59 68
45 60 69
46 61 70
47 62 71
48 63 72
49 64 73
50 65 74
51 66 75
52 67 76
53 68 77
34 78 99
35 79 99
36 80 99
37 81 99
38 82 99
39 83 99
40 84 99
41 85 99
42 86 99
43 87 99
44 88 99
45 89 99
46 90 99
47 91 99
48 92 99
49 93 99
50 94 99
51 95 99
52 96 99
53 97 99
54 98 99
0 55 99
1 56 99
2 57 99
3 58 99
4 59 99
5 60 99
6 61 99
7 62 99
8 63 99
9 64 99
10 65 99
11 66 99
12 67 99
13 68 99
14 69 99
15 70 99
16 71 99
17 72 99
18 73 99
19 74 99
20 75 99
21 76 99
22 77 99
23 78 99
24 79 99
25 80 99
26 81 99
27 82 99
28 83 99
29 84 99
30 85 99
31 86 99
32 87 99
33 88 99
34 89 99
35 90 99
36 91 99
37 92 99
38 93 99
39 94 99
40 95 99
41 96 99
42 97 99
43 98 99
0 44 99
1 45 99
2 46 99
3 47 99
4 48 99
5 49 99
6 50 99
7 51 99
8 52 99
9 53 99
10 54 99
11 55 99
12 56 99
13 57 99
14 58 99
15 59 99
16 60 99
17 61 99
18 62 99
19 63 99
20 64 99
21 65 99
22 66 99
23 67 99
24 68 99
25 69 99
26 70 99
27 71 99
28 72 99
29 73 99
30 74 99
31 75 99
32 76 99
33 77 99
28 54 92
29 55 93
30 56 94
31 57 95
32 58 96
33 59 97
34 60 98
0 35 61
1 36 62
2 37 63
3 38 64
4 39 65
5 40 66
6 41 67
7 42 68
8 43 69
9 44 70
10 45 71
11 46 72
12 47 73
13 48 74
14 49 75
15 50 76
16 51 77
17 52 78
18 53 79
19 54 80
20 55 81
21 56 82
22 57 83
23 58 84
24 59 85
25 60 86
26 61 87
27 62 88
28 63 89
29 64 90
30 65 91
31 66 92
32 67 93
33 68 94
34 69 95
35 70 96
36 71 97
37 72 98
0 38 73
1 39 74
2 40 75
3 41 76
4 42 77
5 43 78
6 44 79
7 45 80
8 46 81
9 47 82
10 48 83
11 49 84
12 50 85
13 51 86
14 52 87
15 53 88
16 54 89
17 55 90
18 56 91
19 57 92
20 58 93
21 59 94
22 60 95
23 61 96
24 62 97
25 63 98
0 26 64
1 27 65
2 28 66
3 29 67
4 30 68
5 31 69
6 32 70
7 33 71
8 34 72
9 35 73
10 36 74
11 37 75
12 38 76
13 39 77
14 40 78
15 41 79
16 42 80
17 43 81
18 44 82
19 45 83
20 46 84
21 47 85
22 48 86
23 49 87
24 50 88
25 51 89
26 52 90
27 53 91
9 42 78
10 43 79
11 44 80
12 45 81
13 46 82
14 47 83
15 48 84
16 49 85
17 50 86
18 51 87
19 52 88
20 53 89
21 54 90
22 55 91
23 56 92
24 57 93
25 58 94
26 59 95
27 60 96
28 61 97
29 62 98
0 30 63
1 31 64
2 32 65
3 33 66
4 34 67
5 35 68
6 36 69
7 37 70
8 38 71
9 39 72
10 40 73
11 41 74
12 42 75
13 43 76
14 44 77
15 45 78
16 46 79
17 47 80
18 48 81
19 49 82
20 50 83
21 51 84
22 52 85
23 53 86
24 54 87
25 55 88
26 56 89
27 57 90
28 58 91
29 59 92
30 60 93
31 61 94
32 62 95
33 63 96
34 64 97
35 65 98
0 36 66
1 37 67
2 38 68
3 39 69
4 40 70
5 41 71
6 42 72
7 43 73
8 44 74
9 45 75
10 46 76
11 47 77
12 48 78
13 49 79
14 50 80
15 51 81
16 52 82
17 53 83
18 54 84
19 55 85
20 56 86
21 57 87
22 58 88
23 59 89
24 60 90
25 61 91
26 62 92
27 63 93
28 64 94
29 65 95
30 66 96
31 67 97
32 68 98
0 33 69
1 34 70
2 35 71
3 36 72
4 37 73
5 38 74
6 39 75
7 40 76
8 41 77
