30 33 71 82
32 35 73 84
34 37 75 86
36 39 77 88
38 41 79 90
40 43 81 92
42 45 83 94
44 47 85 96
46 49 87 98
0 48 51 89
2 50 53 91
4 52 55 93
6 54 57 95
8 56 59 97
10 58 61 99
1 12 60 63
3 14 62 65
5 16 64 67
7 18 66 69
9 20 68 71
11 22 70 73
13 24 72 75
15 26 74 77
17 28 76 79
19 30 78 81
21 32 80 83
23 34 82 85
25 36 84 87
27 38 86 89
29 40 88 91
31 42 90 93
33 44 92 95
35 46 94 97
37 48 96 99
1 39 50 98
0 3 41 52
2 5 43 54
4 7 45 56
6 9 47 58
8 11 49 60
10 13 51 62
12 15 53 64
14 17 55 66
16 19 57 68
18 21 59 70
20 23 61 72
22 25 63 74
24 27 65 76
26 29 67 78
28 31 69 80
53 61 79 93
55 63 81 95
57 65 83 97
59 67 85 99
1 61 69 87
3 63 71 89
5 65 73 91
7 67 75 93
9 69 77 95
11 71 79 97
13 73 81 99
1 15 75 83
3 17 77 85
5 19 79 87
7 21 81 89
9 23 83 91
11 25 85 93
13 27 87 95
15 29 89 97
17 31 91 99
1 19 33 93
3 21 35 95
5 23 37 97
7 25 39 99
1 9 27 41
3 11 29 43
5 13 31 45
7 15 33 47
9 17 35 49
11 19 37 51
13 21 39 53
15 23 41 55
17 25 43 57
19 27 45 59
21 29 47 61
23 31 49 63
25 33 51 65
27 35 53 67
29 37 55 69
31 39 57 71
33 41 59 73
35 43 61 75
37 45 63 77
39 47 65 79
41 49 67 81
43 51 69 83
45 53 71 85
47 55 73 87
49 57 75 89
51 59 77 91
1 20 24 44
3 22 26 46
5 24 28 48
7 26 30 50
9 28 32 52
11 30 34 54
13 32 36 56
15 34 38 58
17 36 40 60
19 38 42 62
21 40 44 64
23 42 46 66
25 44 48 68
27 46 50 70
29 48 52 72
31 50 54 74
33 52 56 76
35 54 58 78
37 56 60 80
39 58 62 82
41 60 64 84
43 62 66 86
45 64 68 88
47 66 70 90
49 68 72 92
51 70 74 94
53 72 76 96
55 74 78 98
0 57 76 80
2 59 78 82
4 61 80 84
6 63 82 86
8 65 84 88
10 67 86 90
12 69 88 92
14 71 90 94
16 73 92 96
18 75 94 98
0 20 77 96
2 22 79 98
0 4 24 81
2 6 26 83
4 8 28 85
6 10 30 87
8 12 32 89
10 14 34 91
12 16 36 93
14 18 38 95
16 20 40 97
18 22 42 99
17 38 47 59
19 40 49 61
21 42 51 63
23 44 53 65
25 46 55 67
27 48 57 69
29 50 59 71
31 52 61 73
33 54 63 75
35 56 65 77
37 58 67 79
39 60 69 81
41 62 71 83
43 64 73 85
45 66 75 87
47 68 77 89
49 70 79 91
51 72 81 93
53 74 83 95
55 76 85 97
57 78 87 99
1 59 80 89
3 61 82 91
5 63 84 93
7 65 86 95
9 67 88 97
11 69 90 99
1 13 71 92
3 15 73 94
5 17 75 96
7 19 77 98
0 9 21 79
2 11 23 81
4 13 25 83
6 15 27 85
8 17 29 87
10 19 31 89
12 21 33 91
14 23 35 93
16 25 37 95
18 27 39 97
20 29 41 99
1 22 31 43
3 24 33 45
5 26 35 47
7 28 37 49
9 30 39 51
11 32 41 53
13 34 43 55
15 36 45 57
4 62 67 96
6 64 69 98
0 8 66 71
2 10 68 73
4 12 70 75
6 14 72 77
8 16 74 79
10 18 76 81
12 20 78 83
14 22 80 85
16 24 82 87
18 26 84 89
20 28 86 91
22 30 88 93
24 32 90 95
26 34 92 97
28 36 94 99
1 30 38 96
3 32 40 98
0 5 34 42
2 7 36 44
4 9 38 46
6 11 40 48
8 13 42 50
10 15 44 52
12 17 46 54
14 19 48 56
16 21 50 58
18 23 52 60
20 25 54 62
22 27 56 64
24 29 58 66
26 31 60 68
28 33 62 70
30 35 64 72
32 37 66 74
34 39 68 76
36 41 70 78
38 43 72 80
40 45 74 82
42 47 76 84
44 49 78 86
46 51 80 88
48 53 82 90
50 55 84 92
52 57 86 94
54 59 88 96
56 61 90 98
0 58 63 92
2 60 65 94
23 24 43 79
25 26 45 81
27 28 47 83
29 30 49 85
31 32 51 87
33 34 53 89
35 36 55 91
37 38 57 93
39 40 59 95
41 42 61 97
43 44 63 99
1 45 46 65
3 47 48 67
5 49 50 69
7 51 52 71
9 53 54 73
11 55 56 75
13 57 58 77
15 59 60 79
17 61 62 81
19 63 64 83
21 65 66 85
23 67 68 87
25 69 70 89
27 71 72 91
29 73 74 93
31 75 76 95
33 77 78 97
35 79 80 99
1 37 81 82
3 39 83 84
5 41 85 86
7 43 87 88
9 45 89 90
11 47 91 92
13 49 93 94
15 51 95 96
17 53 97 98
0 19 55 99
1 2 21 57
3 4 23 59
5 6 25 61
7 8 27 63
9 10 29 65
11 12 31 67
13 14 33 69
15 16 35 71
17 18 37 73
19 20 39 75
21 22 41 77
4 22 33 94
6 24 35 96
8 26 37 98
0 10 28 39
2 12 30 41
4 14 32 43
6 16 34 45
8 18 36 47
10 20 38 49
12 22 40 51
14 24 42 53
16 26 44 55
18 28 46 57
20 30 48 59
22 32 50 61
24 34 52 63
26 36 54 65
28 38 56 67
30 40 58 69
32 42 60 71
34 44 62 73
36 46 64 75
38 48 66 77
40 50 68 79
42 52 70 81
44 54 72 83
46 56 74 85
48 58 76 87
50 60 78 89
52 62 80 91
54 64 82 93
56 66 84 95
58 68 86 97
60 70 88 99
1 62 72 90
3 64 74 92
5 66 76 94
7 68 78 96
9 70 80 98
0 11 72 82
2 13 74 84
4 15 76 86
6 17 78 88
8 19 80 90
10 21 82 92
12 23 84 94
14 25 86 96
16 27 88 98
0 18 29 90
2 20 31 92
27 56 62 99
1 29 58 64
3 31 60 66
5 33 62 68
7 35 64 70
9 37 66 72
11 39 68 74
13 41 70 76
15 43 72 78
17 45 74 80
19 47 76 82
21 49 78 84
23 51 80 86
25 53 82 88
27 55 84 90
29 57 86 92
31 59 88 94
33 61 90 96
35 63 92 98
0 37 65 94
2 39 67 96
4 41 69 98
0 6 43 71
2 8 45 73
4 10 47 75
6 12 49 77
8 14 51 79
10 16 53 81
12 18 55 83
14 20 57 85
16 22 59 87
18 24 61 89
20 26 63 91
22 28 65 93
24 30 67 95
26 32 69 97
28 34 71 99
1 30 36 73
3 32 38 75
5 34 40 77
7 36 42 79
9 38 44 81
11 40 46 83
13 42 48 85
15 44 50 87
17 46 52 89
19 48 54 91
21 50 56 93
23 52 58 95
25 54 60 97
28 82 89 98
0 30 84 91
2 32 86 93
4 34 88 95
6 36 90 97
8 38 92 99
1 10 40 94
3 12 42 96
5 14 44 98
0 7 16 46
2 9 18 48
4 11 20 50
6 13 22 52
8 15 24 54
10 17 26 56
12 19 28 58
14 21 30 60
16 23 32 62
18 25 34 64
20 27 36 66
22 29 38 68
24 31 40 70
26 33 42 72
28 35 44 74
30 37 46 76
32 39 48 78
34 41 50 80
36 43 52 82
38 45 54 84
40 47 56 86
42 49 58 88
44 51 60 90
46 53 62 92
48 55 64 94
50 57 66 96
52 59 68 98
0 54 61 70
2 56 63 72
4 58 65 74
6 60 67 76
8 62 69 78
10 64 71 80
12 66 73 82
14 68 75 84
16 70 77 86
18 72 79 88
20 74 81 90
22 76 83 92
24 78 85 94
26 80 87 96
3 50 72 99
1 5 52 74
3 7 54 76
5 9 56 78
7 11 58 80
9 13 60 82
11 15 62 84
13 17 64 86
15 19 66 88
17 21 68 90
19 23 70 92
21 25 72 94
23 27 74 96
25 29 76 98
0 27 31 78
2 29 33 80
4 31 35 82
6 33 37 84
8 35 39 86
10 37 41 88
12 39 43 90
14 41 45 92
16 43 47 94
18 45 49 96
20 47 51 98
0 22 49 53
2 24 51 55
4 26 53 57
6 28 55 59
8 30 57 61
10 32 59 63
12 34 61 65
14 36 63 67
16 38 65 69
18 40 67 71
20 42 69 73
22 44 71 75
24 46 73 77
26 48 75 79
28 50 77 81
30 52 79 83
32 54 81 85
34 56 83 87
36 58 85 89
38 60 87 91
40 62 89 93
42 64 91 95
44 66 93 97
46 68 95 99
1 48 70 97
7 38 73 83
9 40 75 85
11 42 77 87
13 44 79 89
15 46 81 91
17 48 83 93
19 50 85 95
21 52 87 97
23 54 89 99
1 25 56 91
3 27 58 93
5 29 60 95
7 31 62 97
9 33 64 99
1 11 35 66
3 13 37 68
5 15 39 70
7 17 41 72
9 19 43 74
11 21 45 76
13 23 47 78
15 25 49 80
17 27 51 82
19 29 53 84
21 31 55 86
23 33 57 88
25 35 59 90
27 37 61 92
29 39 63 94
31 41 65 96
33 43 67 98
0 35 45 69
2 37 47 71
4 39 49 73
6 41 51 75
8 43 53 77
10 45 55 79
12 47 57 81
14 49 59 83
16 51 61 85
18 53 63 87
20 55 65 89
22 57 67 91
24 59 69 93
26 61 71 95
28 63 73 97
30 65 75 99
1 32 67 77
3 34 69 79
5 36 71 81
5 59 66 92
7 61 68 94
9 63 70 96
11 65 72 98
0 13 67 74
2 15 69 76
4 17 71 78
6 19 73 80
8 21 75 82
10 23 77 84
12 25 79 86
14 27 81 88
16 29 83 90
18 31 85 92
20 33 87 94
22 35 89 96
24 37 91 98
0 26 39 93
2 28 41 95
4 30 43 97
6 32 45 99
1 8 34 47
3 10 36 49
5 12 38 51
7 14 40 53
9 16 42 55
11 18 44 57
13 20 46 59
15 22 48 61
17 24 50 63
19 26 52 65
21 28 54 67
23 30 56 69
25 32 58 71
27 34 60 73
29 36 62 75
31 38 64 77
33 40 66 79
35 42 68 81
37 44 70 83
39 46 72 85
41 48 74 87
43 50 76 89
45 52 78 91
47 54 80 93
49 56 82 95
51 58 84 97
53 60 86 99
1 55 62 88
3 57 64 90
51 56 57 73
53 58 59 75
55 60 61 77
57 62 63 79
59 64 65 81
61 66 67 83
63 68 69 85
65 70 71 87
67 72 73 89
69 74 75 91
71 76 77 93
73 78 79 95
75 80 81 97
77 82 83 99
1 79 84 85
3 81 86 87
5 83 88 89
7 85 90 91
9 87 92 93
11 89 94 95
13 91 96 97
15 93 98 99
0 1 17 95
2 3 19 97
4 5 21 99
1 6 7 23
3 8 9 25
5 10 11 27
7 12 13 29
9 14 15 31
11 16 17 33
13 18 19 35
15 20 21 37
17 22 23 39
19 24 25 41
21 26 27 43
23 28 29 45
25 30 31 47
27 32 33 49
29 34 35 51
31 36 37 53
33 38 39 55
35 40 41 57
37 42 43 59
39 44 45 61
41 46 47 63
43 48 49 65
45 50 51 67
47 52 53 69
49 54 55 71
0 33 36 50
2 35 38 52
4 37 40 54
6 39 42 56
8 41 44 58
10 43 46 60
12 45 48 62
14 47 50 64
16 49 52 66
18 51 54 68
20 53 56 70
22 55 58 72
24 57 60 74
26 59 62 76
28 61 64 78
30 63 66 80
32 65 68 82
34 67 70 84
36 69 72 86
38 71 74 88
40 73 76 90
42 75 78 92
44 77 80 94
46 79 82 96
48 81 84 98
0 50 83 86
2 52 85 88
4 54 87 90
6 56 89 92
8 58 91 94
10 60 93 96
12 62 95 98
0 14 64 97
2 16 66 99
1 4 18 68
3 6 20 70
5 8 22 72
7 10 24 74
9 12 26 76
11 14 28 78
13 16 30 80
15 18 32 82
17 20 34 84
19 22 36 86
21 24 38 88
23 26 40 90
25 28 42 92
27 30 44 94
29 32 46 96
31 34 48 98
2 14 46 61
4 16 48 63
6 18 50 65
8 20 52 67
10 22 54 69
12 24 56 71
14 26 58 73
16 28 60 75
18 30 62 77
20 32 64 79
22 34 66 81
24 36 68 83
26 38 70 85
28 40 72 87
30 42 74 89
32 44 76 91
34 46 78 93
36 48 80 95
38 50 82 97
40 52 84 99
1 42 54 86
3 44 56 88
5 46 58 90
7 48 60 92
9 50 62 94
11 52 64 96
13 54 66 98
0 15 56 68
2 17 58 70
4 19 60 72
6 21 62 74
8 23 64 76
10 25 66 78
12 27 68 80
14 29 70 82
16 31 72 84
18 33 74 86
20 35 76 88
22 37 78 90
24 39 80 92
26 41 82 94
28 43 84 96
30 45 86 98
0 32 47 88
2 34 49 90
4 36 51 92
6 38 53 94
8 40 55 96
10 42 57 98
0 12 44 59
2 4 64 89
4 6 66 91
6 8 68 93
8 10 70 95
10 12 72 97
12 14 74 99
1 14 16 76
3 16 18 78
5 18 20 80
7 20 22 82
9 22 24 84
11 24 26 86
13 26 28 88
15 28 30 90
17 30 32 92
19 32 34 94
21 34 36 96
23 36 38 98
0 25 38 40
2 27 40 42
4 29 42 44
6 31 44 46
8 33 46 48
10 35 48 50
12 37 50 52
14 39 52 54
16 41 54 56
18 43 56 58
20 45 58 60
22 47 60 62
24 49 62 64
26 51 64 66
28 53 66 68
30 55 68 70
32 57 70 72
34 59 72 74
36 61 74 76
38 63 76 78
40 65 78 80
42 67 80 82
44 69 82 84
46 71 84 86
48 73 86 88
50 75 88 90
52 77 90 92
54 79 92 94
56 81 94 96
58 83 96 98
0 60 85 98
0 2 62 87
7 9 34 57
9 11 36 59
11 13 38 61
13 15 40 63
15 17 42 65
17 19 44 67
19 21 46 69
21 23 48 71
23 25 50 73
25 27 52 75
27 29 54 77
29 31 56 79
31 33 58 81
33 35 60 83
35 37 62 85
37 39 64 87
39 41 66 89
41 43 68 91
43 45 70 93
45 47 72 95
47 49 74 97
49 51 76 99
1 51 53 78
3 53 55 80
5 55 57 82
7 57 59 84
9 59 61 86
11 61 63 88
13 63 65 90
15 65 67 92
17 67 69 94
19 69 71 96
21 71 73 98
0 23 73 75
2 25 75 77
4 27 77 79
6 29 79 81
8 31 81 83
10 33 83 85
12 35 85 87
14 37 87 89
16 39 89 91
18 41 91 93
20 43 93 95
22 45 95 97
24 47 97 99
1 26 49 99
1 3 28 51
3 5 30 53
5 7 32 55
