20 24 58 59 86 95
23 27 61 62 89 98
2 26 30 64 65 92
5 29 33 67 68 95
8 32 36 70 71 98
2 11 35 39 73 74
5 14 38 42 76 77
8 17 41 45 79 80
11 20 44 48 82 83
14 23 47 51 85 86
17 26 50 54 88 89
20 29 53 57 91 92
23 32 56 60 94 95
26 35 59 63 97 98
1 2 29 38 62 66
4 5 32 41 65 69
7 8 35 44 68 72
10 11 38 47 71 75
13 14 41 50 74 78
16 17 44 53 77 81
19 20 47 56 80 84
22 23 50 59 83 87
25 26 53 62 86 90
28 29 56 65 89 93
31 32 59 68 92 96
0 34 35 62 71 95
3 37 38 65 74 98
2 6 40 41 68 77
5 9 43 44 71 80
8 12 46 47 74 83
11 15 49 50 77 86
14 18 52 53 80 89
17 21 55 56 83 92
24 27 31 33 69 97
1 27 30 34 36 72
4 30 33 37 39 75
7 33 36 40 42 78
10 36 39 43 45 81
13 39 42 46 48 84
16 42 45 49 51 87
19 45 48 52 54 90
22 48 51 55 57 93
25 51 54 58 60 96
0 28 54 57 61 63
3 31 57 60 64 66
6 34 60 63 67 69
9 37 63 66 70 72
12 40 66 69 73 75
15 43 69 72 76 78
18 46 72 75 79 81
21 49 75 78 82 84
24 52 78 81 85 87
27 55 81 84 88 90
30 58 84 87 91 93
33 61 87 90 94 96
0 36 64 90 93 97
1 3 39 67 93 96
0 4 6 42 70 96
0 3 7 9 45 73
3 6 10 12 48 76
6 9 13 15 51 79
9 12 16 18 54 82
12 15 19 21 57 85
15 18 22 24 60 88
18 21 25 27 63 91
21 24 28 30 66 94
14 32 35 40 43 88
17 35 38 43 46 91
20 38 41 46 49 94
23 41 44 49 52 97
1 26 44 47 52 55
4 29 47 50 55 58
7 32 50 53 58 61
10 35 53 56 61 64
13 38 56 59 64 67
16 41 59 62 67 70
19 44 62 65 70 73
22 47 65 68 73 76
25 50 68 71 76 79
28 53 71 74 79 82
31 56 74 77 82 85
34 59 77 80 85 88
37 62 80 83 88 91
40 65 83 86 91 94
43 68 86 89 94 97
1 46 71 89 92 97
1 4 49 74 92 95
4 7 52 77 95 98
2 7 10 55 80 98
2 5 10 13 58 83
5 8 13 16 61 86
8 11 16 19 64 89
11 14 19 22 67 92
14 17 22 25 70 95
17 20 25 28 73 98
2 20 23 28 31 76
5 23 26 31 34 79
8 26 29 34 37 82
11 29 32 37 40 85
16 27 46 58 75 82
19 30 49 61 78 85
22 33 52 64 81 88
25 36 55 67 84 91
28 39 58 70 87 94
31 42 61 73 90 97
1 34 45 64 76 93
4 37 48 67 79 96
0 7 40 51 70 82
3 10 43 54 73 85
6 13 46 57 76 88
9 16 49 60 79 91
12 19 52 63 82 94
15 22 55 66 85 97
1 18 25 58 69 88
4 21 28 61 72 91
7 24 31 64 75 94
10 27 34 67 78 97
1 13 30 37 70 81
4 16 33 40 73 84
7 19 36 43 76 87
10 22 39 46 79 90
13 25 42 49 82 93
16 28 45 52 85 96
0 19 31 48 55 88
3 22 34 51 58 91
6 25 37 54 61 94
9 28 40 57 64 97
1 12 31 43 60 67
4 15 34 46 63 70
7 18 37 49 66 73
10 21 40 52 69 76
13 24 43 55 72 79
7 14 16 34 48 65
10 17 19 37 51 68
13 20 22 40 54 71
16 23 25 43 57 74
19 26 28 46 60 77
22 29 31 49 63 80
25 32 34 52 66 83
28 35 37 55 69 86
31 38 40 58 72 89
34 41 43 61 75 92
37 44 46 64 78 95
40 47 49 67 81 98
2 43 50 52 70 84
5 46 53 55 73 87
8 49 56 58 76 90
11 52 59 61 79 93
14 55 62 64 82 96
0 17 58 65 67 85
3 20 61 68 70 88
6 23 64 71 73 91
9 26 67 74 76 94
12 29 70 77 79 97
1 15 32 73 80 82
4 18 35 76 83 85
7 21 38 79 86 88
10 24 41 82 89 91
13 27 44 85 92 94
16 30 47 88 95 97
1 19 33 50 91 98
2 4 22 36 53 94
5 7 25 39 56 97
1 8 10 28 42 59
4 11 13 31 45 62
9 33 41 56 73 81
12 36 44 59 76 84
15 39 47 62 79 87
18 42 50 65 82 90
21 45 53 68 85 93
24 48 56 71 88 96
0 27 51 59 74 91
3 30 54 62 77 94
6 33 57 65 80 97
1 9 36 60 68 83
4 12 39 63 71 86
7 15 42 66 74 89
10 18 45 69 77 92
13 21 48 72 80 95
16 24 51 75 83 98
2 19 27 54 78 86
5 22 30 57 81 89
8 25 33 60 84 92
11 28 36 63 87 95
14 31 39 66 90 98
2 17 34 42 69 93
5 20 37 45 72 96
0 8 23 40 48 75
3 11 26 43 51 78
6 14 29 46 54 81
9 17 32 49 57 84
12 20 35 52 60 87
15 23 38 55 63 90
18 26 41 58 66 93
21 29 44 61 69 96
0 24 32 47 64 72
3 27 35 50 67 75
6 30 38 53 70 78
8 11 24 43 63 65
11 14 27 46 66 68
14 17 30 49 69 71
17 20 33 52 72 74
20 23 36 55 75 77
23 26 39 58 78 80
26 29 42 61 81 83
29 32 45 64 84 86
32 35 48 67 87 89
35 38 51 70 90 92
38 41 54 73 93 95
41 44 57 76 96 98
0 2 44 47 60 79
3 5 47 50 63 82
6 8 50 53 66 85
9 11 53 56 69 88
12 14 56 59 72 91
15 17 59 62 75 94
18 20 62 65 78 97
1 21 23 65 68 81
4 24 26 68 71 84
7 27 29 71 74 87
10 30 32 74 77 90
13 33 35 77 80 93
16 36 38 80 83 96
0 19 39 41 83 86
3 22 42 44 86 89
6 25 45 47 89 92
9 28 48 50 92 95
12 31 51 53 95 98
2 15 34 54 56 98
2 5 18 37 57 59
5 8 21 40 60 62
2 12 24 25 33 38
5 15 27 28 36 41
8 18 30 31 39 44
11 21 33 34 42 47
14 24 36 37 45 50
17 27 39 40 48 53
20 30 42 43 51 56
23 33 45 46 54 59
26 36 48 49 57 62
29 39 51 52 60 65
32 42 54 55 63 68
35 45 57 58 66 71
38 48 60 61 69 74
41 51 63 64 72 77
44 54 66 67 75 80
47 57 69 70 78 83
50 60 72 73 81 86
53 63 75 76 84 89
56 66 78 79 87 92
59 69 81 82 90 95
62 72 84 85 93 98
2 65 75 87 88 96
0 5 68 78 90 91
3 8 71 81 93 94
6 11 74 84 96 97
0 1 9 14 77 87
3 4 12 17 80 90
6 7 15 20 83 93
9 10 18 23 86 96
0 12 13 21 26 89
3 15 16 24 29 92
6 18 19 27 32 95
9 21 22 30 35 98
3 18 19 40 59 99
6 21 22 43 62 99
9 24 25 46 65 99
12 27 28 49 68 99
15 30 31 52 71 99
18 33 34 55 74 99
21 36 37 58 77 99
24 39 40 61 80 99
27 42 43 64 83 99
30 45 46 67 86 99
33 48 49 70 89 99
36 51 52 73 92 99
39 54 55 76 95 99
42 57 58 79 98 99
2 45 60 61 82 99
5 48 63 64 85 99
8 51 66 67 88 99
11 54 69 70 91 99
14 57 72 73 94 99
17 60 75 76 97 99
1 20 63 78 79 99
4 23 66 81 82 99
7 26 69 84 85 99
10 29 72 87 88 99
13 32 75 90 91 99
16 35 78 93 94 99
19 38 81 96 97 99
0 1 22 41 84 99
3 4 25 44 87 99
6 7 28 47 90 99
9 10 31 50 93 99
12 13 34 53 96 99
0 15 16 37 56 99
14 45 58 63 83 97
1 17 48 61 66 86
4 20 51 64 69 89
7 23 54 67 72 92
10 26 57 70 75 95
13 29 60 73 78 98
2 16 32 63 76 81
5 19 35 66 79 84
8 22 38 69 82 87
11 25 41 72 85 90
14 28 44 75 88 93
17 31 47 78 91 96
0 20 34 50 81 94
3 23 37 53 84 97
1 6 26 40 56 87
4 9 29 43 59 90
7 12 32 46 62 93
10 15 35 49 65 96
0 13 18 38 52 68
3 16 21 41 55 71
6 19 24 44 58 74
9 22 27 47 61 77
12 25 30 50 64 80
15 28 33 53 67 83
18 31 36 56 70 86
21 34 39 59 73 89
24 37 42 62 76 92
27 40 45 65 79 95
30 43 48 68 82 98
2 33 46 51 71 85
5 36 49 54 74 88
8 39 52 57 77 91
11 42 55 60 80 94
6 17 29 35 36 82
9 20 32 38 39 85
12 23 35 41 42 88
15 26 38 44 45 91
18 29 41 47 48 94
21 32 44 50 51 97
1 24 35 47 53 54
4 27 38 50 56 57
7 30 41 53 59 60
10 33 44 56 62 63
13 36 47 59 65 66
16 39 50 62 68 69
19 42 53 65 71 72
22 45 56 68 74 75
25 48 59 71 77 78
28 51 62 74 80 81
31 54 65 77 83 84
34 57 68 80 86 87
37 60 71 83 89 90
40 63 74 86 92 93
43 66 77 89 95 96
0 46 69 80 92 98
2 3 49 72 83 95
5 6 52 75 86 98
2 8 9 55 78 89
5 11 12 58 81 92
8 14 15 61 84 95
11 17 18 64 87 98
2 14 20 21 67 90
5 17 23 24 70 93
8 20 26 27 73 96
0 11 23 29 30 76
3 14 26 32 33 79
0 10 16 20 25 66
3 13 19 23 28 69
6 16 22 26 31 72
9 19 25 29 34 75
12 22 28 32 37 78
15 25 31 35 40 81
18 28 34 38 43 84
21 31 37 41 46 87
24 34 40 44 49 90
27 37 43 47 52 93
30 40 46 50 55 96
0 33 43 49 53 58
3 36 46 52 56 61
6 39 49 55 59 64
9 42 52 58 62 67
12 45 55 61 65 70
15 48 58 64 68 73
18 51 61 67 71 76
21 54 64 70 74 79
24 57 67 73 77 82
27 60 70 76 80 85
30 63 73 79 83 88
33 66 76 82 86 91
36 69 79 85 89 94
39 72 82 88 92 97
1 42 75 85 91 95
4 45 78 88 94 98
2 7 48 81 91 97
1 5 10 51 84 94
4 8 13 54 87 97
1 7 11 16 57 90
4 10 14 19 60 93
7 13 17 22 63 96
