9 20 28 34 41 59 61
13 24 32 38 45 63 65
17 28 36 42 49 67 69
21 32 40 46 53 71 73
25 36 44 50 57 75 77
29 40 48 54 61 79 81
33 44 52 58 65 83 85
37 48 56 62 69 87 89
41 52 60 66 73 91 93
45 56 64 70 77 95 97
1 49 60 68 74 81 99
3 5 53 64 72 78 85
7 9 57 68 76 82 89
11 13 61 72 80 86 93
15 17 65 76 84 90 97
1 19 21 69 80 88 94
5 23 25 73 84 92 98
2 9 27 29 77 88 96
0 6 13 31 33 81 92
4 10 17 35 37 85 96
0 8 14 21 39 41 89
4 12 18 25 43 45 93
8 16 22 29 47 49 97
1 12 20 26 33 51 53
5 16 24 30 37 55 57
13 19 33 43 48 55 71
17 23 37 47 52 59 75
21 27 41 51 56 63 79
25 31 45 55 60 67 83
29 35 49 59 64 71 87
33 39 53 63 68 75 91
37 43 57 67 72 79 95
41 47 61 71 76 83 99
3 45 51 65 75 80 87
7 49 55 69 79 84 91
11 53 59 73 83 88 95
15 57 63 77 87 92 99
3 19 61 67 81 91 96
0 7 23 65 71 85 95
4 11 27 69 75 89 99
3 8 15 31 73 79 93
7 12 19 35 77 83 97
1 11 16 23 39 81 87
5 15 20 27 43 85 91
9 19 24 31 47 89 95
13 23 28 35 51 93 99
3 17 27 32 39 55 97
1 7 21 31 36 43 59
5 11 25 35 40 47 63
9 15 29 39 44 51 67
5 8 19 26 44 48 75
9 12 23 30 48 52 79
13 16 27 34 52 56 83
17 20 31 38 56 60 87
21 24 35 42 60 64 91
25 28 39 46 64 68 95
29 32 43 50 68 72 99
3 33 36 47 54 72 76
7 37 40 51 58 76 80
11 41 44 55 62 80 84
15 45 48 59 66 84 88
19 49 52 63 70 88 92
23 53 56 67 74 92 96
0 27 57 60 71 78 96
0 4 31 61 64 75 82
4 8 35 65 68 79 86
8 12 39 69 72 83 90
12 16 43 73 76 87 94
16 20 47 77 80 91 98
2 20 24 51 81 84 95
6 24 28 55 85 88 99
3 10 28 32 59 89 92
7 14 32 36 63 93 96
0 11 18 36 40 67 97
1 4 15 22 40 44 71
35 41 43 54 65 69 81
39 45 47 58 69 73 85
43 49 51 62 73 77 89
47 53 55 66 77 81 93
51 57 59 70 81 85 97
1 55 61 63 74 85 89
5 59 65 67 78 89 93
9 63 69 71 82 93 97
1 13 67 73 75 86 97
1 5 17 71 77 79 90
5 9 21 75 81 83 94
9 13 25 79 85 87 98
2 13 17 29 83 89 91
6 17 21 33 87 93 95
10 21 25 37 91 97 99
1 3 14 25 29 41 95
5 7 18 29 33 45 99
3 9 11 22 33 37 49
7 13 15 26 37 41 53
11 17 19 30 41 45 57
15 21 23 34 45 49 61
19 25 27 38 49 53 65
23 29 31 42 53 57 69
27 33 35 46 57 61 73
31 37 39 50 61 65 77
11 28 47 48 60 65 92
15 32 51 52 64 69 96
0 19 36 55 56 68 73
4 23 40 59 60 72 77
8 27 44 63 64 76 81
12 31 48 67 68 80 85
16 35 52 71 72 84 89
20 39 56 75 76 88 93
24 43 60 79 80 92 97
1 28 47 64 83 84 96
0 5 32 51 68 87 88
4 9 36 55 72 91 92
8 13 40 59 76 95 96
0 12 17 44 63 80 99
3 4 16 21 48 67 84
7 8 20 25 52 71 88
11 12 24 29 56 75 92
15 16 28 33 60 79 96
0 19 20 32 37 64 83
4 23 24 36 41 68 87
8 27 28 40 45 72 91
12 31 32 44 49 76 95
16 35 36 48 53 80 99
3 20 39 40 52 57 84
7 24 43 44 56 61 88
46 57 59 63 83 86 98
2 50 61 63 67 87 90
6 54 65 67 71 91 94
10 58 69 71 75 95 98
2 14 62 73 75 79 99
3 6 18 66 77 79 83
7 10 22 70 81 83 87
11 14 26 74 85 87 91
15 18 30 78 89 91 95
19 22 34 82 93 95 99
3 23 26 38 86 97 99
1 3 7 27 30 42 90
5 7 11 31 34 46 94
9 11 15 35 38 50 98
2 13 15 19 39 42 54
6 17 19 23 43 46 58
10 21 23 27 47 50 62
14 25 27 31 51 54 66
18 29 31 35 55 58 70
22 33 35 39 59 62 74
26 37 39 43 63 66 78
30 41 43 47 67 70 82
34 45 47 51 71 74 86
38 49 51 55 75 78 90
42 53 55 59 79 82 94
26 28 29 45 57 80 94
30 32 33 49 61 84 98
2 34 36 37 53 65 88
6 38 40 41 57 69 92
10 42 44 45 61 73 96
0 14 46 48 49 65 77
4 18 50 52 53 69 81
8 22 54 56 57 73 85
12 26 58 60 61 77 89
16 30 62 64 65 81 93
20 34 66 68 69 85 97
1 24 38 70 72 73 89
5 28 42 74 76 77 93
9 32 46 78 80 81 97
1 13 36 50 82 84 85
5 17 40 54 86 88 89
9 21 44 58 90 92 93
13 25 48 62 94 96 97
0 1 17 29 52 66 98
2 4 5 21 33 56 70
6 8 9 25 37 60 74
10 12 13 29 41 64 78
14 16 17 33 45 68 82
18 20 21 37 49 72 86
22 24 25 41 53 76 90
1 8 37 45 46 54 92
5 12 41 49 50 58 96
0 9 16 45 53 54 62
4 13 20 49 57 58 66
8 17 24 53 61 62 70
12 21 28 57 65 66 74
16 25 32 61 69 70 78
20 29 36 65 73 74 82
24 33 40 69 77 78 86
28 37 44 73 81 82 90
32 41 48 77 85 86 94
36 45 52 81 89 90 98
2 40 49 56 85 93 94
6 44 53 60 89 97 98
1 2 10 48 57 64 93
5 6 14 52 61 68 97
1 9 10 18 56 65 72
5 13 14 22 60 69 76
9 17 18 26 64 73 80
13 21 22 30 68 77 84
17 25 26 34 72 81 88
21 29 30 38 76 85 92
25 33 34 42 80 89 96
0 29 37 38 46 84 93
4 33 41 42 50 88 97
11 21 52 54 77 78 82
15 25 56 58 81 82 86
19 29 60 62 85 86 90
23 33 64 66 89 90 94
27 37 68 70 93 94 98
2 31 41 72 74 97 98
1 2 6 35 45 76 78
5 6 10 39 49 80 82
9 10 14 43 53 84 86
13 14 18 47 57 88 90
17 18 22 51 61 92 94
21 22 26 55 65 96 98
0 2 25 26 30 59 69
4 6 29 30 34 63 73
8 10 33 34 38 67 77
12 14 37 38 42 71 81
16 18 41 42 46 75 85
20 22 45 46 50 79 89
24 26 49 50 54 83 93
28 30 53 54 58 87 97
1 32 34 57 58 62 91
5 36 38 61 62 66 95
9 40 42 65 66 70 99
3 13 44 46 69 70 74
7 17 48 50 73 74 78
4 7 38 39 47 60 94
8 11 42 43 51 64 98
2 12 15 46 47 55 68
6 16 19 50 51 59 72
10 20 23 54 55 63 76
14 24 27 58 59 67 80
18 28 31 62 63 71 84
22 32 35 66 67 75 88
26 36 39 70 71 79 92
30 40 43 74 75 83 96
0 34 44 47 78 79 87
4 38 48 51 82 83 91
8 42 52 55 86 87 95
12 46 56 59 90 91 99
3 16 50 60 63 94 95
7 20 54 64 67 98 99
2 3 11 24 58 68 71
6 7 15 28 62 72 75
10 11 19 32 66 76 79
14 15 23 36 70 80 83
18 19 27 40 74 84 87
22 23 31 44 78 88 91
26 27 35 48 82 92 95
30 31 39 52 86 96 99
0 3 34 35 43 56 90
14 34 40 50 55 64 92
18 38 44 54 59 68 96
0 22 42 48 58 63 72
4 26 46 52 62 67 76
8 30 50 56 66 71 80
12 34 54 60 70 75 84
16 38 58 64 74 79 88
20 42 62 68 78 83 92
24 46 66 72 82 87 96
0 28 50 70 76 86 91
4 32 54 74 80 90 95
8 36 58 78 84 94 99
3 12 40 62 82 88 98
2 7 16 44 66 86 92
6 11 20 48 70 90 96
0 10 15 24 52 74 94
4 14 19 28 56 78 98
2 8 18 23 32 60 82
6 12 22 27 36 64 86
10 16 26 31 40 68 90
14 20 30 35 44 72 94
18 24 34 39 48 76 98
2 22 28 38 43 52 80
6 26 32 42 47 56 84
10 30 36 46 51 60 88
