0 53 82 91 94
1 54 83 92 95
2 55 84 93 96
3 56 85 94 97
4 57 86 95 98
0 5 58 87 96
1 6 59 88 97
2 7 60 89 98
0 3 8 61 90
1 4 9 62 91
2 5 10 63 92
3 6 11 64 93
4 7 12 65 94
5 8 13 66 95
6 9 14 67 96
7 10 15 68 97
8 11 16 69 98
0 9 12 17 70
1 10 13 18 71
2 11 14 19 72
3 12 15 20 73
4 13 16 21 74
5 14 17 22 75
6 15 18 23 76
7 16 19 24 77
8 17 20 25 78
9 18 21 26 79
10 19 22 27 80
11 20 23 28 81
12 21 24 29 82
13 22 25 30 83
14 23 26 31 84
15 24 27 32 85
16 25 28 33 86
17 26 29 34 87
18 27 30 35 88
19 28 31 36 89
20 29 32 37 90
21 30 33 38 91
22 31 34 39 92
23 32 35 40 93
24 33 36 41 94
25 34 37 42 95
26 35 38 43 96
27 36 39 44 97
28 37 40 45 98
0 29 38 41 46
1 30 39 42 47
2 31 40 43 48
3 32 41 44 49
4 33 42 45 50
5 34 43 46 51
6 35 44 47 52
7 36 45 48 53
8 37 46 49 54
9 38 47 50 55
10 39 48 51 56
11 40 49 52 57
12 41 50 53 58
13 42 51 54 59
14 43 52 55 60
15 44 53 56 61
16 45 54 57 62
17 46 55 58 63
18 47 56 59 64
19 48 57 60 65
20 49 58 61 66
21 50 59 62 67
22 51 60 63 68
23 52 61 64 69
24 53 62 65 70
25 54 63 66 71
26 55 64 67 72
27 56 65 68 73
28 57 66 69 74
29 58 67 70 75
30 59 68 71 76
31 60 69 72 77
32 61 70 73 78
33 62 71 74 79
34 63 72 75 80
35 64 73 76 81
36 65 74 77 82
37 66 75 78 83
38 67 76 79 84
39 68 77 80 85
40 69 78 81 86
41 70 79 82 87
42 71 80 83 88
43 72 81 84 89
44 73 82 85 90
45 74 83 86 91
46 75 84 87 92
47 76 85 88 93
48 77 86 89 94
49 78 87 90 95
50 79 88 91 96
51 80 89 92 97
52 81 90 93 98
2 18 51 53 78
3 19 52 54 79
4 20 53 55 80
5 21 54 56 81
6 22 55 57 82
7 23 56 58 83
8 24 57 59 84
9 25 58 60 85
10 26 59 61 86
11 27 60 62 87
12 28 61 63 88
13 29 62 64 89
14 30 63 65 90
15 31 64 66 91
16 32 65 67 92
17 33 66 68 93
18 34 67 69 94
19 35 68 70 95
20 36 69 71 96
21 37 70 72 97
22 38 71 73 98
0 23 39 72 74
1 24 40 73 75
2 25 41 74 76
3 26 42 75 77
4 27 43 76 78
5 28 44 77 79
6 29 45 78 80
7 30 46 79 81
8 31 47 80 82
9 32 48 81 83
10 33 49 82 84
11 34 50 83 85
12 35 51 84 86
13 36 52 85 87
14 37 53 86 88
15 38 54 87 89
16 39 55 88 90
17 40 56 89 91
18 41 57 90 92
19 42 58 91 93
20 43 59 92 94
21 44 60 93 95
22 45 61 94 96
23 46 62 95 97
24 47 63 96 98
0 25 48 64 97
1 26 49 65 98
0 2 27 50 66
1 3 28 51 67
2 4 29 52 68
3 5 30 53 69
4 6 31 54 70
5 7 32 55 71
6 8 33 56 72
7 9 34 57 73
8 10 35 58 74
9 11 36 59 75
10 12 37 60 76
11 13 38 61 77
12 14 39 62 78
13 15 40 63 79
14 16 41 64 80
15 17 42 65 81
16 18 43 66 82
17 19 44 67 83
18 20 45 68 84
19 21 46 69 85
20 22 47 70 86
21 23 48 71 87
22 24 49 72 88
23 25 50 73 89
24 26 51 74 90
25 27 52 75 91
26 28 53 76 92
27 29 54 77 93
28 30 55 78 94
29 31 56 79 95
30 32 57 80 96
31 33 58 81 97
32 34 59 82 98
0 33 35 60 83
1 34 36 61 84
2 35 37 62 85
3 36 38 63 86
4 37 39 64 87
5 38 40 65 88
6 39 41 66 89
7 40 42 67 90
8 41 43 68 91
9 42 44 69 92
10 43 45 70 93
11 44 46 71 94
12 45 47 72 95
13 46 48 73 96
14 47 49 74 97
15 48 50 75 98
0 16 49 51 76
1 17 50 52 77
21 42 66 84 98
0 22 43 67 85
1 23 44 68 86
2 24 45 69 87
3 25 46 70 88
4 26 47 71 89
5 27 48 72 90
6 28 49 73 91
7 29 50 74 92
8 30 51 75 93
9 31 52 76 94
10 32 53 77 95
11 33 54 78 96
12 34 55 79 97
13 35 56 80 98
0 14 36 57 81
1 15 37 58 82
2 16 38 59 83
3 17 39 60 84
4 18 40 61 85
5 19 41 62 86
6 20 42 63 87
7 21 43 64 88
8 22 44 65 89
9 23 45 66 90
10 24 46 67 91
11 25 47 68 92
12 26 48 69 93
13 27 49 70 94
14 28 50 71 95
15 29 51 72 96
16 30 52 73 97
17 31 53 74 98
0 18 32 54 75
1 19 33 55 76
2 20 34 56 77
3 21 35 57 78
4 22 36 58 79
5 23 37 59 80
6 24 38 60 81
7 25 39 61 82
8 26 40 62 83
9 27 41 63 84
10 28 42 64 85
11 29 43 65 86
12 30 44 66 87
13 31 45 67 88
14 32 46 68 89
15 33 47 69 90
16 34 48 70 91
17 35 49 71 92
18 36 50 72 93
19 37 51 73 94
20 38 52 74 95
21 39 53 75 96
22 40 54 76 97
23 41 55 77 98
0 24 42 56 78
1 25 43 57 79
2 26 44 58 80
3 27 45 59 81
4 28 46 60 82
5 29 47 61 83
6 30 48 62 84
7 31 49 63 85
8 32 50 64 86
9 33 51 65 87
10 34 52 66 88
11 35 53 67 89
12 36 54 68 90
13 37 55 69 91
14 38 56 70 92
15 39 57 71 93
16 40 58 72 94
17 41 59 73 95
18 42 60 74 96
19 43 61 75 97
20 44 62 76 98
0 21 45 63 77
1 22 46 64 78
2 23 47 65 79
3 24 48 66 80
4 25 49 67 81
5 26 50 68 82
6 27 51 69 83
7 28 52 70 84
8 29 53 71 85
9 30 54 72 86
10 31 55 73 87
11 32 56 74 88
12 33 57 75 89
13 34 58 76 90
14 35 59 77 91
15 36 60 78 92
16 37 61 79 93
17 38 62 80 94
18 39 63 81 95
19 40 64 82 96
20 41 65 83 97
10 23 54 57 94
11 24 55 58 95
12 25 56 59 96
13 26 57 60 97
14 27 58 61 98
0 15 28 59 62
1 16 29 60 63
2 17 30 61 64
3 18 31 62 65
4 19 32 63 66
5 20 33 64 67
6 21 34 65 68
7 22 35 66 69
8 23 36 67 70
9 24 37 68 71
10 25 38 69 72
11 26 39 70 73
12 27 40 71 74
13 28 41 72 75
14 29 42 73 76
15 30 43 74 77
16 31 44 75 78
17 32 45 76 79
18 33 46 77 80
19 34 47 78 81
20 35 48 79 82
21 36 49 80 83
22 37 50 81 84
23 38 51 82 85
24 39 52 83 86
25 40 53 84 87
26 41 54 85 88
27 42 55 86 89
28 43 56 87 90
29 44 57 88 91
30 45 58 89 92
31 46 59 90 93
32 47 60 91 94
33 48 61 92 95
34 49 62 93 96
35 50 63 94 97
36 51 64 95 98
0 37 52 65 96
1 38 53 66 97
2 39 54 67 98
0 3 40 55 68
1 4 41 56 69
2 5 42 57 70
3 6 43 58 71
4 7 44 59 72
5 8 45 60 73
6 9 46 61 74
7 10 47 62 75
8 11 48 63 76
9 12 49 64 77
10 13 50 65 78
11 14 51 66 79
12 15 52 67 80
13 16 53 68 81
14 17 54 69 82
15 18 55 70 83
16 19 56 71 84
17 20 57 72 85
18 21 58 73 86
19 22 59 74 87
20 23 60 75 88
21 24 61 76 89
22 25 62 77 90
23 26 63 78 91
24 27 64 79 92
25 28 65 80 93
26 29 66 81 94
27 30 67 82 95
28 31 68 83 96
29 32 69 84 97
30 33 70 85 98
0 31 34 71 86
1 32 35 72 87
2 33 36 73 88
3 34 37 74 89
4 35 38 75 90
5 36 39 76 91
6 37 40 77 92
7 38 41 78 93
8 39 42 79 94
9 40 43 80 95
10 41 44 81 96
11 42 45 82 97
12 43 46 83 98
0 13 44 47 84
1 14 45 48 85
2 15 46 49 86
3 16 47 50 87
4 17 48 51 88
5 18 49 52 89
6 19 50 53 90
7 20 51 54 91
8 21 52 55 92
9 22 53 56 93
8 77 81 87 88
9 78 82 88 89
10 79 83 89 90
11 80 84 90 91
12 81 85 91 92
13 82 86 92 93
14 83 87 93 94
15 84 88 94 95
16 85 89 95 96
17 86 90 96 97
18 87 91 97 98
0 19 88 92 98
0 1 20 89 93
1 2 21 90 94
2 3 22 91 95
3 4 23 92 96
4 5 24 93 97
5 6 25 94 98
0 6 7 26 95
1 7 8 27 96
2 8 9 28 97
3 9 10 29 98
0 4 10 11 30
1 5 11 12 31
2 6 12 13 32
3 7 13 14 33
4 8 14 15 34
5 9 15 16 35
6 10 16 17 36
7 11 17 18 37
8 12 18 19 38
9 13 19 20 39
10 14 20 21 40
11 15 21 22 41
12 16 22 23 42
13 17 23 24 43
14 18 24 25 44
15 19 25 26 45
16 20 26 27 46
17 21 27 28 47
18 22 28 29 48
19 23 29 30 49
20 24 30 31 50
21 25 31 32 51
22 26 32 33 52
23 27 33 34 53
24 28 34 35 54
25 29 35 36 55
26 30 36 37 56
27 31 37 38 57
28 32 38 39 58
29 33 39 40 59
30 34 40 41 60
31 35 41 42 61
32 36 42 43 62
33 37 43 44 63
34 38 44 45 64
35 39 45 46 65
36 40 46 47 66
37 41 47 48 67
38 42 48 49 68
39 43 49 50 69
40 44 50 51 70
41 45 51 52 71
42 46 52 53 72
43 47 53 54 73
44 48 54 55 74
45 49 55 56 75
46 50 56 57 76
47 51 57 58 77
48 52 58 59 78
49 53 59 60 79
50 54 60 61 80
51 55 61 62 81
52 56 62 63 82
53 57 63 64 83
54 58 64 65 84
55 59 65 66 85
56 60 66 67 86
57 61 67 68 87
58 62 68 69 88
59 63 69 70 89
60 64 70 71 90
61 65 71 72 91
62 66 72 73 92
63 67 73 74 93
64 68 74 75 94
65 69 75 76 95
66 70 76 77 96
67 71 77 78 97
68 72 78 79 98
0 69 73 79 80
1 70 74 80 81
2 71 75 81 82
3 72 76 82 83
4 73 77 83 84
5 74 78 84 85
6 75 79 85 86
7 76 80 86 87
15 19 24 73 99
23 25 65 75 99
6 48 54 64 99
14 34 57 65 86
28 39 49 53 99
9 16 21 43 99
26 34 76 84 99
20 42 63 69 99
11 30 59 61 99
40 44 77 98 99
11 37 50 80 99
46 57 66 93 99
45 58 60 81 99
1 38 83 95 99
18 41 56 74 99
4 39 52 70 78
0 37 51 94 99
7 24 47 86 99
62 67 71 97 99
17 36 65 85 99
27 57 70 87 99
4 33 50 96 99
69 78 84 91 99
14 22 62 82 99
2 3 68 90 99
47 63 79 88 99
8 10 29 35 99
12 55 72 89 99
27 31 32 92 99
5 13 52 75 99
