1 4 16
2 5 17
3 6 18
0 4 7
1 5 8
2 6 9
3 7 10
4 8 11
5 9 12
6 10 13
7 11 14
8 12 15
9 13 16
10 14 17
11 15 18
0 12 16
1 13 17
2 14 18
0 3 15
7 15 17
8 16 18
0 9 17
1 10 18
0 2 11
1 3 12
2 4 13
3 5 14
4 6 15
5 7 16
6 8 17
7 9 18
0 8 10
1 9 11
2 10 12
3 11 13
4 12 14
5 13 15
6 14 16
10 15 16
11 16 17
12 17 18
0 13 18
0 1 14
1 2 15
2 3 16
3 4 17
4 5 18
0 5 6
1 6 7
2 7 8
3 8 9
4 9 10
5 10 11
6 11 12
7 12 13
8 13 14
9 14 15
5 18 19
15 17 19
6 16 19
0 9 19
7 12 19
1 14 19
8 10 19
2 11 19
4 13 19
3 11 19
