10 16 20
0 11 17
1 12 18
2 13 19
3 14 20
0 4 15
1 5 16
2 6 17
3 7 18
4 8 19
5 9 20
0 6 10
1 7 11
2 8 12
3 9 13
4 10 14
5 11 15
6 12 16
7 13 17
8 14 18
9 15 19
1 14 19
2 15 20
0 3 16
1 4 17
2 5 18
3 6 19
4 7 20
0 5 8
1 6 9
2 7 10
3 8 11
4 9 12
5 10 13
6 11 14
7 12 15
8 13 16
9 14 17
10 15 18
11 16 19
12 17 20
0 13 18
3 10 12
4 11 13
5 12 14
6 13 15
7 14 16
8 15 17
9 16 18
10 17 19
11 18 20
0 12 19
1 13 20
0 2 14
1 3 15
2 4 16
3 5 17
4 6 18
5 7 19
6 8 20
0 7 9
1 8 10
2 9 11
13 14 21
11 12 13
15 17 18
9 12 21
16 17 21
14 15 16
6 7 21
7 8 21
1 2 3
10 11 21
2 5 21
8 9 10
3 4 21
15 20 21
0 19 20
18 19 21
4 5 6
0 1 21
