3 6 14
5 8 16
7 10 18
9 12 20
0 11 14
2 13 16
4 15 18
6 17 20
0 8 19
2 10 21
1 4 12
8 17 22
10 19 22
12 21 22
1 14 22
3 16 22
5 18 22
7 20 22
0 9 22
2 11 22
4 13 22
6 15 22
3 11 15
5 13 17
7 15 19
9 17 21
1 11 19
3 13 21
1 5 15
3 7 17
5 9 19
7 11 21
1 9 13
3 9 10
5 11 12
7 13 14
9 15 16
11 17 18
13 19 20
0 15 21
1 2 17
3 4 19
5 6 21
1 7 8
4 16 21
1 6 18
3 8 20
0 5 10
2 7 12
4 9 14
6 11 16
8 13 18
10 15 20
0 12 17
2 14 19
1 20 21
0 1 3
2 3 5
4 5 7
6 7 9
8 9 11
10 11 13
12 13 15
14 15 17
16 17 19
18 19 21
6 13 19
8 15 21
1 10 17
3 12 19
5 14 21
1 7 16
3 9 18
5 11 20
0 7 13
2 9 15
4 11 17
6 10 12
8 12 14
10 14 16
12 16 18
14 18 20
0 16 20
0 2 18
2 4 20
0 4 6
2 6 8
4 8 10
