0 12 22
1 13 23
0 2 14
1 3 15
2 4 16
3 5 17
4 6 18
5 7 19
6 8 20
7 9 21
8 10 22
9 11 23
0 10 12
1 11 13
2 12 14
3 13 15
4 14 16
5 15 17
6 16 18
7 17 19
8 18 20
9 19 21
10 20 22
11 21 23
1 6 12
2 7 13
3 8 14
4 9 15
5 10 16
6 11 17
7 12 18
8 13 19
9 14 20
10 15 21
11 16 22
12 17 23
0 13 18
1 14 19
2 15 20
3 16 21
4 17 22
5 18 23
0 6 19
1 7 20
2 8 21
3 9 22
4 10 23
0 5 11
0 8 17
1 9 18
2 10 19
3 11 20
4 12 21
5 13 22
6 14 23
0 7 15
1 8 16
2 9 17
3 10 18
4 11 19
5 12 20
6 13 21
7 14 22
8 15 23
0 9 16
1 10 17
2 11 18
3 12 19
4 13 20
5 14 21
6 15 22
7 16 23
4 7 8
5 8 9
6 9 10
7 10 11
8 11 12
9 12 13
10 13 14
11 14 15
12 15 16
13 16 17
14 17 18
15 18 19
16 19 20
17 20 21
18 21 22
19 22 23
0 20 23
0 1 21
1 2 22
2 3 23
0 3 4
1 4 5
2 5 6
3 6 7
