4 7 10 21
3 10 13 16
9 16 19 22
1 4 15 22
8 10 12 20
2 14 16 18
0 8 20 22
2 4 6 14
2 7 12 19
1 8 13 18
0 7 14 19
1 6 13 20
2 13 17 23
5 8 19 23
1 5 11 14
7 11 17 20
3 11 12 23
5 9 17 18
0 11 15 23
5 6 17 21
15 16 20 21
2 3 21 22
3 4 8 9
9 10 14 15
1 2 9 20
2 7 8 15
8 13 14 21
3 14 19 20
1 7 16 23
5 7 13 22
4 11 13 19
1 10 17 19
6 7 9 12
12 13 15 18
0 18 19 21
0 1 3 6
0 2 5 10
6 8 11 16
12 14 17 22
4 18 20 23
3 5 15 20
2 9 11 21
3 8 15 17
9 14 21 23
10 11 18 22
0 4 16 17
6 10 22 23
4 5 12 16
0 9 12 13
6 15 18 19
0 1 12 21
3 6 7 18
