0 4 19 22
2 5 9 24
4 7 10 14
9 12 15 19
14 17 20 24
18 19 20 21
0 1 23 24
3 4 5 6
8 9 10 11
13 14 15 16
5 13 21 23
1 3 10 18
6 8 15 23
3 11 13 20
0 8 16 18
1 2 11 22
2 6 7 16
7 11 12 21
1 12 16 17
6 17 21 22
1 8 14 21
1 6 13 19
6 11 18 24
4 11 16 23
3 9 16 21
2 3 14 19
7 8 19 24
4 12 13 24
4 9 17 18
9 14 22 23
0 2 10 21
1 5 7 15
6 10 12 20
0 11 15 17
5 16 20 22
3 5 8 17
8 10 13 22
2 13 15 18
7 18 20 23
0 3 12 23
5 10 17 23
3 10 15 22
2 8 15 20
0 7 13 20
0 5 12 18
3 7 22 24
2 4 8 12
7 9 13 17
12 14 18 22
2 17 19 23
10 16 19 24
4 15 21 24
1 4 9 20
0 6 9 14
5 11 14 19
