1 2 11
2 3 12
3 4 13
4 5 14
5 6 15
6 7 16
7 8 17
8 9 18
9 10 19
10 11 20
11 12 21
12 13 22
13 14 23
14 15 24
0 15 16
1 16 17
2 17 18
3 18 19
4 19 20
5 20 21
6 21 22
7 22 23
8 23 24
0 9 24
0 1 10
2 7 20
3 8 21
4 9 22
5 10 23
6 11 24
0 7 12
1 8 13
2 9 14
3 10 15
4 11 16
5 12 17
6 13 18
7 14 19
8 15 20
9 16 21
10 17 22
11 18 23
12 19 24
0 13 20
1 14 21
2 15 22
3 16 23
4 17 24
0 5 18
1 6 19
16 20 22
17 21 23
18 22 24
0 19 23
1 20 24
0 2 21
1 3 22
2 4 23
3 5 24
0 4 6
1 5 7
2 6 8
3 7 9
4 8 10
5 9 11
6 10 12
7 11 13
8 12 14
9 13 15
10 14 16
11 15 17
12 16 18
13 17 19
14 18 20
15 19 21
13 16 24
0 14 17
1 15 18
2 16 19
3 17 20
4 18 21
5 19 22
6 20 23
7 21 24
0 8 22
1 9 23
2 10 24
0 3 11
1 4 12
2 5 13
3 6 14
4 7 15
5 8 16
6 9 17
7 10 18
8 11 19
9 12 20
10 13 21
11 14 22
12 15 23
0 22 25
2 5 25
8 20 25
1 21 25
4 20 25
16 24 25
12 23 25
13 15 25
9 18 25
7 19 25
6 17 25
3 11 25
10 14 25
