9 16 18 25
1 11 18 20
3 13 20 22
5 15 22 24
0 7 17 24
0 2 9 19
2 4 11 21
4 6 13 23
6 8 15 25
1 8 10 17
3 10 12 19
5 12 14 21
7 14 16 23
0 4 10 25
1 2 6 12
3 4 8 14
5 6 10 16
7 8 12 18
9 10 14 20
11 12 16 22
13 14 18 24
0 15 16 20
2 17 18 22
4 19 20 24
0 6 21 22
2 8 23 24
9 12 15 23
11 14 17 25
1 13 16 19
3 15 18 21
5 17 20 23
7 19 22 25
1 9 21 24
0 3 11 23
2 5 13 25
1 4 7 15
3 6 9 17
5 8 11 19
7 10 13 21
8 16 20 21
10 18 22 23
12 20 24 25
0 1 14 22
2 3 16 24
0 4 5 18
2 6 7 20
4 8 9 22
6 10 11 24
0 8 12 13
2 10 14 15
4 12 16 17
6 14 18 19
4 13 15 17
1 3 5 7
15 17 19 21
5 9 11 13
7 9 11 15
1 3 23 25
19 21 23 25
