3 5 6 20 25
0 4 6 7 21
1 5 7 8 22
2 6 8 9 23
3 7 9 10 24
4 8 10 11 25
0 5 9 11 12
1 6 10 12 13
2 7 11 13 14
3 8 12 14 15
4 9 13 15 16
5 10 14 16 17
6 11 15 17 18
7 12 16 18 19
8 13 17 19 20
9 14 18 20 21
10 15 19 21 22
11 16 20 22 23
12 17 21 23 24
13 18 22 24 25
0 14 19 23 25
0 1 15 20 24
1 2 16 21 25
0 2 3 17 22
1 3 4 18 23
2 4 5 19 24
3 11 13 21 26
1 9 11 17 19
6 11 14 20 24
2 4 12 17 20
0 8 16 24 26
3 6 16 19 26
7 10 20 23 26
0 2 10 13 18
2 12 15 25 26
1 4 14 22 26
5 7 13 15 23
7 9 17 25 26
5 8 18 21 26
6 8 9 12 22
