9 19 22 25
1 12 22 25
1 4 15 25
1 4 7 18
4 7 10 21
7 10 13 24
0 10 13 16
3 13 16 19
6 16 19 22
0 9 12 17
3 12 15 20
6 15 18 23
9 18 21 26
2 12 21 24
0 5 15 24
0 3 8 18
3 6 11 21
6 9 14 24
11 18 19 24
0 14 21 22
3 17 24 25
0 1 6 20
3 4 9 23
6 7 12 26
2 9 10 15
5 12 13 18
8 15 16 21
1 8 9 13
4 11 12 16
7 14 15 19
10 17 18 22
13 20 21 25
1 16 23 24
0 4 19 26
2 3 7 22
5 6 10 25
2 20 24 26
0 2 5 23
3 5 8 26
2 6 8 11
5 9 11 14
8 12 14 17
11 15 17 20
14 18 20 23
17 21 23 26
1 2 17 19
4 5 20 22
7 8 23 25
1 10 11 26
2 4 13 14
5 7 16 17
8 10 19 20
11 13 22 23
14 16 25 26
0 7 11 25
1 3 10 14
4 6 13 17
7 9 16 20
10 12 19 23
13 15 22 26
2 16 18 25
1 5 19 21
4 8 22 24
