6 8 10 13 20
10 12 14 17 24
0 14 16 18 21
4 18 20 22 25
1 8 22 24 26
0 2 5 12 26
2 4 6 9 16
1 9 13 14 27
3 5 13 17 18
7 9 17 21 22
11 13 21 25 26
1 2 15 17 25
1 5 6 19 21
5 9 10 23 25
9 12 18 19 26
2 13 16 22 23
6 17 20 26 27
2 3 10 21 24
0 6 7 14 25
1 4 10 11 18
5 8 14 15 22
7 10 15 16 26
2 11 14 19 20
6 15 18 23 24
0 10 19 22 27
3 4 14 23 26
2 7 8 18 27
3 6 11 12 22
0 11 17 23 27
3 4 15 21 27
3 7 8 19 25
1 7 11 12 23
5 11 15 16 27
3 9 15 19 20
7 13 19 23 24
0 4 12 13 15
4 8 16 17 19
8 12 20 21 23
12 16 24 25 27
0 1 3 16 20
4 5 7 20 24
0 8 9 11 24
