13 14 16 26
2 16 17 19
5 19 20 22
8 22 23 25
1 11 25 26
1 2 4 14
4 5 7 17
7 8 10 20
10 11 13 23
0 1 6 19
3 4 9 22
6 7 12 25
1 9 10 15
4 12 13 18
7 15 16 21
10 18 19 24
0 13 21 22
3 16 24 25
7 14 19 23
10 17 22 26
2 13 20 25
1 5 16 23
4 8 19 26
2 7 11 22
5 10 14 25
1 8 13 17
4 11 16 20
0 7 26 27
2 3 10 27
5 6 13 27
8 9 16 27
11 12 19 27
14 15 22 27
17 18 25 27
1 20 21 27
4 23 24 27
5 15 18 26
2 8 18 21
5 11 21 24
0 8 14 24
0 3 11 17
3 6 14 20
6 9 17 23
9 12 20 26
2 12 15 23
9 11 14 18
12 14 17 21
15 17 20 24
0 18 20 23
3 21 23 26
2 6 24 26
0 2 5 9
3 5 8 12
6 8 11 15
0 10 12 16
3 13 15 19
6 16 18 22
9 19 21 25
1 12 22 24
0 4 15 25
1 3 7 18
4 6 10 21
7 9 13 24
