17 18 25
1 20 21
4 23 24
0 7 26
2 3 10
5 6 13
8 9 16
11 12 19
14 15 22
0 13 17
3 16 20
6 19 23
9 22 26
2 12 25
1 5 15
4 8 18
7 11 21
10 14 24
10 16 23
13 19 26
2 16 22
5 19 25
1 8 22
4 11 25
1 7 14
4 10 17
7 13 20
0 19 20
3 22 23
6 25 26
1 2 9
4 5 12
7 8 15
10 11 18
13 14 21
16 17 24
13 15 24
0 16 18
3 19 21
6 22 24
0 9 25
1 3 12
4 6 15
7 9 18
10 12 21
4 12 27
7 15 27
10 18 27
13 21 27
16 24 27
0 19 27
3 22 27
6 25 27
1 9 27
14 16 25
1 17 19
4 20 22
7 23 25
1 10 26
2 4 13
5 7 16
8 10 19
11 13 22
3 4 7
6 7 10
9 10 13
12 13 16
15 16 19
18 19 22
21 22 25
1 24 25
0 1 4
1 11 16
4 14 19
7 17 22
10 20 25
1 13 23
4 16 26
2 7 19
5 10 22
8 13 25
4 9 21
7 12 24
0 10 15
3 13 18
6 16 21
9 19 24
0 12 22
3 15 25
1 6 18
18 21 23
21 24 26
0 2 24
0 3 5
3 6 8
6 9 11
9 12 14
12 15 17
15 18 20
12 18 26
2 15 21
5 18 24
0 8 21
3 11 24
0 6 14
3 9 17
6 12 20
9 15 23
2 6 17
5 9 20
8 12 23
11 15 26
2 14 18
5 17 21
8 20 24
0 11 23
3 14 26
8 11 17
11 14 20
14 17 23
17 20 26
2 20 23
5 23 26
2 8 26
2 5 11
5 8 14
14 23 27
8 20 27
2 5 27
11 26 27
17 18 27
