0 4 5 8 17 26
2 4 8 9 12 21
6 8 12 13 16 25
1 10 12 16 17 20
5 14 16 20 21 24
0 9 18 20 24 25
0 1 4 13 22 24
7 13 17 20 26 28
2 11 17 21 24 28
0 6 15 21 25 28
1 4 10 19 25 28
1 5 8 14 23 28
5 9 12 18 27 28
3 9 13 16 22 28
9 15 17 22 23 27
3 13 19 21 26 27
2 3 7 17 23 25
1 6 7 11 21 27
3 5 10 11 15 25
1 7 9 14 15 19
5 11 13 18 19 23
3 4 6 14 17 18
7 8 10 18 21 22
11 12 14 22 25 26
1 2 15 16 18 26
2 5 6 19 20 22
6 9 10 23 24 26
0 2 10 13 14 27
8 15 17 19 24 27
0 3 12 19 21 23
4 7 16 23 25 27
1 3 8 11 20 27
3 5 7 12 15 24
0 7 9 11 16 19
4 11 13 15 20 23
