3 9 13 15
7 13 17 19
11 17 21 23
15 21 25 27
1 3 19 25
1 5 7 23
5 9 11 27
0 3 18 23
4 7 22 27
3 8 11 26
2 7 12 15
6 11 16 19
10 15 20 23
14 19 24 27
0 14 17 20
4 18 21 24
0 8 22 25
1 4 12 26
2 5 8 16
6 9 12 20
10 13 16 24
0 7 11 28
4 11 15 28
8 15 19 28
12 19 23 28
16 23 27 28
3 20 27 28
3 7 24 28
5 12 22 28
9 16 26 28
2 13 20 28
6 17 24 28
0 10 21 28
4 14 25 28
1 8 18 28
0 7 15 16
4 11 19 20
8 15 23 24
0 12 19 27
3 4 16 23
7 8 20 27
3 11 12 24
2 3 14 22
6 7 18 26
2 10 11 22
6 14 15 26
2 10 18 19
6 14 22 23
10 18 26 27
0 1 9 24
0 4 5 13
4 8 9 17
8 12 13 21
12 16 17 25
1 16 20 21
5 20 24 25
5 15 17 18
9 19 21 22
13 23 25 26
1 2 17 27
3 5 6 21
7 9 10 25
1 11 13 14
7 14 16 21
11 18 20 25
1 15 22 24
0 5 19 26
2 4 9 23
6 8 13 27
3 10 12 17
13 16 18 22
17 20 22 26
2 21 24 26
0 2 6 25
1 4 6 10
5 8 10 14
9 12 14 18
