3 8 10 13 18 23 24
1 4 6 12 19 23 25
1 2 4 7 10 14 24
0 2 6 8 11 18 19
2 8 14 17 21 25 28
7 18 19 22 23 27 28
4 11 12 13 18 21 22
3 12 14 15 18 20 26
5 11 14 17 19 24 27
0 4 7 8 17 20 26
5 6 7 10 15 18 21
0 7 12 13 16 24 28
2 3 15 16 17 19 22
3 7 9 11 13 14 25
1 3 5 8 12 22 28
3 4 6 16 20 27 28
0 1 3 9 19 21 26
5 9 10 13 19 20 28
0 4 5 9 14 15 23
2 5 13 16 25 26 27
2 10 11 12 17 23 26
4 11 15 24 25 26 28
6 8 10 14 16 22 26
8 9 12 15 21 24 27
2 6 9 20 22 23 24
0 1 6 13 15 17 27
1 7 9 16 17 18 25
1 5 11 16 20 21 23
0 10 20 21 22 25 27
