2 21 27
3 6 25
1 7 10
5 11 14
9 15 18
13 19 22
17 23 26
2 11 17
6 15 21
10 19 25
1 14 23
5 18 27
3 9 22
7 13 26
6 20 28
10 24 28
0 14 28
4 18 28
8 22 28
12 26 28
2 16 28
7 12 24
0 11 16
4 15 20
8 19 24
0 12 23
4 16 27
3 8 20
1 11 28
5 15 28
9 19 28
13 23 28
17 27 28
3 21 28
7 25 28
4 7 11
8 11 15
12 15 19
16 19 23
20 23 27
3 24 27
0 3 7
6 8 13
10 12 17
14 16 21
18 20 25
1 22 24
0 5 26
2 4 9
7 14 15
11 18 19
15 22 23
19 26 27
2 3 23
6 7 27
3 10 11
0 13 15
4 17 19
8 21 23
12 25 27
1 3 16
5 7 20
9 11 24
0 1 20
4 5 24
0 8 9
4 12 13
8 16 17
12 20 21
16 24 25
4 10 14
8 14 18
12 18 22
16 22 26
2 20 26
2 6 24
0 6 10
1 15 27
3 5 19
7 9 23
11 13 27
3 15 17
7 19 21
11 23 25
11 20 22
15 24 26
0 2 19
4 6 23
8 10 27
3 12 14
7 16 18
10 21 22
14 25 26
1 2 18
5 6 22
9 10 26
2 13 14
6 17 18
14 22 27
3 18 26
2 7 22
6 11 26
2 10 15
6 14 19
10 18 23
7 14 17
11 18 21
15 22 25
1 19 26
2 5 23
6 9 27
3 10 13
4 21 26
2 8 25
1 6 12
5 10 16
9 14 20
13 18 24
0 17 22
0 4 25
1 4 8
5 8 12
9 12 16
13 16 20
17 20 24
0 21 24
1 5 13
5 9 17
9 13 21
13 17 25
1 17 21
5 21 25
1 9 25
14 23 24
0 18 27
3 4 22
7 8 26
2 11 12
6 15 16
10 19 20
