5 12 18 27 28
3 9 16 22 28
7 13 20 26 28
2 11 17 24 28
0 6 15 21 28
4 10 19 25 28
1 8 14 23 28
5 8 9 11 25
1 9 12 13 15
5 13 16 17 19
9 17 20 21 23
13 21 24 25 27
0 1 3 17 25
1 4 5 7 21
0 2 4 10 13
4 6 8 14 17
8 10 12 18 21
12 14 16 22 25
1 16 18 20 26
2 5 20 22 24
0 6 9 24 26
7 8 15 20 25
1 11 12 19 24
0 5 15 16 23
4 9 19 20 27
3 8 13 23 24
0 7 12 17 27
3 4 11 16 21
0 2 8 11 27
3 4 6 12 15
7 8 10 16 19
11 12 14 20 23
15 16 18 24 27
0 3 19 20 22
4 7 23 24 26
1 10 22 23 27
3 5 14 26 27
2 3 7 9 18
6 7 11 13 22
10 11 15 17 26
2 14 15 19 21
6 18 19 23 25
3 5 6 10 20
7 9 10 14 24
0 11 13 14 18
4 15 17 18 22
8 19 21 22 26
2 12 23 25 26
1 2 6 16 27
