16 23 26
18 25 28
0 20 27
2 22 29
1 4 24
3 6 26
5 8 28
0 7 10
2 9 12
4 11 14
6 13 16
8 15 18
10 17 20
12 19 22
14 21 24
6 24 29
1 8 26
3 10 28
0 5 12
2 7 14
4 9 16
6 11 18
8 13 20
10 15 22
12 17 24
14 19 26
16 21 28
0 18 23
2 20 25
4 22 27
0 24 25
2 26 27
4 28 29
0 1 6
2 3 8
4 5 10
6 7 12
8 9 14
10 11 16
12 13 18
14 15 20
16 17 22
18 19 24
20 21 26
22 23 28
12 16 19
14 18 21
16 20 23
18 22 25
20 24 27
22 26 29
1 24 28
0 3 26
2 5 28
0 4 7
2 6 9
4 8 11
6 10 13
8 12 15
10 14 17
1 7 21
3 9 23
5 11 25
7 13 27
9 15 29
1 11 17
3 13 19
5 15 21
7 17 23
9 19 25
11 21 27
13 23 29
1 15 25
3 17 27
5 19 29
6 15 28
0 8 17
2 10 19
4 12 21
6 14 23
8 16 25
10 18 27
12 20 29
1 14 22
3 16 24
5 18 26
7 20 28
0 9 22
2 11 24
4 13 26
2 13 15
4 15 17
6 17 19
8 19 21
10 21 23
12 23 25
14 25 27
16 27 29
1 18 29
1 3 20
3 5 22
5 7 24
7 9 26
9 11 28
0 11 13
4 19 20
6 21 22
8 23 24
10 25 26
12 27 28
0 14 29
1 2 16
3 4 18
5 6 20
7 8 22
9 10 24
11 12 26
13 14 28
0 15 16
2 17 18
17 26 28
0 19 28
0 2 21
2 4 23
4 6 25
6 8 27
8 10 29
1 10 12
3 12 14
5 14 16
7 16 18
9 18 20
11 20 22
13 22 24
15 24 26
3 7 15
5 9 17
7 11 19
9 13 21
11 15 23
13 17 25
15 19 27
17 21 29
1 19 23
3 21 25
5 23 27
7 25 29
1 9 27
3 11 29
1 5 13
