6 9 10 16 18
12 15 16 22 24
0 18 21 22 28
4 6 24 27 28
0 3 4 10 12
13 15 18 21 25
1 19 21 24 27
0 3 7 25 27
1 3 6 9 13
7 9 12 15 19
0 9 11 24 29
0 5 6 15 17
6 11 12 21 23
12 17 18 27 29
3 5 18 23 24
12 13 23 26 28
2 4 18 19 29
5 8 10 24 25
0 1 11 14 16
6 7 17 20 22
0 2 9 23 26
2 6 8 15 29
5 8 12 14 21
11 14 18 20 27
3 17 20 24 26
2 5 11 22 27
3 8 11 17 28
4 9 14 17 23
10 15 20 23 29
5 16 21 26 29
1 17 19 22 23
7 23 25 28 29
1 4 5 13 29
5 7 10 11 19
11 13 16 17 25
10 13 22 26 27
2 3 16 19 28
4 8 9 22 25
1 10 14 15 28
4 7 16 20 21
1 2 12 20 25
1 7 8 18 26
2 7 13 14 24
0 8 13 19 20
6 14 19 25 26
5 9 20 27 28
3 4 11 15 26
2 9 10 17 21
8 15 16 23 27
3 14 21 22 29
