2 3 6 7 9 16 25
4 5 8 9 11 18 27
6 7 10 11 13 20 29
1 8 9 12 13 15 22
3 10 11 14 15 17 24
5 12 13 16 17 19 26
7 14 15 18 19 21 28
0 9 16 17 20 21 23
2 11 18 19 22 23 25
4 13 20 21 24 25 27
6 15 22 23 26 27 29
1 8 17 24 25 28 29
0 1 3 10 19 26 27
2 3 5 12 21 28 29
0 1 4 5 7 14 23
3 4 6 13 17 18 28
0 5 6 8 15 19 20
2 7 8 10 17 21 22
4 9 10 12 19 23 24
6 11 12 14 21 25 26
8 13 14 16 23 27 28
0 10 15 16 18 25 29
1 2 12 17 18 20 27
3 4 14 19 20 22 29
1 5 6 16 21 22 24
3 7 8 18 23 24 26
5 9 10 20 25 26 28
0 7 11 12 22 27 28
0 2 9 13 14 24 29
1 2 4 11 15 16 26
