4 15 18 22 24 29
0 5 10 21 24 28
0 4 6 11 16 27
3 6 10 12 17 22
9 12 16 18 23 28
0 1 2 6 23 29
5 6 7 8 12 29
5 11 12 13 14 18
11 17 18 19 20 24
0 17 23 24 25 26
0 1 3 7 18 20
6 7 9 13 24 26
0 2 12 13 15 19
6 8 18 19 21 25
1 12 14 24 25 27
1 5 16 17 22 26
2 7 11 22 23 28
4 8 13 17 28 29
4 5 10 14 19 23
10 11 16 20 25 29
6 14 15 20 26 28
2 4 12 20 21 26
2 8 10 18 26 27
2 3 8 14 16 24
0 8 9 14 20 22
7 14 17 21 27 29
3 5 13 20 23 27
3 9 11 19 26 29
2 5 9 15 17 25
1 8 11 15 21 23
1 4 9 19 27 28
3 4 7 10 15 25
1 9 10 13 16 21
7 15 16 19 22 27
3 13 21 22 25 28
