3 5 22 29
5 9 11 28
4 11 15 17
10 17 21 23
16 23 27 29
3 13 14 28
4 9 19 20
10 15 25 26
1 2 16 21
7 8 22 27
11 18 23 24
0 17 24 29
0 5 6 23
6 11 12 29
5 12 17 18
2 10 19 22
8 16 25 28
1 4 14 22
7 10 20 28
4 13 16 26
0 1 7 17
6 7 13 23
12 13 19 29
5 18 19 25
1 11 24 25
13 14 24 27
0 3 19 20
6 9 25 26
1 2 12 15
7 8 18 21
2 3 4 23
8 9 10 29
5 14 15 16
11 20 21 22
17 26 27 28
14 20 23 25
1 20 26 29
2 5 7 26
2 8 11 13
8 14 17 19
1 3 6 8
7 9 12 14
13 15 18 20
19 21 24 26
0 2 25 27
3 7 15 24
0 9 13 21
6 15 19 27
3 12 21 25
1 9 18 27
0 4 8 15
6 10 14 21
12 16 20 27
3 18 22 26
2 9 24 28
2 14 18 29
5 8 20 24
0 11 14 26
2 6 17 20
8 12 23 26
4 10 12 24
0 10 16 18
6 16 22 24
0 12 22 28
4 6 18 28
1 5 10 13
7 11 16 19
13 17 22 25
1 19 23 28
4 7 25 29
3 10 11 27
3 9 16 17
9 15 22 23
15 21 28 29
4 5 21 27
