0 3 5 9 14 15 16 17
0 7 8 12 15 17 19 27
5 16 19 20 21 24 27 29
1 8 14 22 25 26 27 28
7 9 13 14 18 19 20 26
1 12 13 15 16 20 23 28
2 3 5 6 11 12 19 26
4 6 9 12 17 20 21 22
1 2 5 8 17 18 21 23
2 6 10 14 17 19 28 29
3 8 10 11 13 17 20 25
3 6 15 18 22 23 24 27
0 12 13 14 18 21 24 28
0 6 8 9 12 23 25 29
0 1 2 9 11 20 22 24
0 1 3 4 13 19 22 29
2 4 5 13 15 25 27 28
2 4 6 7 8 13 16 24
0 1 6 10 15 17 24 26
5 7 10 12 16 18 22 25
4 10 19 21 23 24 25 26
1 4 7 11 14 18 23 29
8 11 15 16 21 22 26 29
3 7 9 10 11 21 27 28
