3 5 8 15 16 19 22 30
6 13 20 22 23 25 28 30
0 7 11 12 15 19 24 25
1 2 10 13 15 16 23 26
0 8 10 11 13 27 29 30
4 11 16 17 19 23 27 29
2 3 4 11 12 13 18 28
1 12 16 20 24 28 29 30
3 4 9 10 15 20 25 29
0 1 6 9 11 14 16 22
2 6 7 8 14 19 28 29
7 10 16 17 18 21 25 28
5 11 13 14 19 20 21 26
3 6 18 21 22 24 26 29
0 2 5 7 18 20 22 27
1 2 9 17 18 19 21 30
6 9 10 12 19 24 26 27
4 5 10 12 14 17 22 30
2 4 5 6 13 17 24 25
0 3 6 7 17 23 26 30
0 4 6 9 15 21 27 28
8 14 15 17 18 20 23 24
1 4 7 8 9 13 22 26
1 3 5 14 25 26 27 28
5 8 9 12 21 23 25 29
