5 16 22 27
3 11 22 28
4 9 17 28
4 10 15 23
10 16 21 29
11 12 15 27
3 17 18 21
9 23 24 27
0 3 15 29
5 6 9 21
0 20 23 28
4 6 26 29
2 5 10 12
8 11 16 18
14 17 22 24
2 14 23 29
5 8 20 29
5 11 14 26
2 11 17 20
8 17 23 26
5 7 25 28
1 4 11 13
7 10 17 19
13 16 23 25
1 19 22 29
20 21 22 30
26 27 28 30
2 3 4 30
8 9 10 30
14 15 16 30
15 19 24 26
0 2 21 25
1 6 8 27
3 7 12 14
9 13 18 20
2 4 8 22
8 10 14 28
4 14 16 20
10 20 22 26
2 16 26 28
0 5 19 30
6 11 25 30
1 12 17 30
7 18 23 30
13 24 29 30
0 9 14 22
6 15 20 28
4 12 21 26
2 10 18 27
3 8 16 24
0 8 12 13
6 14 18 19
12 20 24 25
0 1 18 26
2 6 7 24
9 12 16 19
15 18 22 25
1 21 24 28
0 4 7 27
3 6 10 13
11 19 21 23
17 25 27 29
1 3 5 23
7 9 11 29
5 13 15 17
3 19 20 27
3 9 25 26
1 2 9 15
7 8 15 21
13 14 21 27
4 5 18 24
0 10 11 24
0 6 16 17
6 12 22 23
12 18 28 29
4 8 19 25
1 10 14 25
1 7 16 20
7 13 22 26
2 13 19 28
