0 3 5 11 12 17 21
1 4 6 12 13 18 22
2 5 7 13 14 19 23
3 6 8 14 15 20 24
4 7 9 15 16 21 25
5 8 10 16 17 22 26
6 9 11 17 18 23 27
7 10 12 18 19 24 28
8 11 13 19 20 25 29
9 12 14 20 21 26 30
0 10 13 15 21 22 27
1 11 14 16 22 23 28
2 12 15 17 23 24 29
3 13 16 18 24 25 30
0 4 14 17 19 25 26
1 5 15 18 20 26 27
2 6 16 19 21 27 28
3 7 17 20 22 28 29
4 8 18 21 23 29 30
0 5 9 19 22 24 30
0 1 6 10 20 23 25
1 2 7 11 21 24 26
2 3 8 12 22 25 27
3 4 9 13 23 26 28
4 5 10 14 24 27 29
5 6 11 15 25 28 30
0 6 7 12 16 26 29
1 7 8 13 17 27 30
0 2 8 9 14 18 28
1 3 9 10 15 19 29
2 4 10 11 16 20 30
