1 3 13 26 27
3 5 15 28 29
0 1 5 7 17
2 3 7 9 19
4 5 9 11 21
6 7 11 13 23
8 9 13 15 25
10 11 15 17 27
12 13 17 19 29
1 14 15 19 21
3 16 17 21 23
5 18 19 23 25
7 20 21 25 27
9 22 23 27 29
1 11 24 25 29
2 4 16 26 29
1 4 6 18 28
0 3 6 8 20
2 5 8 10 22
4 7 10 12 24
6 9 12 14 26
8 11 14 16 28
0 10 13 16 18
2 12 15 18 20
4 14 17 20 22
6 16 19 22 24
8 18 21 24 26
10 20 23 26 28
0 12 22 25 28
0 2 14 24 27
4 8 19 27 28
0 6 10 21 29
1 2 8 12 23
3 4 10 14 25
5 6 12 16 27
7 8 14 18 29
1 9 10 16 20
3 11 12 18 22
5 13 14 20 24
7 15 16 22 26
9 17 18 24 28
0 11 19 20 26
2 13 21 22 28
0 4 15 23 24
2 6 17 25 26
0 2 9 11 30
14 16 23 25 30
1 3 22 24 30
4 6 13 15 30
7 10 19 28 30
5 18 26 27 30
8 12 17 21 30
9 12 20 29 30
