3 17 18 25 28 30
0 4 18 19 26 29
1 5 19 20 27 30
0 2 6 20 21 28
1 3 7 21 22 29
2 4 8 22 23 30
0 3 5 9 23 24
1 4 6 10 24 25
2 5 7 11 25 26
3 6 8 12 26 27
4 7 9 13 27 28
5 8 10 14 28 29
6 9 11 15 29 30
0 7 10 12 16 30
0 1 8 11 13 17
1 2 9 12 14 18
2 3 10 13 15 19
3 4 11 14 16 20
4 5 12 15 17 21
5 6 13 16 18 22
6 7 14 17 19 23
7 8 15 18 20 24
8 9 16 19 21 25
9 10 17 20 22 26
10 11 18 21 23 27
11 12 19 22 24 28
12 13 20 23 25 29
13 14 21 24 26 30
0 14 15 22 25 27
1 15 16 23 26 28
2 16 17 24 27 29
3 4 27 28 29 31
1 19 24 26 30 31
0 15 18 22 23 31
5 8 12 13 21 31
7 8 9 10 11 31
2 17 20 23 25 31
2 3 6 14 16 31
