4 8 10 11 18 24 29
1 8 12 14 15 22 28
0 5 12 16 18 19 26
4 9 16 20 22 23 30
2 8 13 20 24 26 27
6 12 17 24 28 30 31
0 2 3 10 16 21 28
0 4 6 7 14 20 25
2 4 5 6 11 12 22
6 8 9 10 15 16 26
10 12 13 14 19 20 30
2 14 16 17 18 23 24
6 18 20 21 22 27 28
0 10 22 24 25 26 31
3 4 14 26 28 29 30
0 1 2 7 8 18 30
7 11 12 13 21 23 26
11 15 16 17 25 27 30
2 15 19 20 21 29 31
1 3 6 19 23 24 25
5 7 10 23 27 28 29
0 1 9 11 14 27 31
3 4 5 13 15 18 31
3 7 8 9 17 19 22
9 11 13 18 19 25 28
0 13 15 17 22 23 29
1 4 17 19 21 26 27
5 8 21 23 25 30 31
2 3 9 12 25 27 29
1 6 7 13 16 29 31
1 3 5 10 11 17 20
5 7 9 14 15 21 24
