0 1 3 8 14 15 16
0 1 4 5 17 18 19
0 1 2 7 20 21 22
0 1 9 23 24 25 30
0 1 10 11 26 27 28
0 1 6 12 13 29 31
2 3 4 5 6 9 26
3 7 13 17 24 27 31
3 10 11 12 18 22 25
2 8 13 18 23 27 30
3 19 20 23 28 29 30
4 5 7 8 12 24 28
4 5 10 11 13 16 20
4 5 14 22 23 30 31
4 5 15 21 25 27 29
7 8 9 16 18 26 29
6 7 10 11 15 23 30
7 13 14 19 21 25 26
8 9 10 11 19 21 31
2 9 12 14 19 20 27
9 13 15 17 22 28 29
2 10 11 14 17 24 29
12 15 18 20 24 26 31
12 16 17 21 23 26 30
3 6 14 18 21 24 28
6 8 17 20 22 25 26
2 15 16 19 25 28 31
5 6 16 19 22 24 27
