6 23 25
7 24 26
8 25 27
9 26 28
10 27 29
11 28 30
0 12 29
1 13 30
0 2 14
1 3 15
2 4 16
3 5 17
4 6 18
5 7 19
6 8 20
7 9 21
8 10 22
9 11 23
10 12 24
11 13 25
12 14 26
13 15 27
14 16 28
15 17 29
16 18 30
0 17 19
1 18 20
2 19 21
3 20 22
4 21 23
5 22 24
0 15 24
1 16 25
2 17 26
3 18 27
4 19 28
5 20 29
6 21 30
0 7 22
1 8 23
2 9 24
3 10 25
4 11 26
5 12 27
6 13 28
7 14 29
8 15 30
0 9 16
1 10 17
2 11 18
3 12 19
4 13 20
5 14 21
6 15 22
7 16 23
8 17 24
9 18 25
10 19 26
11 20 27
12 21 28
13 22 29
14 23 30
19 20 23
20 21 24
21 22 25
22 23 26
23 24 27
24 25 28
25 26 29
26 27 30
0 27 28
1 28 29
2 29 30
0 3 30
0 1 4
1 2 5
2 3 6
3 4 7
4 5 8
5 6 9
6 7 10
7 8 11
8 9 12
9 10 13
10 11 14
11 12 15
12 13 16
13 14 17
14 15 18
15 16 19
16 17 20
17 18 21
18 19 22
9 17 30
0 10 18
1 11 19
2 12 20
3 13 21
4 14 22
5 15 23
6 16 24
7 17 25
8 18 26
9 19 27
10 20 28
11 21 29
12 22 30
0 13 23
1 14 24
2 15 25
3 16 26
4 17 27
5 18 28
6 19 29
7 20 30
0 8 21
1 9 22
2 10 23
3 11 24
4 12 25
5 13 26
6 14 27
7 15 28
8 16 29
8 14 19
9 15 20
10 16 21
11 17 22
12 18 23
13 19 24
14 20 25
15 21 26
16 22 27
17 23 28
18 24 29
19 25 30
0 20 26
1 21 27
2 22 28
3 23 29
4 24 30
0 5 25
1 6 26
2 7 27
3 8 28
4 9 29
5 10 30
0 6 11
1 7 12
2 8 13
3 9 14
4 10 15
5 11 16
6 12 17
7 13 18
7 25 31
11 29 31
17 26 31
2 13 31
4 22 31
9 15 31
3 10 31
24 30 31
5 20 31
19 28 31
8 16 31
1 11 31
18 21 31
6 12 31
14 23 31
0 27 31
