0 2 11 12 13 16 24 26 28
0 8 10 15 16 17 20 22 29
0 6 7 8 15 18 21 24 28
2 8 12 14 18 22 23 30 31
0 3 5 8 13 17 19 26 30
1 4 6 14 16 22 24 26 27
0 4 6 11 13 18 20 27 31
3 9 10 12 16 17 21 27 31
5 6 7 10 16 20 25 28 30
0 1 7 12 19 23 25 27 29
1 4 5 8 9 12 18 20 24
1 7 11 14 17 19 22 28 31
2 4 7 9 13 17 21 22 25
1 5 8 11 15 21 25 27 30
2 4 10 19 21 24 29 30 31
0 9 10 11 14 20 21 23 26
3 6 16 17 18 19 23 24 25
2 3 4 15 19 20 23 27 28
3 5 7 10 11 18 22 26 29
5 9 14 15 25 26 28 29 31
6 9 12 13 15 19 22 29 30
1 2 3 5 6 10 13 14 23
