5 19 25 29
1 9 23 29
1 5 13 27
5 9 17 31
3 9 13 21
7 13 17 25
11 17 21 29
1 15 21 25
3 8 10 18
7 12 14 22
11 16 18 26
15 20 22 30
2 19 24 26
6 23 28 30
0 2 10 27
4 6 14 31
8 26 28 31
0 3 12 30
2 4 7 16
6 8 11 20
10 12 15 24
14 16 19 28
0 18 20 23
4 22 24 27
5 10 12 16
9 14 16 20
13 18 20 24
17 22 24 28
0 21 26 28
0 4 25 30
2 4 8 29
1 6 8 12
2 5 21 23
6 9 25 27
10 13 29 31
1 3 14 17
5 7 18 21
9 11 22 25
13 15 26 29
1 17 19 30
8 16 25 27
12 20 29 31
1 3 16 24
5 7 20 28
0 9 11 24
4 13 15 28
0 8 17 19
4 12 21 23
7 10 19 23
11 14 23 27
15 18 27 31
3 19 22 31
3 7 23 26
7 11 27 30
2 11 15 31
3 6 15 19
6 7 24 29
1 10 11 28
0 5 14 15
4 9 18 19
8 13 22 23
12 17 26 27
16 21 30 31
2 3 20 25
15 16 17 23
19 20 21 27
23 24 25 31
3 27 28 29
0 1 7 31
3 4 5 11
7 8 9 15
11 12 13 19
12 18 25 28
0 16 22 29
1 4 20 26
5 8 24 30
2 9 12 28
0 6 13 16
4 10 17 20
8 14 21 24
10 14 25 26
14 18 29 30
1 2 18 22
5 6 22 26
9 10 26 30
2 13 14 30
2 6 17 18
6 10 21 22
