0 8 12 14 19
2 10 14 16 21
4 12 16 18 23
6 14 18 20 25
8 16 20 22 27
10 18 22 24 29
12 20 24 26 31
1 14 22 26 28
3 16 24 28 30
0 5 18 26 30
0 2 7 20 28
2 4 9 22 30
0 4 6 11 24
2 6 8 13 26
4 8 10 15 28
6 10 12 17 30
11 14 17 22 31
1 13 16 19 24
3 15 18 21 26
5 17 20 23 28
7 19 22 25 30
0 9 21 24 27
2 11 23 26 29
4 13 25 28 31
1 6 15 27 30
0 3 8 17 29
2 5 10 19 31
1 4 7 12 21
3 6 9 14 23
5 8 11 16 25
7 10 13 18 27
9 12 15 20 29
0 1 10 23 25
2 3 12 25 27
4 5 14 27 29
6 7 16 29 31
1 8 9 18 31
1 3 10 11 20
3 5 12 13 22
5 7 14 15 24
7 9 16 17 26
9 11 18 19 28
11 13 20 21 30
0 13 15 22 23
2 15 17 24 25
4 17 19 26 27
6 19 21 28 29
8 21 23 30 31
13 19 20 24 29
9 13 14 15 27
4 7 8 23 24
3 7 11 27 31
3 9 10 19 23
7 14 25 29 30
5 6 9 21 25
3 4 6 20 22
9 10 16 25 26
11 12 15 28 30
1 2 5 17 20
1 13 17 18 29
17 21 22 27 28
2 18 23 27 28
0 15 16 19 31
