3 8 14 19 26 27 28 29
1 3 4 13 15 18 27 32
0 5 13 14 18 20 21 26
2 3 6 9 10 15 21 24
7 13 15 19 23 24 25 29
0 7 8 10 13 18 22 27
3 5 6 7 8 11 16 32
6 9 11 20 22 25 27 30
0 5 9 14 15 17 23 30
4 9 10 11 13 19 28 31
3 8 17 21 22 23 30 31
9 12 13 16 26 29 30 32
2 4 7 10 12 14 26 30
2 4 6 13 17 20 23 27
1 6 12 14 18 23 29 31
4 8 11 14 16 20 21 24
0 3 4 6 12 24 25 28
1 10 14 16 22 23 28 32
6 17 18 19 22 24 26 32
5 10 15 16 25 26 27 31
5 11 12 15 17 22 28 29
0 1 3 7 10 17 20 29
2 7 20 24 28 30 31 32
0 2 4 5 21 22 29 32
7 9 16 17 18 21 25 28
8 12 14 15 19 20 25 32
0 2 11 16 18 19 30 31
1 5 12 19 21 24 27 30
1 2 8 9 11 23 25 26
