3 4 8 9 11 15 20 29 30 31
3 5 6 10 13 16 17 19 29 30
3 7 9 17 19 20 23 25 27 32
0 6 7 9 10 14 22 26 31 32
1 3 4 9 14 16 17 18 24 28
2 5 8 9 13 24 26 27 28 30
0 2 3 4 5 7 18 19 26 31
4 9 10 12 17 21 23 27 28 31
4 11 13 18 21 22 23 25 26 29
5 7 8 11 12 14 19 21 23 24
1 2 4 6 8 17 20 21 26 32
0 7 12 13 14 18 20 25 28 30
0 1 6 8 11 15 17 19 22 28
0 3 12 15 16 21 22 24 26 30
1 5 10 11 16 20 24 25 27 31
2 6 8 10 12 15 16 18 23 25
1 7 12 13 15 16 28 29 31 32
0 1 6 18 23 24 27 29 30 32
2 5 11 14 15 20 22 27 29 32
