0 15 24 29
1 4 19 28
0 5 8 23
4 9 12 27
8 13 16 31
3 12 17 20
7 16 21 24
11 20 25 28
13 14 20 31
3 17 18 24
7 21 22 28
0 11 25 26
4 15 29 30
1 2 8 19
5 6 12 23
9 10 16 27
13 17 23 29
1 17 21 27
5 21 25 31
3 9 25 29
1 7 13 29
1 5 11 17
5 9 15 21
9 13 19 25
11 13 21 32
15 17 25 32
19 21 29 32
1 23 25 32
5 27 29 32
1 9 31 32
3 5 13 32
7 9 17 32
5 19 20 24
9 23 24 28
0 13 27 28
0 4 17 31
3 4 8 21
7 8 12 25
11 12 16 29
1 15 16 20
2 16 17 26
6 20 21 30
2 10 24 25
6 14 28 29
0 1 10 18
4 5 14 22
8 9 18 26
12 13 22 30
0 16 19 30
2 4 20 23
6 8 24 27
10 12 28 31
0 3 14 16
4 7 18 20
8 11 22 24
12 15 26 28
4 6 16 25
8 10 20 29
1 12 14 24
5 16 18 28
0 9 20 22
4 13 24 26
8 17 28 30
0 2 12 21
2 6 13 18
6 10 17 22
10 14 21 26
14 18 25 30
2 18 22 29
1 6 22 26
5 10 26 30
2 9 14 30
23 26 29 31
1 3 27 30
2 5 7 31
3 6 9 11
7 10 13 15
11 14 17 19
15 18 21 23
19 22 25 27
3 7 19 26
7 11 23 30
2 11 15 27
6 15 19 31
3 10 19 23
7 14 23 27
11 18 27 31
3 15 22 31
20 26 27 32
24 30 31 32
2 3 28 32
0 6 7 32
4 10 11 32
8 14 15 32
12 18 19 32
16 22 23 32
