0 6 7 16 19 24 25
0 2 9 10 12 15 24
0 3 25 28 29 31 32
0 1 4 18 22 23 27
0 5 11 12 17 20 30
0 8 13 14 21 24 26
2 3 13 17 22 23 24
2 5 19 21 24 27 32
4 9 14 20 24 28 32
1 5 8 15 18 24 29
1 10 11 21 22 25 28
2 4 11 16 26 29 30
2 6 14 18 25 28 30
1 2 7 8 20 22 31
3 4 8 10 19 30 31
1 3 5 6 9 22 26
3 7 11 14 15 27 30
3 12 16 18 20 21 27
4 5 7 12 13 25 28
4 6 12 15 17 21 31
5 10 14 16 23 26 31
6 8 11 12 23 26 32
6 10 13 20 27 29 31
7 9 21 23 24 29 30
7 10 17 18 26 27 32
8 9 16 17 25 27 28
9 11 13 18 19 24 31
1 12 14 17 19 22 29
1 13 15 16 22 30 32
15 19 20 23 25 26 28
