0 1 14 15 20 30
0 2 6 10 11 18
0 3 4 7 13 26
3 10 12 16 20 24
0 5 16 17 25 31
0 8 12 19 22 27
14 18 19 24 26 29
0 21 23 28 29 32
1 2 9 16 27 32
1 3 5 18 19 21
1 4 8 10 17 29
1 6 7 22 24 31
23 24 25 26 27 32
1 11 12 13 23 25
2 3 15 17 22 23
2 4 19 25 28 30
2 5 7 12 14 29
2 8 20 26 28 31
2 13 20 21 24 31
3 6 8 14 25 32
3 6 7 9 12 28
3 11 27 29 30 31
4 5 6 20 23 27
1 10 16 22 26 28
4 11 14 16 21 22
4 12 15 18 31 32
2 4 8 9 13 21
5 10 13 22 30 32
0 4 9 17 24 30
5 9 11 15 22 26
6 12 17 21 26 30
6 13 15 16 19 29
7 8 16 18 23 30
7 10 15 21 25 27
7 11 17 19 20 32
5 8 11 15 24 28
9 10 14 19 23 31
9 18 20 22 25 29
13 14 17 18 27 28
