0 11 14 17 21 23 25 28 32
3 7 8 10 17 23 29 30 32
2 3 15 17 19 20 25 27 32
0 6 9 17 18 24 26 27 31
4 5 7 9 13 14 17 19 25
0 2 3 4 7 10 13 16 26
4 7 15 18 21 22 23 26 31
4 8 9 12 19 20 26 29 32
1 13 16 18 19 28 29 31 32
1 2 9 11 12 16 17 22 23
2 5 6 7 8 22 24 28 32
8 11 12 13 15 16 24 27 30
6 10 13 19 20 21 22 23 24
2 6 8 16 20 21 25 30 31
1 5 9 10 14 15 16 26 28
3 5 10 11 14 22 27 29 31
0 1 7 11 19 22 25 26 30
2 10 12 14 18 24 25 29 30
0 3 5 6 12 15 18 21 29
5 7 12 20 23 27 28 30 31
0 1 4 6 8 11 14 18 20
1 3 4 9 21 24 27 28 30
