1 4 5 12 13 17 23
4 7 8 15 16 20 26
7 10 11 18 19 23 29
10 13 14 21 22 26 32
2 13 16 17 24 25 29
5 16 19 20 27 28 32
2 8 19 22 23 30 31
0 1 5 11 22 25 26
3 4 8 14 25 28 29
6 7 11 17 28 31 32
1 2 9 10 14 20 31
4 10 17 21 25 27 30
0 7 13 20 24 28 30
0 3 10 16 23 27 31
1 3 6 13 19 26 30
0 4 6 9 16 22 29
3 7 9 12 19 25 32
2 6 10 12 15 22 28
5 9 13 15 18 25 31
1 8 12 16 18 21 28
4 11 15 19 21 24 31
1 7 14 18 22 24 27
3 11 17 18 20 22 30
0 6 14 20 21 23 25
3 9 17 23 24 26 28
6 12 20 26 27 29 31
1 9 15 23 29 30 32
0 2 4 12 18 26 32
2 3 5 7 15 21 29
5 6 8 10 18 24 32
2 8 9 11 13 21 27
5 11 12 14 16 24 30
0 8 14 15 17 19 27
