12 13 14 16 24
16 17 18 20 28
0 20 21 22 24
4 24 25 26 28
0 8 28 29 30
0 1 2 4 12
4 5 6 8 16
8 9 10 12 20
7 12 18 29 32
1 11 16 22 32
5 15 20 26 32
9 19 24 30 32
2 13 23 28 32
0 6 17 27 32
4 10 21 31 32
3 8 14 25 32
4 7 9 11 17
8 11 13 15 21
12 15 17 19 25
16 19 21 23 29
1 20 23 25 27
5 24 27 29 31
1 3 9 28 31
0 3 5 7 13
8 10 17 23 24
12 14 21 27 28
0 16 18 25 31
3 4 20 22 29
1 7 8 24 26
5 11 12 28 30
0 2 9 15 16
4 6 13 19 20
3 6 11 15 24
7 10 15 19 28
0 11 14 19 23
4 15 18 23 27
8 19 22 27 31
3 12 23 26 31
3 7 16 27 30
2 7 11 20 31
9 11 18 26 27
13 15 22 30 31
2 3 17 19 26
6 7 21 23 30
2 10 11 25 27
6 14 15 29 31
1 3 10 18 19
5 7 14 22 23
0 6 10 13 26
4 10 14 17 30
2 8 14 18 21
6 12 18 22 25
10 16 22 26 29
1 14 20 26 30
2 5 18 24 30
2 6 9 22 28
5 17 21 26 31
3 9 21 25 30
2 7 13 25 29
1 6 11 17 29
1 5 10 15 21
5 9 14 19 25
9 13 18 23 29
1 13 17 22 27
