0 1 3 4 5 6 15 25
0 2 8 13 18 20 28 29
0 1 7 11 19 22 27 32
0 9 10 12 13 17 23 31
0 2 14 16 21 24 26 30
3 11 12 16 26 28 31 32
1 8 16 17 20 25 26 27
1 9 10 11 21 25 29 32
1 5 13 14 19 23 28 30
5 6 10 14 18 27 31 32
2 3 7 13 21 23 25 27
2 4 9 10 16 18 19 26
2 6 11 15 17 18 30 32
3 17 18 19 23 24 25 29
5 7 8 9 17 18 21 26
3 8 9 10 14 20 22 30
4 7 12 25 27 29 30 31
4 12 14 17 21 22 25 28
1 2 5 12 18 22 24 31
4 8 11 13 20 23 24 32
6 7 9 10 15 24 27 28
5 7 11 14 15 16 20 29
6 13 15 16 22 23 26 29
6 8 12 15 19 20 21 31
