0 3 8 10 11 14 16 21 24 27
1 4 5 6 8 12 23 27 30 32
0 5 6 9 13 14 20 28 31 33
3 8 9 15 20 21 23 25 30 31
1 6 7 13 15 16 18 21 29 31
2 9 11 12 14 15 17 28 29 30
0 4 5 7 15 20 22 24 29 32
2 6 7 10 13 17 22 23 24 30
0 1 5 10 12 16 17 20 26 30
3 6 9 10 14 18 19 22 26 32
2 16 21 22 25 26 28 31 32 33
2 4 11 16 18 19 20 22 23 27
1 7 8 11 12 19 22 24 28 31
8 10 12 18 20 25 27 28 29 33
3 4 5 12 13 17 19 21 29 33
0 6 11 15 18 19 24 25 30 33
0 1 2 3 4 7 14 23 25 28
1 9 13 16 23 24 26 27 29 33
4 7 9 10 15 17 26 27 31 33
2 5 8 11 13 17 18 25 26 32
