14 16 25 26 30 33
0 15 17 26 27 31
1 16 18 27 28 32
2 17 19 28 29 33
0 3 18 20 29 30
1 4 19 21 30 31
2 5 20 22 31 32
3 6 21 23 32 33
0 4 7 22 24 33
0 1 5 8 23 25
1 2 6 9 24 26
2 3 7 10 25 27
3 4 8 11 26 28
4 5 9 12 27 29
5 6 10 13 28 30
6 7 11 14 29 31
7 8 12 15 30 32
8 9 13 16 31 33
0 9 10 14 17 32
1 10 11 15 18 33
0 2 11 12 16 19
1 3 12 13 17 20
2 4 13 14 18 21
3 5 14 15 19 22
4 6 15 16 20 23
5 7 16 17 21 24
6 8 17 18 22 25
7 9 18 19 23 26
8 10 19 20 24 27
9 11 20 21 25 28
10 12 21 22 26 29
11 13 22 23 27 30
12 14 23 24 28 31
13 15 24 25 29 32
5 11 20 26 27 33
1 8 14 21 27 29
1 2 7 15 22 28
5 12 18 24 31 33
3 9 10 16 22 24
0 3 6 11 16 31
4 10 20 23 25 31
2 10 16 17 23 29
0 13 21 24 26 28
8 13 19 26 29 32
6 12 19 25 27 32
2 8 9 15 21 30
4 11 17 24 30 32
7 13 14 16 19 20
