5 8 9 12 14 18 20 28 31
1 4 5 13 16 17 20 21 23
2 3 5 6 10 22 27 28 29
5 7 10 21 24 28 30 32 33
2 4 11 17 19 24 25 27 28
4 6 8 10 16 20 22 23 25
0 1 6 14 19 21 25 27 33
3 6 13 18 23 25 26 30 32
0 1 3 7 10 17 26 30 31
1 2 10 13 15 18 23 24 28
0 1 7 8 11 12 13 25 29
4 7 13 18 19 22 27 30 31
2 7 8 14 16 20 26 27 32
0 4 5 15 19 20 26 29 32
6 9 11 16 18 21 24 29 31
1 5 9 11 15 22 25 31 32
0 2 9 16 23 26 28 31 33
0 8 14 17 18 22 24 29 33
6 7 9 12 15 17 23 27 32
3 11 12 20 21 22 24 26 33
9 10 11 14 19 20 23 29 30
2 3 8 12 15 16 19 21 30
3 4 9 10 12 13 14 15 33
