2 8 13 15 21 22 24 25
1 8 9 11 12 20 24 31
0 1 12 13 16 21 26 29
6 9 10 14 22 25 29 32
1 6 8 18 25 27 30 33
2 3 7 12 19 20 25 29
5 10 16 17 19 20 24 30
0 4 11 16 18 24 25 32
4 7 8 13 29 30 31 32
1 2 3 7 10 16 18 31
3 6 20 21 24 26 32 33
1 2 12 18 23 28 30 32
5 6 7 11 13 16 28 32
7 12 14 22 24 26 27 30
8 14 16 19 22 28 31 33
0 5 6 12 14 15 18 19
9 15 16 23 24 27 28 29
8 10 11 17 18 22 26 29
1 2 5 11 14 23 29 33
0 1 4 6 15 20 22 23
0 2 9 15 26 30 31 33
2 4 6 14 17 21 27 31
3 4 5 9 11 21 22 30
4 7 10 12 15 17 28 33
5 10 21 23 25 26 28 31
0 3 5 7 8 17 23 27
7 9 13 18 19 20 21 33
4 9 13 17 19 23 25 26
0 3 10 13 14 20 27 28
1 3 11 15 17 19 27 32
