24 27 29
27 30 32
0 2 30
0 3 5
3 6 8
6 9 11
9 12 14
12 15 17
15 18 20
18 21 23
21 24 26
17 21 31
1 20 24
4 23 27
7 26 30
0 10 29
3 13 32
2 6 16
5 9 19
8 12 22
11 15 25
14 18 28
6 14 22
9 17 25
12 20 28
15 23 31
1 18 26
4 21 29
7 24 32
2 10 27
5 13 30
0 8 16
3 11 19
2 4 19
5 7 22
8 10 25
11 13 28
14 16 31
1 17 19
4 20 22
7 23 25
10 26 28
13 29 31
1 16 32
11 27 33
14 30 33
0 17 33
3 20 33
6 23 33
9 26 33
12 29 33
15 32 33
2 18 33
5 21 33
8 24 33
8 26 31
1 11 29
4 14 32
2 7 17
5 10 20
8 13 23
11 16 26
14 19 29
17 22 32
2 20 25
5 23 28
10 13 21
13 16 24
16 19 27
19 22 30
0 22 25
3 25 28
6 28 31
1 9 31
1 4 12
4 7 15
7 10 18
4 11 24
7 14 27
10 17 30
0 13 20
3 16 23
6 19 26
9 22 29
12 25 32
2 15 28
5 18 31
1 8 21
7 12 31
1 10 15
4 13 18
7 16 21
10 19 24
13 22 27
16 25 30
0 19 28
3 22 31
1 6 25
4 9 28
25 27 31
1 28 30
0 4 31
1 3 7
4 6 10
7 9 13
10 12 16
13 15 19
16 18 22
19 21 25
22 24 28
14 15 20
17 18 23
20 21 26
23 24 29
26 27 32
2 29 30
0 5 32
2 3 8
5 6 11
8 9 14
11 12 17
5 26 29
8 29 32
2 11 32
2 5 14
5 8 17
8 11 20
11 14 23
14 17 26
17 20 29
20 23 32
2 23 26
3 12 18
6 15 21
9 18 24
12 21 27
15 24 30
0 18 27
3 21 30
0 6 24
3 9 27
6 12 30
0 9 15
3 17 24
6 20 27
9 23 30
0 12 26
3 15 29
6 18 32
2 9 21
5 12 24
8 15 27
11 18 30
0 14 21
16 28 29
19 31 32
1 2 22
4 5 25
7 8 28
10 11 31
1 13 14
4 16 17
7 19 20
10 22 23
13 25 26
4 8 30
0 7 11
3 10 14
6 13 17
9 16 20
12 19 23
15 22 26
18 25 29
21 28 32
2 24 31
1 5 27
0 1 23
3 4 26
6 7 29
9 10 32
2 12 13
5 15 16
8 18 19
11 21 22
14 24 25
17 27 28
20 30 31
25 28 33
1 16 33
3 31 33
4 7 33
10 13 33
19 22 33
