0 1 2 10 14 16 21 26
2 4 7 9 20 23 26 28
0 4 9 15 17 25 27 30
0 3 5 11 12 20 24 28
0 2 6 7 8 18 22 25
0 2 13 19 23 29 31 33
1 6 9 13 19 21 24 27
1 3 5 7 17 21 22 31
1 2 6 15 19 27 30 32
1 4 8 11 20 21 25 33
1 12 18 21 23 28 29 30
2 3 7 9 11 12 14 29
8 9 10 22 24 30 31 32
0 7 13 15 18 21 24 32
2 5 9 16 17 18 24 33
3 4 5 10 13 18 19 25
3 5 6 14 26 30 32 33
3 5 8 15 16 23 27 29
4 6 12 16 25 28 31 32
4 14 22 23 24 25 26 29
6 10 11 17 20 23 29 32
7 10 12 15 22 27 28 33
7 11 13 16 19 20 22 30
8 12 13 14 17 19 26 28
11 14 15 18 20 26 27 31
