4 16 18 22
7 19 21 25
10 22 24 28
13 25 27 31
1 16 28 30
0 4 19 31
1 3 7 22
4 6 10 25
7 9 13 28
10 12 16 31
1 13 15 19
8 14 22 31
1 11 17 25
4 14 20 28
7 17 23 31
1 10 20 26
4 13 23 29
7 16 26 32
2 10 19 29
5 13 22 32
2 8 16 25
5 11 19 28
8 10 11 23
11 13 14 26
14 16 17 29
17 19 20 32
2 20 22 23
5 23 25 26
8 26 28 29
11 29 31 32
1 2 14 32
2 4 5 17
5 7 8 20
14 18 23 24
17 21 26 27
20 24 29 30
0 23 27 32
2 3 26 30
0 5 6 29
3 8 9 32
2 6 11 12
5 9 14 15
8 12 17 18
11 15 20 21
3 18 20 31
1 6 21 23
4 9 24 26
7 12 27 29
10 15 30 32
0 2 13 18
3 5 16 21
6 8 19 24
9 11 22 27
12 14 25 30
0 15 17 28
21 22 29 33
24 25 32 33
2 27 28 33
5 30 31 33
0 1 8 33
3 4 11 33
6 7 14 33
9 10 17 33
12 13 20 33
15 16 23 33
18 19 26 33
3 12 23 28
6 15 26 31
1 9 18 29
4 12 21 32
2 7 15 24
5 10 18 27
8 13 21 30
0 11 16 24
3 14 19 27
6 17 22 30
0 9 20 25
4 8 15 27
7 11 18 30
0 10 14 21
3 13 17 24
6 16 20 27
9 19 23 30
0 12 22 26
3 15 25 29
6 18 28 32
2 9 21 31
1 5 12 24
12 15 19 22
15 18 22 25
18 21 25 28
21 24 28 31
1 24 27 31
1 4 27 30
0 4 7 30
0 3 7 10
3 6 10 13
6 9 13 16
9 12 16 19
