7 8 10 13 14 18 32
0 9 10 12 15 16 20
2 11 12 14 17 18 22
4 13 14 16 19 20 24
6 15 16 18 21 22 26
8 17 18 20 23 24 28
10 19 20 22 25 26 30
12 21 22 24 27 28 32
0 14 23 24 26 29 30
2 16 25 26 28 31 32
0 4 18 27 28 30 33
1 2 6 20 29 30 32
0 3 4 8 22 31 32
0 2 5 6 10 24 33
1 2 4 7 8 12 26
3 4 6 9 10 14 28
5 6 8 11 12 16 30
4 5 10 17 21 29 31
6 7 12 19 23 31 33
1 8 9 14 21 25 33
1 3 10 11 16 23 27
3 5 12 13 18 25 29
5 7 14 15 20 27 31
7 9 16 17 22 29 33
1 9 11 18 19 24 31
3 11 13 20 21 26 33
1 5 13 15 22 23 28
3 7 15 17 24 25 30
5 9 17 19 26 27 32
0 7 11 19 21 28 29
2 9 13 21 23 30 31
4 11 15 23 25 32 33
0 1 6 13 17 25 27
2 3 8 15 19 27 29
