4 8 14 15 16 23 30 31 33
0 1 9 16 20 24 25 29 30
2 3 11 15 16 25 27 28 32
5 8 10 16 17 18 21 25 32
4 6 11 15 18 20 21 26 30
3 7 8 9 15 19 20 21 22
2 5 9 11 18 19 23 29 31
4 7 13 19 22 25 29 32 33
7 9 11 12 14 18 26 27 32
3 6 17 19 20 23 27 30 32
2 13 16 18 22 23 24 26 30
0 1 11 17 19 22 24 31 32
8 12 21 26 27 28 29 30 31
1 2 3 14 17 21 26 29 33
6 8 9 10 11 13 24 29 33
2 4 5 7 9 10 17 28 30
0 1 2 8 13 18 20 28 33
3 10 12 13 14 18 20 25 31
1 5 10 12 15 22 23 27 33
1 2 4 6 7 12 16 24 31
0 6 7 10 19 23 25 26 28
0 3 4 5 13 21 23 24 27
0 12 13 14 15 16 17 19 29
5 6 14 15 20 22 24 26 28
