3 11 13 26 32
2 6 14 16 29
5 9 17 19 32
2 8 12 20 22
5 11 15 23 25
8 14 18 26 28
11 17 21 29 31
1 14 20 24 32
2 4 17 23 27
5 7 20 26 30
0 8 10 23 29
6 10 22 26 30
0 9 13 25 29
3 12 16 28 32
2 6 15 19 31
1 5 9 18 22
4 8 12 21 25
7 11 15 24 28
10 14 18 27 31
1 13 17 21 30
0 4 16 20 24
3 7 19 23 27
0 3 5 14 21
3 6 8 17 24
6 9 11 20 27
9 12 14 23 30
0 12 15 17 26
3 15 18 20 29
6 18 21 23 32
2 9 21 24 26
5 12 24 27 29
8 15 27 30 32
0 2 11 18 30
6 7 10 15 21
9 10 13 18 24
12 13 16 21 27
15 16 19 24 30
0 18 19 22 27
3 21 22 25 30
0 6 24 25 28
3 9 27 28 31
1 6 12 30 31
0 1 4 9 15
3 4 7 12 18
4 28 29 30 33
0 7 31 32 33
1 2 3 10 33
4 5 6 13 33
7 8 9 16 33
10 11 12 19 33
13 14 15 22 33
16 17 18 25 33
19 20 21 28 33
22 23 24 31 33
1 25 26 27 33
2 5 10 16 28
5 8 13 19 31
1 8 11 16 22
4 11 14 19 25
7 14 17 22 28
10 17 20 25 31
1 13 20 23 28
4 16 23 26 31
1 7 19 26 29
4 10 22 29 32
2 7 13 25 32
