0 3 7 18 19 25 33
1 4 8 19 20 26 34
0 2 5 9 20 21 27
1 3 6 10 21 22 28
2 4 7 11 22 23 29
3 5 8 12 23 24 30
4 6 9 13 24 25 31
5 7 10 14 25 26 32
6 8 11 15 26 27 33
7 9 12 16 27 28 34
0 8 10 13 17 28 29
1 9 11 14 18 29 30
2 10 12 15 19 30 31
3 11 13 16 20 31 32
4 12 14 17 21 32 33
5 13 15 18 22 33 34
0 6 14 16 19 23 34
0 1 7 15 17 20 24
1 2 8 16 18 21 25
2 3 9 17 19 22 26
3 4 10 18 20 23 27
4 5 11 19 21 24 28
5 6 12 20 22 25 29
6 7 13 21 23 26 30
7 8 14 22 24 27 31
8 9 15 23 25 28 32
9 10 16 24 26 29 33
10 11 17 25 27 30 34
0 11 12 18 26 28 31
1 12 13 19 27 29 32
2 13 14 20 28 30 33
3 14 15 21 29 31 34
0 4 15 16 22 30 32
1 5 16 17 23 31 33
2 6 17 18 24 32 34
