2 9 11 15 19 25 26 28 30 31
0 9 14 16 19 20 22 23 28 29
0 3 5 13 20 21 27 28 30 33
4 8 9 11 17 21 29 30 31 33
0 1 2 8 13 16 22 27 31 34
7 9 14 18 22 24 27 30 31 34
2 6 10 15 17 20 21 22 25 27
1 7 12 15 16 20 21 29 30 32
0 4 10 11 12 18 23 25 27 31
13 18 19 21 26 27 29 32 33 34
2 4 6 7 11 18 20 28 33 34
1 4 5 6 7 9 10 12 13 19
2 3 4 5 6 16 24 29 31 32
3 7 9 12 17 23 25 28 32 34
0 5 10 11 15 19 22 24 32 34
2 8 12 13 14 15 18 21 23 24
0 3 7 8 17 19 20 24 26 31
3 4 10 12 14 15 16 22 26 33
0 5 6 8 10 14 23 26 30 32
1 8 10 23 24 25 26 28 29 33
1 3 5 11 13 14 16 17 18 25
