3 4 7 13 16 25 26 29
0 8 18 20 25 27 32 33
0 3 5 6 8 10 19 29
12 17 23 27 29 30 31 33
1 3 4 9 11 17 22 27
4 5 7 15 19 22 31 32
3 12 17 18 19 21 30 34
1 2 7 10 11 12 16 32
0 5 13 14 16 18 27 34
5 6 7 9 22 24 30 33
2 5 9 16 17 21 23 25
1 5 11 18 25 28 29 30
7 10 13 17 18 20 30 31
8 15 16 22 23 26 28 30
7 11 19 20 23 24 28 34
0 1 3 16 21 22 24 31
0 8 9 11 12 13 17 28
2 13 15 18 22 24 29 34
0 2 4 6 11 23 26 30
2 3 10 12 14 20 22 25
3 9 10 15 18 19 26 33
1 4 8 10 13 23 33 34
1 6 12 13 15 20 21 27
10 17 21 24 26 27 28 32
6 8 14 15 17 25 31 34
2 6 16 19 20 28 31 33
9 11 20 26 29 31 32 34
4 5 8 12 20 21 24 26
9 13 14 19 24 25 30 32
1 2 7 8 14 19 26 27
3 4 6 14 18 23 28 32
0 7 11 14 15 21 29 33
