3 13 19 30 32 33
0 2 3 8 18 24
5 7 8 13 23 29
10 12 13 18 28 34
4 15 17 18 23 33
3 9 20 22 23 28
8 14 25 27 28 33
5 15 16 21 26 28
10 20 21 26 31 33
1 3 15 25 26 31
1 6 8 20 30 31
0 1 6 11 13 25
5 6 11 16 18 30
0 10 11 16 21 23
1 10 16 18 22 27
6 15 21 23 27 32
2 11 20 26 28 32
2 7 16 25 31 33
1 3 7 12 21 30
0 6 8 12 17 26
5 11 13 17 22 31
1 4 17 28 29 32
2 6 9 22 33 34
3 4 7 11 14 27
8 9 12 16 19 32
2 13 14 17 21 24
7 18 19 22 26 29
12 23 24 27 31 34
4 6 9 13 26 27
9 11 14 18 31 32
1 2 14 16 19 23
6 7 19 21 24 28
11 12 24 26 29 33
3 16 17 29 31 34
1 4 8 21 22 34
9 18 20 21 25 29
14 23 25 26 30 34
0 4 19 28 30 31
0 1 5 9 24 33
3 5 6 10 14 29
8 10 11 15 19 34
4 13 15 16 20 24
2 4 5 10 12 25
7 9 10 15 17 30
0 12 14 15 20 22
5 17 19 20 25 27
10 22 24 25 30 32
0 2 15 27 29 30
0 5 7 20 32 34
