0 6 7 23 27
2 8 9 25 29
4 10 11 27 31
6 12 13 29 33
1 8 14 15 31
3 10 16 17 33
1 5 12 18 19
3 7 14 20 21
5 9 16 22 23
7 11 18 24 25
9 13 20 26 27
11 15 22 28 29
13 17 24 30 31
15 19 26 32 33
0 1 17 21 28
2 3 19 23 30
4 5 21 25 32
0 4 13 14 22
2 6 15 16 24
4 8 17 18 26
6 10 19 20 28
8 12 21 22 30
10 14 23 24 32
0 12 16 25 26
2 14 18 27 28
4 16 20 29 30
6 18 22 31 32
0 8 20 24 33
1 2 10 22 26
3 4 12 24 28
5 6 14 26 30
7 8 16 28 32
0 9 10 18 30
2 11 12 20 32
10 13 15 21 25
12 15 17 23 27
14 17 19 25 29
16 19 21 27 31
18 21 23 29 33
1 20 23 25 31
3 22 25 27 33
1 5 24 27 29
3 7 26 29 31
5 9 28 31 33
1 7 11 30 33
1 3 9 13 32
0 3 5 11 15
2 5 7 13 17
4 7 9 15 19
6 9 11 17 21
8 11 13 19 23
5 7 8 10 12
1 2 4 6 33
4 10 23 29 34
0 19 29 32 34
5 15 18 20 34
11 13 23 26 28
0 2 12 31 34
3 13 16 18 34
1 11 14 16 34
2 21 24 26 34
15 17 27 30 32
7 17 20 22 34
9 12 14 33 34
6 25 28 30 34
9 12 19 22 24
3 6 8 27 34
