4 23 31
6 25 33
1 8 27
3 10 29
5 12 31
7 14 33
1 9 16
3 11 18
5 13 20
7 15 22
9 17 24
11 19 26
13 21 28
15 23 30
17 25 32
0 19 27
2 21 29
1 11 30
3 13 32
0 5 15
2 7 17
4 9 19
6 11 21
8 13 23
10 15 25
12 17 27
14 19 29
16 21 31
18 23 33
1 20 25
3 22 27
5 24 29
7 26 31
9 28 33
18 26 32
0 20 28
2 22 30
4 24 32
0 6 26
2 8 28
4 10 30
6 12 32
0 8 14
2 10 16
4 12 18
6 14 20
8 16 22
10 18 24
12 20 26
14 22 28
16 24 30
19 32 34
0 21 34
2 23 34
4 25 34
6 27 34
8 29 34
10 31 34
12 33 34
1 14 34
3 16 34
5 18 34
7 20 34
9 22 34
11 24 34
13 26 34
15 28 34
17 30 34
13 25 30
15 27 32
0 17 29
2 19 31
4 21 33
1 6 23
3 8 25
5 10 27
7 12 29
9 14 31
11 16 33
1 13 18
3 15 20
5 17 22
7 19 24
9 21 26
11 23 28
26 27 33
1 28 29
3 30 31
5 32 33
0 1 7
2 3 9
4 5 11
6 7 13
8 9 15
10 11 17
12 13 19
14 15 21
16 17 23
18 19 25
20 21 27
22 23 29
24 25 31
16 26 29
18 28 31
20 30 33
1 22 32
0 3 24
2 5 26
4 7 28
6 9 30
8 11 32
0 10 13
2 12 15
4 14 17
6 16 19
8 18 21
10 20 23
12 22 25
14 24 27
19 21 22
21 23 24
23 25 26
25 27 28
27 29 30
29 31 32
0 31 33
1 2 33
1 3 4
3 5 6
5 7 8
7 9 10
9 11 12
11 13 14
13 15 16
15 17 18
17 19 20
12 14 18
14 16 20
16 18 22
18 20 24
20 22 26
22 24 28
24 26 30
26 28 32
0 28 30
2 30 32
0 4 32
0 2 6
2 4 8
4 6 10
6 8 12
8 10 14
10 12 16
3 7 23
5 9 25
7 11 27
9 13 29
11 15 31
13 17 33
1 15 19
3 17 21
5 19 23
7 21 25
9 23 27
11 25 29
13 27 31
15 29 33
1 17 31
3 19 33
1 5 21
5 14 30
7 16 32
0 9 18
2 11 20
4 13 22
6 15 24
8 17 26
10 19 28
12 21 30
14 23 32
0 16 25
2 18 27
4 20 29
6 22 31
8 24 33
1 10 26
3 12 28
7 18 30
9 20 32
0 11 22
2 13 24
4 15 26
6 17 28
8 19 30
10 21 32
0 12 23
2 14 25
4 16 27
6 18 29
8 20 31
10 22 33
1 12 24
3 14 26
5 16 28
