0 3 5 11 16 24 26 29 33
6 7 13 16 18 19 22 30 34
1 2 4 6 10 18 23 26 29
1 10 13 14 17 25 26 30 33
17 20 21 22 26 27 28 29 34
0 4 7 11 13 21 23 30 31
7 8 9 10 13 15 26 28 32
6 7 14 15 20 23 24 27 33
5 6 9 20 25 29 30 31 32
4 12 14 19 24 25 26 28 31
0 10 11 14 18 25 27 31 34
1 12 16 23 25 27 28 30 32
4 9 11 17 18 22 24 32 33
2 3 8 9 23 24 27 30 34
0 5 6 10 12 17 19 22 23
0 2 9 12 14 19 21 29 32
2 3 7 15 16 17 22 25 31
3 10 12 13 16 18 20 21 24
0 2 5 15 18 21 28 30 33
0 1 4 8 9 14 16 20 22
1 7 8 12 18 29 31 33 34
1 3 6 8 11 19 21 25 28
3 4 5 7 8 14 17 32 34
2 11 12 13 15 19 20 33 34
1 4 5 13 15 19 24 27 29
