0 1 3 13 15 22 25 26
0 5 8 9 12 19 23 33
0 4 6 10 19 25 27 29
6 8 12 17 24 25 33 34
5 7 11 19 21 25 30 32
0 14 16 18 20 23 25 31
0 2 7 11 17 21 23 28
1 4 5 9 13 18 20 34
1 6 7 10 13 16 32 33
1 8 12 13 21 23 27 31
1 11 13 14 17 24 29 30
0 2 4 24 28 30 32 34
2 3 10 13 19 20 28 31
2 5 8 12 16 22 28 29
2 5 6 14 26 27 28 33
3 4 7 8 12 14 15 32
3 5 10 15 17 23 24 31
3 6 15 18 20 21 29 33
3 9 11 15 16 27 30 34
4 6 11 22 23 30 31 33
4 9 16 17 19 21 24 26
1 2 9 15 18 19 25 28
7 9 23 26 29 31 32 34
7 17 18 20 22 24 27 32
8 10 11 12 18 20 26 30
6 9 10 14 19 21 22 34
