13 24 25 29
18 29 30 34
0 4 23 34
4 5 9 28
9 10 14 33
3 14 15 19
8 19 20 24
5 15 22 31
1 10 20 27
6 15 25 32
2 11 20 30
0 7 16 25
5 12 21 30
0 10 17 26
12 13 23 31
1 17 18 28
6 22 23 33
3 11 27 28
8 16 32 33
2 3 13 21
7 8 18 26
9 17 30 31
0 1 14 22
5 6 19 27
10 11 24 32
2 15 16 29
7 20 21 34
4 12 25 26
8 9 15 23
13 14 20 28
18 19 25 33
3 23 24 30
0 8 28 29
5 13 33 34
3 4 10 18
1 3 31 32
1 2 6 8
6 7 11 13
11 12 16 18
16 17 21 23
21 22 26 28
26 27 31 33
1 15 21 33
3 6 20 26
8 11 25 31
1 13 16 30
0 6 18 21
5 11 23 26
10 16 28 31
1 14 23 25
6 19 28 30
0 11 24 33
3 5 16 29
8 10 21 34
4 13 15 26
9 18 20 31
3 25 28 34
4 8 30 33
0 3 9 13
5 8 14 18
10 13 19 23
15 18 24 28
20 23 29 33
0 15 27 30
0 5 20 32
2 5 10 25
7 10 15 30
0 12 15 20
5 17 20 25
10 22 25 30
4 16 20 22
9 21 25 27
14 26 30 32
0 2 19 31
1 5 7 24
6 10 12 29
11 15 17 34
1 4 11 19
6 9 16 24
11 14 21 29
16 19 26 34
4 21 24 31
1 9 26 29
6 14 31 34
17 19 21 32
2 22 24 26
7 27 29 31
1 12 32 34
2 4 6 17
7 9 11 22
12 14 16 27
2 12 28 33
3 7 17 33
3 8 12 22
8 13 17 27
13 18 22 32
2 18 23 27
7 23 28 32
4 27 29 32
2 9 32 34
2 4 7 14
7 9 12 19
12 14 17 24
17 19 22 29
22 24 27 34
