3 4 11 15 21 22 27 32 33
3 6 11 13 18 21 28 29 30
7 8 10 11 19 22 24 30 32
2 11 17 18 24 26 27 29 34
4 8 12 14 18 19 20 27 31
3 8 9 10 25 26 27 30 31
1 4 14 15 23 24 25 30 34
8 12 13 16 17 22 25 29 34
2 3 5 7 12 17 21 23 32
5 9 11 14 16 17 20 30 33
4 7 9 10 15 18 25 29 33
1 7 11 12 23 26 31 33 34
0 3 5 14 20 22 23 26 29
0 6 9 19 21 25 26 32 34
3 5 6 7 15 19 20 31 34
0 1 2 13 18 20 25 30 32
0 4 5 7 8 11 25 26 28
2 4 5 9 13 22 24 28 31
0 1 3 16 19 24 29 31 32
0 1 9 12 15 17 19 27 28
2 8 13 15 16 19 23 26 33
1 5 6 9 10 18 22 23 27
0 2 6 10 12 14 24 30 33
7 10 13 14 16 27 28 32 34
10 17 20 21 23 24 28 31 33
1 4 6 8 14 16 17 18 21
