3 10 16 17 26 31
1 8 15 21 22 31
1 6 13 20 26 27
6 11 18 25 31 32
1 2 11 16 23 30
0 6 7 16 21 28
5 11 12 21 26 33
0 19 30 31 33 34
0 1 3 4 5 24
5 6 8 9 10 29
10 11 13 14 15 34
4 15 16 18 19 20
9 20 21 23 24 25
14 25 26 28 29 30
4 6 8 15 29 30
0 9 11 13 20 34
4 5 14 16 18 25
9 10 19 21 23 30
0 14 15 24 26 28
5 19 20 29 31 33
1 3 10 24 25 34
7 11 17 22 24 29
12 16 22 27 29 34
4 17 21 27 32 34
2 4 9 22 26 32
2 7 9 14 27 31
1 7 12 14 19 32
2 6 12 17 19 24
8 13 16 24 32 33
2 3 13 18 21 29
7 8 18 23 26 34
4 12 13 23 28 31
1 9 17 18 28 33
3 6 14 22 23 33
3 8 11 19 27 28
5 7 13 17 25 30
0 10 12 18 22 30
0 5 15 17 23 27
5 10 20 22 28 32
2 10 15 25 27 33
3 7 15 20 30 32
0 2 8 12 20 25
4 7 10 11 33 35
3 9 12 15 16 35
8 14 17 20 21 35
13 19 22 25 26 35
18 24 27 30 31 35
0 1 23 29 32 35
2 5 6 28 34 35
