4 5 6 8 16 17 25 26
2 4 9 14 16 28 29 35
1 8 14 27 31 32 34 35
1 6 10 12 13 14 19 33
2 5 6 13 20 22 34 35
2 3 7 8 17 19 21 28
7 21 23 25 26 29 33 35
0 6 9 12 23 26 28 34
0 4 10 11 27 28 33 34
1 15 16 17 20 23 33 34
8 9 11 13 23 24 25 27
5 7 12 14 16 18 27 30
2 4 8 10 12 18 25 29
1 3 8 12 15 22 24 35
4 13 18 19 22 23 26 30
1 9 10 17 21 22 26 27
2 3 6 23 27 31 32 33
11 12 17 21 29 30 32 34
5 11 13 14 15 21 23 32
15 18 19 25 27 28 31 34
5 8 9 10 30 31 33 35
0 3 14 15 20 25 26 30
6 7 13 15 17 28 29 31
4 7 9 10 15 18 20 32
0 1 5 22 25 28 29 32
7 11 12 16 20 22 26 31
1 6 18 20 21 24 28 30
0 1 2 4 7 11 30 31
3 5 9 11 17 18 19 35
0 3 4 13 16 21 24 31
3 5 7 10 23 24 29 34
2 10 15 16 19 24 26 32
0 14 17 18 22 24 33 35
0 6 8 11 19 20 27 29
