10 17 27 33
1 14 21 31
5 18 25 35
3 9 22 29
7 13 26 33
1 11 17 30
5 15 21 34
2 9 19 25
6 13 23 29
1 7 15 27
5 11 19 31
9 15 23 35
3 13 19 27
7 17 23 31
11 21 27 35
3 15 25 31
7 19 29 35
3 11 23 33
9 10 12 14
13 14 16 18
17 18 20 22
21 22 24 26
25 26 28 30
29 30 32 34
0 2 33 34
1 2 4 6
5 6 8 10
6 20 25 33
1 10 24 29
5 14 28 33
1 9 18 32
0 5 13 22
4 9 17 26
8 13 21 30
12 17 25 34
2 16 21 29
0 18 27 29
4 22 31 33
1 8 26 35
3 5 12 30
7 9 16 34
2 11 13 20
6 15 17 24
10 19 21 28
14 23 25 32
12 18 19 26
16 22 23 30
20 26 27 34
2 24 30 31
6 28 34 35
2 3 10 32
0 6 7 14
4 10 11 18
8 14 15 22
0 10 23 26
4 14 27 30
8 18 31 34
2 12 22 35
3 6 16 26
7 10 20 30
11 14 24 34
2 15 18 28
6 19 22 32
0 15 19 30
4 19 23 34
2 8 23 27
6 12 27 31
10 16 31 35
3 14 20 35
3 7 18 24
7 11 22 28
11 15 26 32
0 20 31 32
0 4 24 35
3 4 8 28
7 8 12 32
0 11 12 16
4 15 16 20
8 19 20 24
12 23 24 28
16 27 28 32
10 13 15 34
2 14 17 19
6 18 21 23
10 22 25 27
14 26 29 31
18 30 33 35
1 3 22 34
2 5 7 26
6 9 11 30
13 17 32 35
0 3 17 21
4 7 21 25
8 11 25 29
12 15 29 33
1 16 19 33
1 5 20 23
5 9 24 27
9 13 28 31
9 12 20 21
13 16 24 25
17 20 28 29
21 24 32 33
0 1 25 28
4 5 29 32
0 8 9 33
1 4 12 13
5 8 16 17
