3 14 16 19 20 21 32 34 35
1 2 4 9 10 17 20 29 33
1 6 8 20 21 23 26 28 31
3 4 11 12 22 23 30 31 35
7 9 15 17 19 24 28 30 35
10 11 13 19 23 27 31 32 33
0 4 5 8 16 19 23 24 29
4 6 7 14 22 27 28 29 34
3 6 8 10 12 14 15 24 33
2 3 7 8 13 17 18 21 23
1 4 13 15 21 22 24 25 32
0 7 10 16 21 25 26 30 33
10 11 12 18 21 25 28 29 35
1 5 9 10 15 18 22 23 34
5 6 7 9 12 25 29 31 32
2 6 9 11 13 16 18 19 22
0 2 4 12 15 18 19 26 31
0 1 2 3 6 27 30 32 35
2 3 16 17 24 25 28 31 34
5 6 8 13 17 26 33 34 35
1 12 13 14 19 23 25 30 34
0 3 8 9 11 26 29 32 34
1 7 11 12 15 16 17 20 27
2 5 9 11 14 21 24 26 27
8 18 20 22 24 25 26 27 30
0 3 5 13 15 20 28 29 30
0 14 17 18 22 28 31 32 33
