4 19 22 29 33
1 5 11 26 29
1 8 12 18 33
5 8 15 19 25
12 15 22 26 32
2 23 25 31 32
3 4 9 30 32
2 4 10 11 16
9 11 17 18 23
16 18 24 25 30
7 8 10 29 32
1 4 14 15 17
8 11 21 22 24
15 18 28 29 31
0 1 3 22 25
1 2 7 20 21
8 9 14 27 28
0 15 16 21 34
6 7 22 23 28
0 13 14 29 30
0 7 11 33 35
5 7 14 18 35
12 14 21 25 35
19 21 28 32 35
0 4 26 28 35
4 6 8 25 34
6 11 13 15 32
4 13 18 20 22
11 20 25 27 29
1 18 27 32 34
2 9 13 18 26
9 16 20 25 33
5 16 23 27 32
4 12 23 30 34
2 6 11 19 30
3 8 13 16 35
10 15 20 23 35
17 22 27 30 35
2 24 29 34 35
1 6 9 31 35
6 14 23 26 33
5 13 21 30 33
2 5 12 20 28
0 9 12 19 27
7 16 19 26 34
0 4 5 24 31
3 7 11 12 31
3 10 14 18 19
10 17 21 25 26
17 24 28 32 33
8 20 26 30 31
2 3 15 27 33
5 9 10 22 34
6 12 16 17 29
1 13 19 23 24
1 10 16 28 30
0 2 8 17 23
7 9 15 24 30
2 14 16 22 31
3 9 21 23 29
10 13 31 33 34
3 5 6 17 20
10 12 13 24 27
17 19 20 31 34
3 6 24 26 27
0 14 20 24 32
4 7 21 27 31
3 11 14 28 34
0 6 10 18 21
7 13 17 25 28
