2 3 5 6 8 13 15 26 27
0 1 5 7 9 11 21 27 32
0 2 16 18 21 23 26 28 31
0 3 4 10 12 14 15 20 21
0 6 13 16 17 21 22 24 29
0 8 19 21 25 30 33 34 35
1 2 11 14 15 24 29 30 33
1 3 11 13 16 18 19 23 35
1 4 8 11 17 20 22 28 31
1 6 10 11 12 25 26 30 34
2 4 7 9 13 16 20 25 34
2 10 12 17 19 22 27 32 35
5 14 15 17 18 22 23 25 34
3 7 9 17 22 26 30 31 33
3 24 25 27 28 29 31 32 34
4 5 19 20 24 26 29 33 35
4 6 18 20 23 27 30 32 33
5 10 12 13 16 28 30 31 33
6 7 9 14 15 19 28 31 35
7 8 9 10 12 18 23 24 29
8 13 14 15 16 26 27 32 34
