16 17 32
0 20 21
4 24 25
8 28 29
12 32 33
0 1 16
4 5 20
8 9 24
12 13 28
4 15 28
8 19 32
0 12 23
4 16 27
8 20 31
12 24 35
3 16 28
7 20 32
0 11 24
10 17 19
14 21 23
18 25 27
22 29 31
26 33 35
1 3 30
5 7 34
2 9 11
6 13 15
6 7 29
10 11 33
1 14 15
5 18 19
9 22 23
13 26 27
17 30 31
21 34 35
2 3 25
2 4 31
6 8 35
3 10 12
7 14 16
11 18 20
15 22 24
19 26 28
23 30 32
0 27 34
6 25 28
10 29 32
0 14 33
1 4 18
5 8 22
9 12 26
13 16 30
17 20 34
2 21 24
1 7 9
5 11 13
9 15 17
13 19 21
17 23 25
21 27 29
25 31 33
1 29 35
3 5 33
1 11 19
5 15 23
9 19 27
13 23 31
17 27 35
3 21 31
7 25 35
3 11 29
7 15 33
1 2 17
5 6 21
9 10 25
13 14 29
17 18 33
1 21 22
5 25 26
9 29 30
13 33 34
4 12 14
8 16 18
12 20 22
16 24 26
20 28 30
24 32 34
0 2 28
4 6 32
0 8 10
14 22 26
18 26 30
22 30 34
2 26 34
2 6 30
6 10 34
2 10 14
6 14 18
10 18 22
12 15 19
16 19 23
20 23 27
24 27 31
28 31 35
3 32 35
0 3 7
4 7 11
8 11 15
0 13 25
4 17 29
8 21 33
1 12 25
5 16 29
9 20 33
1 13 24
5 17 28
9 21 32
3 15 26
7 19 30
11 23 34
2 15 27
6 19 31
10 23 35
3 14 27
7 18 31
11 22 35
3 18 29
7 22 33
1 11 26
5 15 30
9 19 34
2 13 23
6 17 27
10 21 31
14 25 35
7 21 26
11 25 30
15 29 34
2 19 33
1 6 23
5 10 27
9 14 31
13 18 35
3 17 22
7 10 13
11 14 17
15 18 21
19 22 25
23 26 29
27 30 33
1 31 34
2 5 35
3 6 9
6 16 22
10 20 26
14 24 30
18 28 34
2 22 32
0 6 26
4 10 30
8 14 34
2 12 18
2 12 29
6 16 33
1 10 20
5 14 24
9 18 28
13 22 32
0 17 26
4 21 30
8 25 34
10 24 28
14 28 32
0 18 32
0 4 22
4 8 26
8 12 30
12 16 34
2 16 20
6 20 24
4 9 13
8 13 17
12 17 21
16 21 25
20 25 29
24 29 33
1 28 33
1 5 32
0 5 9
7 12 27
11 16 31
15 20 35
3 19 24
7 23 28
11 27 32
0 15 31
4 19 35
3 8 23
3 4 34
2 7 8
6 11 12
10 15 16
14 19 20
18 23 24
22 27 28
26 31 32
0 30 35
4 23 33
1 8 27
5 12 31
9 16 35
3 13 20
7 17 24
11 21 28
15 25 32
0 19 29
