0 1 4 10 22 24 25 29 33
1 7 14 18 22 23 26 28 31
3 4 7 13 18 30 32 34 35
4 6 8 13 14 17 24 27 31
12 20 21 22 29 31 32 33 34
6 7 9 11 18 27 28 29 34
6 9 10 17 21 22 30 31 35
1 2 9 11 12 13 25 30 31
2 13 16 23 24 27 30 32 33
3 5 11 15 18 19 24 31 33
0 1 5 8 9 11 14 20 32
0 2 3 9 13 21 24 26 28
4 6 8 9 16 19 26 33 34
0 1 12 15 24 26 27 34 35
4 7 9 14 15 20 21 23 24
3 5 6 12 13 15 22 23 29
2 4 5 17 19 22 27 28 32
0 8 14 19 21 23 29 30 35
3 8 15 16 20 22 25 28 30
0 6 10 12 15 16 18 31 32
4 5 7 11 12 16 21 25 29
1 3 12 14 16 17 28 33 35
0 7 8 10 12 13 17 19 20
2 3 5 10 14 25 27 34 35
1 6 18 19 20 21 23 25 27
2 6 7 11 20 22 26 33 35
2 5 8 15 17 18 26 29 30
10 11 17 23 25 26 28 32 34
