6 14 24 25 29 30 33
0 9 17 27 28 32 33
0 3 12 20 30 31 35
2 3 6 15 23 33 34
0 1 5 6 9 18 26
3 4 8 9 12 21 29
6 7 11 12 15 24 32
9 10 14 15 18 27 35
2 12 13 17 18 21 30
5 15 16 20 21 24 33
0 8 18 19 23 24 27
3 11 21 22 26 27 30
1 8 11 16 17 33 35
0 2 4 11 14 19 20
3 5 7 14 17 22 23
6 8 10 17 20 25 26
9 11 13 20 23 28 29
12 14 16 23 26 31 32
15 17 19 26 29 34 35
1 2 18 20 22 29 32
4 5 21 23 25 32 35
2 7 8 24 26 28 35
2 5 10 11 27 29 31
5 8 13 14 30 32 34
4 9 17 22 24 31 34
1 7 12 20 25 27 34
1 4 10 15 23 28 30
4 7 13 18 26 31 33
0 7 10 16 21 29 34
1 3 10 13 19 24 32
4 6 13 16 22 27 35
2 7 9 16 19 25 30
5 10 12 19 22 28 33
0 8 13 15 22 25 31
3 11 16 18 25 28 34
1 6 14 19 21 28 31
