12 15 35 36
0 13 16 36
0 1 14 17
1 2 15 18
2 3 16 19
3 4 17 20
4 5 18 21
5 6 19 22
6 7 20 23
7 8 21 24
8 9 22 25
9 10 23 26
10 11 24 27
11 12 25 28
12 13 26 29
13 14 27 30
14 15 28 31
15 16 29 32
16 17 30 33
17 18 31 34
18 19 32 35
19 20 33 36
0 20 21 34
1 21 22 35
2 22 23 36
0 3 23 24
1 4 24 25
2 5 25 26
3 6 26 27
4 7 27 28
5 8 28 29
6 9 29 30
7 10 30 31
8 11 31 32
9 12 32 33
10 13 33 34
11 14 34 35
18 20 24 29
19 21 25 30
20 22 26 31
21 23 27 32
22 24 28 33
23 25 29 34
24 26 30 35
25 27 31 36
0 26 28 32
1 27 29 33
2 28 30 34
3 29 31 35
4 30 32 36
0 5 31 33
1 6 32 34
2 7 33 35
3 8 34 36
0 4 9 35
1 5 10 36
0 2 6 11
1 3 7 12
2 4 8 13
3 5 9 14
4 6 10 15
5 7 11 16
6 8 12 17
7 9 13 18
8 10 14 19
9 11 15 20
10 12 16 21
11 13 17 22
12 14 18 23
13 15 19 24
14 16 20 25
15 17 21 26
16 18 22 27
17 19 23 28
6 16 28 35
7 17 29 36
0 8 18 30
1 9 19 31
2 10 20 32
3 11 21 33
4 12 22 34
5 13 23 35
6 14 24 36
0 7 15 25
1 8 16 26
2 9 17 27
3 10 18 28
4 11 19 29
5 12 20 30
6 13 21 31
7 14 22 32
8 15 23 33
9 16 24 34
10 17 25 35
11 18 26 36
0 12 19 27
1 13 20 28
2 14 21 29
3 15 22 30
4 16 23 31
5 17 24 32
6 18 25 33
7 19 26 34
8 20 27 35
9 21 28 36
0 10 22 29
1 11 23 30
2 12 24 31
3 13 25 32
4 14 26 33
5 15 27 34
