7 8 14 16 30
11 12 18 20 34
2 15 16 22 24
6 19 20 26 28
10 23 24 30 32
0 14 27 28 34
2 4 18 31 32
0 6 8 22 35
3 4 10 12 26
5 19 21 28 32
0 9 23 25 32
0 4 13 27 29
4 8 17 31 33
1 8 12 21 35
3 5 12 16 25
7 9 16 20 29
11 13 20 24 33
1 15 17 24 28
10 16 28 31 35
3 14 20 32 35
0 3 7 18 24
4 7 11 22 28
8 11 15 26 32
0 12 15 19 30
4 16 19 23 34
2 8 20 23 27
6 12 24 27 31
1 12 22 29 32
0 5 16 26 33
1 4 9 20 30
5 8 13 24 34
2 9 12 17 28
6 13 16 21 32
0 10 17 20 25
4 14 21 24 29
8 18 25 28 33
10 15 21 29 33
1 14 19 25 33
1 5 18 23 29
5 9 22 27 33
1 9 13 26 31
5 13 17 30 35
3 9 17 21 34
2 7 13 21 25
6 11 17 25 29
4 15 25 27 35
3 8 19 29 31
7 12 23 33 35
1 3 11 16 27
5 7 15 20 31
9 11 19 24 35
3 13 15 23 28
7 17 19 27 32
0 11 21 23 31
7 24 25 26 36
11 28 29 30 36
15 32 33 34 36
0 1 2 19 36
4 5 6 23 36
8 9 10 27 36
12 13 14 31 36
16 17 18 35 36
3 20 21 22 36
1 6 7 10 34
2 5 10 11 14
6 9 14 15 18
10 13 18 19 22
14 17 22 23 26
18 21 26 27 30
22 25 30 31 34
2 26 29 34 35
2 3 6 30 33
