0 3 4 7 8 14 16 20 25 28
1 3 4 6 11 12 13 15 18 27
6 10 12 15 16 17 23 29 34 36
5 13 14 15 20 23 24 27 30 35
2 3 7 8 13 19 22 30 31 36
0 1 5 8 9 12 15 17 22 32
3 5 6 10 19 21 22 28 34 35
0 10 11 13 17 21 24 25 30 34
1 4 7 10 14 15 17 19 31 33
1 2 4 6 8 9 20 24 29 35
4 5 8 18 20 21 31 33 34 36
2 5 13 15 21 25 26 27 28 29
1 2 7 9 16 18 21 23 28 30
0 6 9 14 18 21 23 25 31 35
9 11 13 16 17 28 32 33 35 36
4 16 19 22 23 25 26 30 32 33
3 6 7 12 21 26 29 30 32 33
0 2 10 11 14 18 20 22 29 32
5 7 9 11 16 24 27 31 32 34
1 2 7 12 14 25 26 34 35 36
12 17 18 19 20 24 26 28 29 31
0 3 8 9 10 11 19 23 26 27
0 2 3 17 22 23 24 27 33 36
