2 4 12 21 27 28 32 36
5 9 10 12 13 24 26 36
8 12 14 20 23 30 31 35
1 4 17 18 23 24 26 27
4 6 11 14 25 26 29 34
6 11 12 15 18 19 27 31
5 8 17 22 26 29 31 32
5 6 7 18 28 32 33 35
8 9 11 12 16 23 33 34
0 6 8 9 22 23 32 36
15 19 20 26 33 34 35 36
0 13 14 20 21 27 29 33
7 9 13 17 19 27 30 34
4 8 13 18 19 21 22 25
4 7 12 15 16 20 22 29
0 3 4 5 16 19 24 30
1 3 12 15 21 30 32 34
1 3 7 8 10 14 27 33
7 8 11 21 24 29 30 35
3 5 16 22 25 27 34 35
2 7 20 24 25 31 32 34
2 4 9 13 17 31 33 35
1 2 10 19 23 29 32 35
1 2 3 5 6 11 13 20
0 2 8 10 15 18 28 34
3 9 17 18 20 28 29 36
0 1 7 12 17 25 35 36
6 10 22 24 25 28 30 33
11 13 14 15 16 17 24 32
5 9 10 14 15 21 23 25
0 3 7 13 23 26 28 31
6 10 16 17 20 21 26 28
1 4 10 11 16 21 31 36
0 1 9 11 14 19 22 28
2 14 16 18 22 26 30 36
