1 6 9 10 27 31 33
2 7 10 11 28 32 34
3 8 11 12 29 33 35
4 9 12 13 30 34 36
0 5 10 13 14 31 35
1 6 11 14 15 32 36
0 2 7 12 15 16 33
1 3 8 13 16 17 34
2 4 9 14 17 18 35
3 5 10 15 18 19 36
0 4 6 11 16 19 20
1 5 7 12 17 20 21
2 6 8 13 18 21 22
3 7 9 14 19 22 23
4 8 10 15 20 23 24
5 9 11 16 21 24 25
6 10 12 17 22 25 26
7 11 13 18 23 26 27
8 12 14 19 24 27 28
9 13 15 20 25 28 29
10 14 16 21 26 29 30
11 15 17 22 27 30 31
12 16 18 23 28 31 32
13 17 19 24 29 32 33
14 18 20 25 30 33 34
15 19 21 26 31 34 35
16 20 22 27 32 35 36
0 17 21 23 28 33 36
0 1 18 22 24 29 34
1 2 19 23 25 30 35
2 3 20 24 26 31 36
0 3 4 21 25 27 32
1 4 5 22 26 28 33
2 5 6 23 27 29 34
3 6 7 24 28 30 35
4 7 8 25 29 31 36
0 5 8 9 26 30 32
