4 18 27 30 33 36
1 8 22 31 34 36
2 5 12 26 35 36
3 6 9 16 30 36
7 10 13 20 34 36
2 11 14 17 24 36
6 15 18 21 28 36
10 19 22 25 32 36
0 14 23 26 29 36
2 10 15 29 31 33
1 6 14 19 33 35
1 3 5 10 18 23
5 7 9 14 22 27
9 11 13 18 26 31
13 15 17 22 30 35
3 17 19 21 26 34
2 7 21 23 25 30
6 11 25 27 29 34
0 5 21 32 33 34
0 1 2 4 9 25
4 5 6 8 13 29
8 9 10 12 17 33
1 12 13 14 16 21
5 16 17 18 20 25
9 20 21 22 24 29
13 24 25 26 28 33
1 17 28 29 30 32
1 6 7 11 26 32
0 5 10 11 15 30
4 9 14 15 19 34
2 8 13 18 19 23
6 12 17 22 23 27
10 16 21 26 27 31
14 20 25 30 31 35
3 18 24 29 34 35
2 3 7 22 28 33
5 19 24 27 28 31
9 23 28 31 32 35
0 3 13 27 32 35
0 3 4 7 17 31
4 7 8 11 21 35
3 8 11 12 15 25
7 12 15 16 19 29
11 16 19 20 23 33
1 15 20 23 24 27
7 12 14 18 24 32
0 11 16 18 22 28
4 15 20 22 26 32
0 8 19 24 26 30
4 12 23 28 30 34
2 8 16 27 32 34
0 2 6 12 20 31
4 6 10 16 24 35
3 8 10 14 20 28
