0 1 13 19 27 31
0 2 8 9 26 35
0 3 6 29 32 34
0 7 16 18 33 36
0 5 11 17 23 24
0 2 4 7 10 30
4 9 14 19 34 36
0 12 14 21 22 28
1 2 14 20 24 33
1 3 5 9 12 18
0 9 15 20 25 29
1 6 10 11 21 36
3 13 14 15 18 33
1 7 25 28 29 30
1 16 22 23 26 34
2 3 16 17 19 25
2 5 6 15 28 31
2 8 13 22 32 36
2 10 13 21 23 29
2 11 18 27 30 34
2 4 12 17 27 32
3 4 20 21 26 27
3 7 10 11 14 35
4 8 18 23 28 33
3 8 22 24 30 31
5 10 15 24 26 34
4 9 11 13 22 25
7 15 17 22 27 36
11 19 26 28 32 33
12 15 19 23 30 35
5 7 8 19 21 34
1 8 10 15 17 32
5 13 14 16 30 32
5 22 27 29 33 35
6 7 12 13 24 26
6 8 14 23 25 27
6 9 17 21 30 33
6 10 18 19 20 22
7 9 20 23 31 32
3 23 28 31 35 36
8 11 12 16 20 29
1 4 5 6 16 35
9 10 16 24 27 28
10 12 25 31 33 34
5 20 25 26 30 36
13 17 20 28 34 35
14 17 18 26 29 31
4 12 19 24 29 36
4 11 15 16 21 31
18 21 24 25 32 35
