0 1 5 13 18 20 22 28 32
12 14 18 19 24 26 30 34 36
0 4 15 16 23 26 33 36 37
7 12 20 25 27 28 31 33 36
3 17 19 22 23 25 26 28 35
4 9 19 21 29 31 32 35 36
8 9 13 18 26 27 29 31 37
1 6 9 14 15 25 28 31 34
6 8 16 18 20 23 25 30 35
9 10 16 17 24 27 33 34 35
0 2 8 24 25 27 29 32 34
1 12 16 17 21 28 30 32 37
0 2 3 7 13 16 19 31 34
4 5 6 10 12 13 21 24 25
2 9 13 14 20 21 23 26 32
1 10 13 17 20 29 30 33 36
2 6 7 10 22 24 32 36 37
1 11 12 16 22 23 24 29 31
0 3 10 14 18 21 23 27 33
3 6 15 19 20 24 28 29 37
2 4 8 10 11 15 17 18 28
5 6 10 11 19 26 27 30 31
1 3 4 7 15 22 26 27 30
3 8 11 12 13 15 32 33 35
0 5 7 11 14 16 28 29 35
3 5 7 8 9 11 21 22 36
5 7 15 17 18 21 23 31 34
4 11 14 17 20 22 25 34 37
0 2 6 9 12 17 22 30 33
1 2 5 8 14 19 33 35 37
