6 8 11 14 18 24 33 35
2 5 8 9 15 18 32 36
2 6 10 13 18 19 27 28
4 15 21 22 28 30 33 36
9 14 20 25 27 30 35 37
0 3 7 9 19 27 31 33
0 2 7 8 16 22 25 35
0 14 15 17 19 22 24 32
3 6 9 18 22 25 29 34
6 7 16 19 20 21 30 36
8 10 17 20 28 29 31 33
2 3 4 7 11 12 14 17
4 5 9 10 14 16 23 34
0 4 16 18 26 29 30 37
3 12 15 16 24 25 28 31
8 12 15 19 21 29 34 37
5 11 19 24 26 28 29 35
2 10 21 24 25 26 33 34
10 11 12 22 26 27 32 36
7 10 13 15 23 29 30 35
1 12 18 19 20 22 23 33
1 7 9 23 24 28 36 37
5 13 16 17 25 32 33 37
1 4 5 6 12 31 32 35
1 8 9 12 13 17 26 30
3 8 23 24 27 29 30 32
2 5 11 22 30 31 34 37
0 1 3 5 10 14 21 37
1 2 13 14 25 29 31 36
0 4 6 8 11 19 23 25
17 18 21 23 27 31 35 36
1 6 11 15 16 17 27 34
2 3 6 15 20 23 26 37
4 5 7 13 20 22 24 27
7 14 18 26 28 31 32 34
0 3 12 13 20 34 35 36
0 9 11 13 20 21 28 32
