20 22 26
21 23 27
22 24 28
23 25 29
24 26 30
25 27 31
26 28 32
27 29 33
28 30 34
29 31 35
30 32 36
0 31 33
1 32 34
2 33 35
3 34 36
0 4 35
1 5 36
0 2 6
1 3 7
2 4 8
3 5 9
4 6 10
5 7 11
6 8 12
7 9 13
8 10 14
9 11 15
10 12 16
11 13 17
12 14 18
13 15 19
14 16 20
15 17 21
16 18 22
17 19 23
18 20 24
19 21 25
10 17 31
11 18 32
12 19 33
13 20 34
14 21 35
15 22 36
0 16 23
1 17 24
2 18 25
3 19 26
4 20 27
5 21 28
6 22 29
7 23 30
8 24 31
9 25 32
10 26 33
11 27 34
12 28 35
13 29 36
0 14 30
1 15 31
2 16 32
3 17 33
4 18 34
5 19 35
6 20 36
0 7 21
1 8 22
2 9 23
3 10 24
4 11 25
5 12 26
6 13 27
7 14 28
8 15 29
9 16 30
3 4 16
4 5 17
5 6 18
6 7 19
7 8 20
8 9 21
9 10 22
10 11 23
11 12 24
12 13 25
13 14 26
14 15 27
15 16 28
16 17 29
17 18 30
18 19 31
19 20 32
20 21 33
21 22 34
22 23 35
23 24 36
0 24 25
1 25 26
2 26 27
3 27 28
4 28 29
5 29 30
6 30 31
7 31 32
8 32 33
9 33 34
10 34 35
11 35 36
0 12 36
0 1 13
1 2 14
2 3 15
11 28 33
12 29 34
13 30 35
14 31 36
0 15 32
1 16 33
2 17 34
3 18 35
4 19 36
0 5 20
1 6 21
2 7 22
3 8 23
4 9 24
5 10 25
6 11 26
7 12 27
8 13 28
9 14 29
10 15 30
11 16 31
12 17 32
13 18 33
14 19 34
15 20 35
16 21 36
0 17 22
1 18 23
2 19 24
3 20 25
4 21 26
5 22 27
6 23 28
7 24 29
8 25 30
9 26 31
10 27 32
15 18 26
16 19 27
17 20 28
18 21 29
19 22 30
20 23 31
21 24 32
22 25 33
23 26 34
24 27 35
25 28 36
0 26 29
1 27 30
2 28 31
3 29 32
4 30 33
5 31 34
6 32 35
7 33 36
0 8 34
1 9 35
2 10 36
0 3 11
1 4 12
2 5 13
3 6 14
4 7 15
5 8 16
6 9 17
7 10 18
8 11 19
9 12 20
10 13 21
11 14 22
12 15 23
13 16 24
14 17 25
15 25 34
16 26 35
17 27 36
0 18 28
1 19 29
2 20 30
3 21 31
4 22 32
5 23 33
6 24 34
7 25 35
8 26 36
0 9 27
1 10 28
2 11 29
3 12 30
4 13 31
5 14 32
6 15 33
7 16 34
8 17 35
9 18 36
0 10 19
1 11 20
2 12 21
3 13 22
4 14 23
5 15 24
6 16 25
7 17 26
8 18 27
9 19 28
10 20 29
11 21 30
12 22 31
13 23 32
14 24 33
2 35 37
8 34 37
7 16 37
20 22 37
0 9 37
3 24 37
27 28 37
13 36 37
6 11 37
19 25 37
30 31 37
12 32 37
5 14 37
4 21 37
10 33 37
1 23 37
8 17 37
26 29 37
15 18 37
