0 3 9 14 17 25 28 30 31 35
2 3 4 5 9 10 13 20 24 35
0 2 8 12 13 15 18 29 31 34
0 3 4 6 18 19 20 23 25 29
2 4 6 9 16 26 27 30 31 32
1 2 5 6 8 11 12 17 28 36
4 10 11 13 14 19 22 30 32 34
0 1 4 5 8 21 24 25 26 32
5 8 18 19 22 24 28 30 33 37
4 9 12 23 24 25 33 34 36 37
6 10 13 18 21 25 27 28 32 36
11 16 17 18 22 23 24 29 31 32
2 3 5 7 14 15 31 32 36 37
6 14 20 26 28 29 34 35 36 37
4 7 8 10 15 16 17 20 23 28
1 3 8 12 14 16 21 27 34 37
0 1 9 10 16 19 29 31 33 36
1 5 7 13 14 16 18 23 25 35
3 11 12 20 23 27 30 32 33 35
5 7 17 19 20 21 27 29 30 34
2 8 9 11 15 19 21 22 25 35
0 6 7 13 14 15 22 24 27 33
0 7 9 10 11 12 18 19 26 37
2 3 13 17 21 22 23 26 33 37
1 12 15 20 21 22 26 30 31 36
