3 10 26 36
4 11 27 37
0 5 12 28
1 6 13 29
2 7 14 30
3 8 15 31
4 9 16 32
5 10 17 33
6 11 18 34
7 12 19 35
8 13 20 36
9 14 21 37
0 10 15 22
1 11 16 23
2 12 17 24
3 13 18 25
4 14 19 26
5 15 20 27
6 16 21 28
7 17 22 29
8 18 23 30
9 19 24 31
10 20 25 32
11 21 26 33
12 22 27 34
13 23 28 35
14 24 29 36
15 25 30 37
0 16 26 31
1 17 27 32
2 18 28 33
3 19 29 34
4 20 30 35
5 21 31 36
6 22 32 37
0 7 23 33
1 8 24 34
2 9 25 35
3 7 27 28
4 8 28 29
5 9 29 30
6 10 30 31
7 11 31 32
8 12 32 33
9 13 33 34
10 14 34 35
11 15 35 36
12 16 36 37
0 13 17 37
0 1 14 18
1 2 15 19
2 3 16 20
3 4 17 21
4 5 18 22
5 6 19 23
6 7 20 24
7 8 21 25
8 9 22 26
9 10 23 27
10 11 24 28
11 12 25 29
12 13 26 30
13 14 27 31
14 15 28 32
15 16 29 33
16 17 30 34
17 18 31 35
18 19 32 36
19 20 33 37
0 20 21 34
1 21 22 35
2 22 23 36
3 23 24 37
0 4 24 25
1 5 25 26
2 6 26 27
0 2 8 11
1 3 9 12
2 4 10 13
3 5 11 14
4 6 12 15
5 7 13 16
6 8 14 17
7 9 15 18
8 10 16 19
9 11 17 20
10 12 18 21
11 13 19 22
12 14 20 23
13 15 21 24
14 16 22 25
15 17 23 26
16 18 24 27
17 19 25 28
18 20 26 29
19 21 27 30
20 22 28 31
21 23 29 32
22 24 30 33
23 25 31 34
24 26 32 35
25 27 33 36
26 28 34 37
0 27 29 35
1 28 30 36
2 29 31 37
0 3 30 32
1 4 31 33
2 5 32 34
3 6 33 35
4 7 34 36
5 8 35 37
0 6 9 36
1 7 10 37
11 13 30 32
4 8 23 27
6 14 25 33
0 17 19 36
9 10 28 29
7 16 26 35
5 18 24 37
2 6 21 29
1 3 20 22
12 15 31 34
