3 9 13 29 30
5 11 15 31 32
7 13 17 33 34
9 15 19 35 36
0 11 17 21 37
1 2 13 19 23
3 4 15 21 25
5 6 17 23 27
7 8 19 25 29
9 10 21 27 31
11 12 23 29 33
13 14 25 31 35
15 16 27 33 37
1 17 18 29 35
3 19 20 31 37
1 5 21 22 33
3 7 23 24 35
5 9 25 26 37
1 7 11 27 28
8 18 21 23 37
1 10 20 23 25
3 12 22 25 27
5 14 24 27 29
7 16 26 29 31
9 18 28 31 33
11 20 30 33 35
13 22 32 35 37
1 15 24 34 37
1 3 17 26 36
0 3 5 19 28
2 5 7 21 30
4 7 9 23 32
6 9 11 25 34
8 11 13 27 36
0 10 13 15 29
2 12 15 17 31
4 14 17 19 33
6 16 19 21 35
2 4 10 28 35
4 6 12 30 37
1 6 8 14 32
3 8 10 16 34
5 10 12 18 36
0 7 12 14 20
2 9 14 16 22
4 11 16 18 24
6 13 18 20 26
8 15 20 22 28
10 17 22 24 30
12 19 24 26 32
14 21 26 28 34
16 23 28 30 36
0 18 25 30 32
2 20 27 32 34
4 22 29 34 36
0 6 24 31 36
0 2 8 26 33
7 10 14 36 37
0 1 9 12 16
2 3 11 14 18
4 5 13 16 20
6 7 15 18 22
8 9 17 20 24
10 11 19 22 26
12 13 21 24 28
14 15 23 26 30
16 17 25 28 32
18 19 27 30 34
20 21 29 32 36
0 22 23 31 34
2 24 25 33 36
0 4 26 27 35
2 6 28 29 37
1 4 8 30 31
3 6 10 32 33
5 8 12 34 35
