1 2 4 6 8 9 11 20 32 35
0 6 13 14 15 16 17 20 23 28
1 6 10 13 18 21 26 28 36 37
6 8 12 13 25 27 29 30 31 33
2 3 4 5 12 17 18 19 23 28
0 2 7 9 13 19 21 22 25 31
0 4 5 7 8 9 10 17 22 26
2 10 11 15 17 27 30 31 35 36
0 3 8 9 15 21 23 30 34 36
0 3 15 18 19 20 24 26 27 29
0 3 11 13 18 22 28 32 34 35
4 5 13 14 15 18 22 25 30 37
5 12 14 20 21 22 29 33 35 36
1 5 6 16 22 23 24 27 31 34
2 9 10 12 13 24 28 29 34 37
4 9 14 17 21 24 27 32 33 37
0 1 7 11 12 15 23 29 33 37
7 9 12 16 18 20 26 30 32 34
3 6 7 8 16 19 24 35 36 37
2 10 11 14 16 19 21 26 33 34
4 15 16 17 25 29 31 32 34 36
3 10 20 23 25 26 31 32 35 37
1 5 11 17 19 24 25 28 30 32
1 3 7 8 14 18 27 28 31 33
