7 14 19 25 27 29
9 16 21 27 29 31
11 18 23 29 31 33
13 20 25 31 33 35
15 22 27 33 35 37
1 17 24 29 35 37
1 3 19 26 31 37
1 3 5 21 28 33
3 5 7 23 30 35
5 7 9 25 32 37
1 7 9 11 27 34
3 9 11 13 29 36
0 5 11 13 15 31
2 7 13 15 17 33
4 9 15 17 19 35
6 11 17 19 21 37
1 8 13 19 21 23
3 10 15 21 23 25
5 12 17 23 25 27
6 15 26 28 29 34
8 17 28 30 31 36
0 10 19 30 32 33
2 12 21 32 34 35
4 14 23 34 36 37
0 1 6 16 25 36
0 2 3 8 18 27
2 4 5 10 20 29
4 6 7 12 22 31
6 8 9 14 24 33
8 10 11 16 26 35
10 12 13 18 28 37
1 12 14 15 20 30
3 14 16 17 22 32
5 16 18 19 24 34
7 18 20 21 26 36
0 9 20 22 23 28
2 11 22 24 25 30
4 13 24 26 27 32
1 2 6 23 26 32
3 4 8 25 28 34
5 6 10 27 30 36
0 7 8 12 29 32
2 9 10 14 31 34
4 11 12 16 33 36
0 6 13 14 18 35
2 8 15 16 20 37
1 4 10 17 18 22
3 6 12 19 20 24
5 8 14 21 22 26
7 10 16 23 24 28
9 12 18 25 26 30
11 14 20 27 28 32
13 16 22 29 30 34
15 18 24 31 32 36
0 17 20 26 33 34
2 19 22 28 35 36
0 4 21 24 30 37
