1 10 12 14 16 23 36 37
0 1 4 13 15 17 19 26
3 4 7 16 18 20 22 29
6 7 10 19 21 23 25 32
9 10 13 22 24 26 28 35
12 13 16 25 27 29 31 38
2 15 16 19 28 30 32 34
5 18 19 22 31 33 35 37
1 8 21 22 25 34 36 38
0 2 4 11 24 25 28 37
1 3 5 7 14 27 28 31
4 6 8 10 17 30 31 34
7 9 11 13 20 33 34 37
17 20 21 28 29 31 35 36
0 20 23 24 31 32 34 38
2 3 23 26 27 34 35 37
1 5 6 26 29 30 37 38
1 2 4 8 9 29 32 33
4 5 7 11 12 32 35 36
0 7 8 10 14 15 35 38
2 3 10 11 13 17 18 38
2 5 6 13 14 16 20 21
5 8 9 16 17 19 23 24
8 11 12 19 20 22 26 27
11 14 15 22 23 25 29 30
14 17 18 25 26 28 32 33
0 5 9 10 12 18 29 34
3 8 12 13 15 21 32 37
1 6 11 15 16 18 24 35
4 9 14 18 19 21 27 38
2 7 12 17 21 22 24 30
5 10 15 20 24 25 27 33
8 13 18 23 27 28 30 36
0 11 16 21 26 30 31 33
3 14 19 24 29 33 34 36
0 6 17 22 27 32 36 37
0 1 3 9 20 25 30 35
3 4 6 12 23 28 33 38
2 6 7 9 15 26 31 36
