7 14 16 24 34
10 17 19 27 37
1 13 20 22 30
4 16 23 25 33
7 19 26 28 36
0 10 22 29 31
3 13 25 32 34
6 16 28 35 37
1 9 19 31 38
2 4 12 22 34
5 7 15 25 37
1 8 10 18 28
4 11 13 21 31
7 11 17 22 25
10 14 20 25 28
13 17 23 28 31
16 20 26 31 34
19 23 29 34 37
1 22 26 32 37
1 4 25 29 35
4 7 28 32 38
2 7 10 31 35
5 10 13 34 38
2 8 13 16 37
1 5 11 16 19
4 8 14 19 22
0 9 16 27 32
3 12 19 30 35
6 15 22 33 38
2 9 18 25 36
0 5 12 21 28
3 8 15 24 31
6 11 18 27 34
9 14 21 30 37
1 12 17 24 33
4 15 20 27 36
0 7 18 23 30
3 10 21 26 33
6 13 24 29 36
12 14 18 29 32
15 17 21 32 35
18 20 24 35 38
2 21 23 27 38
2 5 24 26 30
5 8 27 29 33
8 11 30 32 36
0 11 14 33 35
3 14 17 36 38
0 2 6 17 20
3 5 9 20 23
6 8 12 23 26
9 11 15 26 29
6 19 21 24 25
9 22 24 27 28
12 25 27 30 31
15 28 30 33 34
18 31 33 36 37
0 1 21 34 36
0 3 4 24 37
1 3 6 7 27
4 6 9 10 30
7 9 12 13 33
10 12 15 16 36
0 13 15 18 19
3 16 18 21 22
13 14 26 27 35
16 17 29 30 38
2 19 20 32 33
5 22 23 35 36
0 8 25 26 38
2 3 11 28 29
5 6 14 31 32
8 9 17 34 35
11 12 20 37 38
1 2 14 15 23
4 5 17 18 26
7 8 20 21 29
10 11 23 24 32
