4 10 27 28
7 13 30 31
10 16 33 34
13 19 36 37
0 1 16 22
3 4 19 25
6 7 22 28
9 10 25 31
12 13 28 34
15 16 31 37
1 18 19 34
4 21 22 37
1 7 24 25
1 3 11 35
4 6 14 38
2 7 9 17
5 10 12 20
8 13 15 23
11 16 18 26
14 19 21 29
17 22 24 32
20 25 27 35
23 28 30 38
2 26 31 33
5 29 34 36
0 8 32 37
9 19 20 26
12 22 23 29
15 25 26 32
18 28 29 35
21 31 32 38
2 24 34 35
5 27 37 38
1 2 8 30
4 5 11 33
7 8 14 36
0 10 11 17
3 13 14 20
6 16 17 23
9 23 29 32
12 26 32 35
15 29 35 38
2 18 32 38
2 5 21 35
5 8 24 38
2 8 11 27
5 11 14 30
8 14 17 33
11 17 20 36
0 14 20 23
3 17 23 26
6 20 26 29
3 10 21 36
0 6 13 24
3 9 16 27
6 12 19 30
9 15 22 33
12 18 25 36
0 15 21 28
3 18 24 31
6 21 27 34
9 24 30 37
1 12 27 33
4 15 30 36
0 7 18 33
0 5 19 31
3 8 22 34
6 11 25 37
1 9 14 28
4 12 17 31
7 15 20 34
10 18 23 37
1 13 21 26
4 16 24 29
7 19 27 32
10 22 30 35
13 25 33 38
2 16 28 36
7 12 14 16
10 15 17 19
13 18 20 22
16 21 23 25
19 24 26 28
22 27 29 31
25 30 32 34
28 33 35 37
1 31 36 38
0 2 4 34
3 5 7 37
1 6 8 10
4 9 11 13
4 7 23 35
7 10 26 38
2 10 13 29
5 13 16 32
8 16 19 35
11 19 22 38
2 14 22 25
5 17 25 28
8 20 28 31
11 23 31 34
14 26 34 37
1 17 29 37
1 4 20 32
5 22 26 36
0 8 25 29
3 11 28 32
6 14 31 35
9 17 34 38
2 12 20 37
1 5 15 23
4 8 18 26
7 11 21 29
10 14 24 32
13 17 27 35
16 20 30 38
2 19 23 33
0 9 35 36
0 3 12 38
2 3 6 15
5 6 9 18
8 9 12 21
11 12 15 24
14 15 18 27
17 18 21 30
20 21 24 33
23 24 27 36
0 26 27 30
3 29 30 33
6 32 33 36
