0 1 5 25 26 32 33 38
0 2 5 9 11 19 21 28
0 3 5 10 15 16 22 35
3 9 13 18 20 24 27 32
0 4 5 6 13 17 23 30
0 5 7 8 24 27 31 36
0 5 12 14 20 29 34 37
1 12 21 24 26 27 30 35
5 14 16 17 18 19 24 26
1 3 6 7 11 16 26 37
1 2 4 15 17 20 26 31
1 8 9 10 19 23 26 29
1 13 14 22 26 28 34 36
2 3 12 19 23 25 30 36
4 11 17 22 24 25 27 29
7 19 20 21 22 23 27 38
2 8 16 22 30 32 36 37
1 10 11 18 20 30 33 36
11 14 18 23 31 32 34 35
3 4 8 14 17 21 33 34
3 16 20 28 29 30 31 38
4 7 10 12 16 17 28 32
4 9 17 19 35 36 37 38
6 8 18 20 22 25 28 35
6 9 12 19 22 31 33 34
2 6 10 14 24 27 34 38
6 13 15 19 21 29 32 36
7 9 14 15 16 25 30 34
0 2 7 13 18 29 33 35
4 8 11 12 13 15 18 38
10 13 16 18 21 25 31 37
15 16 23 24 27 28 33 37
