0 7 9 12 13 23 28
3 10 12 15 16 26 31
6 13 15 18 19 29 34
9 16 18 21 22 32 37
1 12 19 21 24 25 35
4 15 22 24 27 28 38
2 7 18 25 27 30 31
5 10 21 28 30 33 34
8 13 24 31 33 36 37
0 1 11 16 27 34 36
0 3 4 14 19 30 37
1 3 6 7 17 22 33
4 6 9 10 20 25 36
2 3 5 9 24 32 34
5 6 8 12 27 35 37
1 8 9 11 15 30 38
2 4 11 12 14 18 33
5 7 14 15 17 21 36
0 8 10 17 18 20 24
3 11 13 20 21 23 27
6 14 16 23 24 26 30
9 17 19 26 27 29 33
12 20 22 29 30 32 36
0 15 23 25 32 33 35
3 18 26 28 35 36 38
0 2 6 21 29 31 38
3 8 14 16 25 28 29
6 11 17 19 28 31 32
9 14 20 22 31 34 35
12 17 23 25 34 37 38
1 2 15 20 26 28 37
1 4 5 18 23 29 31
4 7 8 21 26 32 34
7 10 11 24 29 35 37
1 10 13 14 27 32 38
2 4 13 16 17 30 35
5 7 16 19 20 33 38
2 8 10 19 22 23 36
0 5 11 13 22 25 26
