0 3 5 6 11 25 26 32 36
1 2 4 6 21 22 32 37 38
2 7 9 17 25 27 31 35 37
2 11 14 20 30 31 33 34 36
2 6 8 12 15 16 23 27 29
3 5 14 15 17 21 23 33 35
3 8 22 24 25 26 29 33 38
0 4 9 17 23 24 26 30 32
0 6 7 14 22 27 28 30 34
3 8 9 10 13 20 22 23 37
0 10 12 14 16 26 31 35 38
9 16 20 28 29 32 34 35 38
0 4 15 16 18 20 25 34 37
9 11 12 15 22 24 28 31 32
1 6 9 13 14 18 19 24 35
3 4 7 10 12 18 27 32 33
3 4 16 19 22 30 31 35 36
5 8 9 17 18 21 28 29 31
4 5 8 10 11 24 30 34 35
6 7 10 15 17 19 20 36 38
1 5 16 17 19 20 22 26 27
8 12 13 14 19 21 25 32 34
11 13 15 18 21 26 27 30 38
4 7 11 14 19 23 26 29 37
1 10 12 20 21 24 25 29 30
1 2 3 10 15 19 26 28 34
1 4 6 13 23 25 28 31 33
2 5 7 11 13 16 18 22 24
0 13 17 24 27 28 29 36 37
1 11 12 17 18 23 34 36 38
0 1 7 8 9 16 21 33 36
0 2 5 12 19 30 33 37 38
