2 7 16 17 19 35
3 8 17 18 20 36
4 9 18 19 21 37
5 10 19 20 22 38
0 6 11 20 21 23
1 7 12 21 22 24
2 8 13 22 23 25
3 9 14 23 24 26
4 10 15 24 25 27
5 11 16 25 26 28
6 12 17 26 27 29
7 13 18 27 28 30
8 14 19 28 29 31
9 15 20 29 30 32
10 16 21 30 31 33
11 17 22 31 32 34
12 18 23 32 33 35
13 19 24 33 34 36
14 20 25 34 35 37
15 21 26 35 36 38
0 16 22 27 36 37
1 17 23 28 37 38
0 2 18 24 29 38
0 1 3 19 25 30
1 2 4 20 26 31
2 3 5 21 27 32
3 4 6 22 28 33
4 5 7 23 29 34
5 6 8 24 30 35
6 7 9 25 31 36
7 8 10 26 32 37
8 9 11 27 33 38
0 9 10 12 28 34
1 10 11 13 29 35
2 11 12 14 30 36
3 12 13 15 31 37
4 13 14 16 32 38
0 5 14 15 17 33
1 6 15 16 18 34
6 10 13 14 21 32
1 18 25 26 32 33
2 10 15 16 23 34
3 4 10 17 31 38
0 4 8 13 15 26
0 13 18 20 31 35
6 8 12 25 34 38
4 23 30 35 36 37
8 20 21 27 28 34
12 19 23 26 27 31
3 7 11 15 18 19
17 19 24 28 32 36
17 21 25 29 33 37
1 4 14 17 27 35
5 9 12 13 17 30
5 10 14 18 22 36
7 14 20 30 33 38
4 11 12 16 20 24
1 5 11 24 31 37
3 22 26 29 30 34
2 9 15 22 28 35
0 3 7 16 32 35
1 8 9 16 29 36
2 6 19 20 33 37
