7 9 11 20 21 23 32 34 36 37
0 2 3 10 13 14 21 30 31 35
5 14 17 21 22 23 24 27 32 33
1 4 11 12 13 25 27 30 33 34
1 2 4 6 8 20 26 32 33 35
1 3 8 15 23 24 28 30 31 36
2 9 13 17 20 22 23 29 30 38
3 4 11 12 14 15 18 20 22 37
4 5 7 10 17 18 22 25 31 36
2 6 7 15 16 18 24 27 35 36
3 7 8 9 10 14 16 25 27 38
0 2 4 6 8 14 17 21 28 34
0 12 18 21 25 29 31 32 36 38
4 5 9 15 16 19 21 24 29 34
2 11 12 16 17 19 25 26 28 31
3 5 8 11 18 29 33 34 35 38
1 7 9 12 14 22 23 28 29 35
4 6 10 13 16 18 23 28 32 38
1 3 15 17 19 25 32 35 37 38
0 1 6 10 11 16 20 23 24 25
6 10 12 22 26 27 29 31 34 37
1 3 5 6 9 18 19 21 26 30
0 5 9 19 20 27 28 31 33 37
0 10 13 14 15 19 23 26 33 36
0 7 8 16 19 22 30 32 33 37
2 5 7 8 12 13 24 26 37 38
