2 4 6 18 21 32 38
0 6 10 12 14 26 29
8 14 18 20 22 34 37
2 5 16 22 26 28 30
10 13 24 30 34 36 38
5 9 16 17 32 36 38
0 4 6 13 17 24 25
8 12 14 21 25 32 33
0 1 16 20 22 29 33
1 8 9 24 28 30 37
17 18 19 28 33 36 39
1 4 7 25 26 27 36
4 9 12 15 33 34 35
1 2 3 12 17 20 23
9 10 11 20 25 28 31
3 11 12 22 25 38 39
6 7 11 19 20 30 33
1 14 15 19 27 28 38
6 9 22 23 27 35 36
3 4 14 17 30 31 35
13 23 26 31 33 37 38
1 5 6 21 31 34 39
2 7 9 13 14 29 39
7 10 15 17 21 22 37
5 15 18 23 25 29 30
0 3 7 23 28 32 34
0 2 8 11 15 31 36
4 8 10 16 19 23 39
7 12 16 18 24 27 31
15 20 24 26 32 35 39
2 16 19 25 34 35 37
2 3 5 10 24 27 33
1 10 11 13 18 32 35
0 3 9 18 19 21 26
8 11 17 26 27 29 34
0 5 7 8 20 35 38
3 6 8 13 15 16 28
11 14 16 21 23 24 36
4 19 22 24 29 31 32
0 12 27 30 32 37 39
3 6 15 20 29 36 37
4 5 11 14 23 28 37
5 12 13 19 22 31 36
4 13 20 21 27 30 39
7 12 21 28 29 35 38
