0 2 9 11 13 14 19 28 38
0 3 6 7 10 13 14 15 16
4 10 11 12 16 20 27 36 38
7 11 17 19 23 26 27 37 39
0 12 15 19 23 29 30 32 36
2 4 7 14 21 26 32 35 36
1 13 20 23 24 27 31 32 38
1 4 14 17 19 20 22 25 30
3 11 13 25 26 27 29 30 35
3 16 19 21 31 32 33 35 39
6 9 10 15 26 30 31 34 38
1 6 15 18 19 21 27 28 35
2 10 12 15 17 18 20 35 37
1 4 9 13 18 23 29 37 39
0 4 8 18 19 20 26 33 34
9 12 16 22 24 25 26 28 35
8 14 27 28 29 31 34 36 37
0 3 17 18 22 24 36 38 39
1 2 5 10 16 19 24 26 29
10 18 22 23 28 30 32 33 37
5 11 14 15 18 25 32 34 39
7 10 13 21 22 25 29 33 38
3 4 8 15 22 24 35 37 38
5 7 8 9 16 17 18 30 31
0 2 5 16 22 23 27 34 35
0 1 8 9 11 16 21 32 37
1 2 3 6 11 22 31 33 36
4 6 7 11 17 24 28 29 32
0 4 5 6 12 25 31 37 38
3 5 6 9 14 20 21 23 29
1 3 7 8 12 20 28 34 39
5 8 9 13 15 27 28 33 36
12 13 14 17 21 24 30 33 34
2 6 8 10 23 25 30 36 39
