11 25 27 31 38
0 12 26 28 32
1 13 27 29 33
2 14 28 30 34
3 15 29 31 35
4 16 30 32 36
5 17 31 33 37
6 18 32 34 38
0 7 19 33 35
1 8 20 34 36
2 9 21 35 37
3 10 22 36 38
0 4 11 23 37
1 5 12 24 38
0 2 6 13 25
1 3 7 14 26
2 4 8 15 27
3 5 9 16 28
4 6 10 17 29
5 7 11 18 30
6 8 12 19 31
7 9 13 20 32
8 10 14 21 33
9 11 15 22 34
10 12 16 23 35
11 13 17 24 36
12 14 18 25 37
13 15 19 26 38
0 14 16 20 27
1 15 17 21 28
2 16 18 22 29
3 17 19 23 30
4 18 20 24 31
5 19 21 25 32
6 20 22 26 33
7 21 23 27 34
8 22 24 28 35
9 23 25 29 36
10 24 26 30 37
11 14 19 28 29
12 15 20 29 30
13 16 21 30 31
14 17 22 31 32
15 18 23 32 33
16 19 24 33 34
17 20 25 34 35
18 21 26 35 36
19 22 27 36 37
20 23 28 37 38
0 21 24 29 38
0 1 22 25 30
1 2 23 26 31
2 3 24 27 32
3 4 25 28 33
4 5 26 29 34
5 6 27 30 35
6 7 28 31 36
7 8 29 32 37
8 9 30 33 38
0 9 10 31 34
1 10 11 32 35
2 11 12 33 36
3 12 13 34 37
4 13 14 35 38
0 5 14 15 36
1 6 15 16 37
2 7 16 17 38
0 3 8 17 18
1 4 9 18 19
2 5 10 19 20
3 6 11 20 21
4 7 12 21 22
5 8 13 22 23
6 9 14 23 24
7 10 15 24 25
8 11 16 25 26
9 12 17 26 27
10 13 18 27 28
11 19 29 38 39
6 16 21 37 39
2 14 34 35 39
15 22 27 28 39
12 18 20 36 39
0 23 31 32 39
0 3 8 13 39
4 5 9 10 39
24 25 26 33 39
1 7 17 30 39
