3 18 25 29
6 21 28 32
9 24 31 35
12 27 34 38
2 15 30 37
1 5 18 33
4 8 21 36
0 7 11 24
3 10 14 27
6 13 17 30
9 16 20 33
12 19 23 36
0 15 22 26
6 15 29 35
9 18 32 38
2 12 21 35
5 15 24 38
2 8 18 27
5 11 21 30
8 14 24 33
11 17 27 36
0 14 20 30
3 17 23 33
6 20 26 36
0 9 23 29
3 12 26 32
6 23 34 39
9 26 37 39
1 12 29 39
4 15 32 39
7 18 35 39
10 21 38 39
2 13 24 39
5 16 27 39
8 19 30 39
11 22 33 39
14 25 36 39
0 17 28 39
3 20 31 39
1 7 21 31
4 10 24 34
7 13 27 37
1 10 16 30
4 13 19 33
7 16 22 36
0 10 19 25
3 13 22 28
6 16 25 31
9 19 28 34
12 22 31 37
1 15 25 34
4 18 28 37
1 6 9 11
4 9 12 14
7 12 15 17
10 15 18 20
13 18 21 23
16 21 24 26
19 24 27 29
22 27 30 32
25 30 33 35
28 33 36 38
0 2 31 36
0 3 5 34
3 6 8 37
0 1 13 32
3 4 16 35
6 7 19 38
2 9 10 22
5 12 13 25
8 15 16 28
11 18 19 31
14 21 22 34
17 24 25 37
1 20 27 28
4 23 30 31
7 26 33 34
10 29 36 37
9 13 15 36
0 12 16 18
3 15 19 21
6 18 22 24
9 21 25 27
12 24 28 30
15 27 31 33
18 30 34 36
0 21 33 37
1 3 24 36
0 4 6 27
3 7 9 30
6 10 12 33
4 5 22 29
7 8 25 32
10 11 28 35
13 14 31 38
2 16 17 34
5 19 20 37
1 8 22 23
4 11 25 26
7 14 28 29
10 17 31 32
13 20 34 35
16 23 37 38
1 2 19 26
2 4 7 20
5 7 10 23
8 10 13 26
11 13 16 29
14 16 19 32
17 19 22 35
20 22 25 38
2 23 25 28
5 26 28 31
8 29 31 34
11 32 34 37
1 14 35 37
1 4 17 38
2 5 6 14
5 8 9 17
8 11 12 20
11 14 15 23
14 17 18 26
17 20 21 29
20 23 24 32
23 26 27 35
26 29 30 38
2 29 32 33
5 32 35 36
0 8 35 38
2 3 11 38
