7 8 9 11 13 23 29 34 35
4 10 12 13 16 17 20 30 38
2 3 10 16 21 22 26 29 32
4 8 11 15 16 19 22 31 35
6 7 10 21 23 27 28 31 36
7 9 14 16 17 24 25 33 36
2 8 12 14 26 27 30 34 39
0 3 6 8 16 25 27 37 38
0 2 11 16 17 18 23 28 39
0 17 19 21 22 33 34 38 39
3 5 11 13 17 20 24 27 31
4 9 14 15 27 28 29 38 39
6 9 12 18 20 22 25 28 34
0 13 14 22 25 29 30 31 36
2 8 20 21 31 32 35 36 38
7 15 19 20 22 24 27 32 37
2 4 6 11 24 30 32 33 38
3 9 19 23 24 28 30 32 35
0 1 4 5 7 12 21 24 29
1 13 14 18 19 21 25 27 32
1 5 14 16 32 34 35 36 39
5 8 10 15 18 24 28 31 34
6 12 15 17 19 26 29 35 36
2 5 9 11 15 21 25 30 37
2 5 6 10 14 19 20 23 33
0 1 9 10 11 20 26 31 39
0 9 18 20 27 29 33 35 37
3 4 11 12 14 18 34 36 37
1 2 3 6 7 13 15 33 39
1 8 13 17 26 28 32 33 37
1 5 7 18 22 23 26 30 38
0 12 15 23 31 32 33 34 37
4 10 23 24 25 26 35 37 39
