4 6 24
7 9 27
10 12 30
13 15 33
16 18 36
0 19 21
3 22 24
6 25 27
9 28 30
12 31 33
15 34 36
0 18 37
1 3 21
4 12 29
7 15 32
10 18 35
13 21 38
2 16 24
5 19 27
8 22 30
11 25 33
14 28 36
0 17 31
3 20 34
6 23 37
1 9 26
10 27 34
13 30 37
1 16 33
4 19 36
0 7 22
3 10 25
6 13 28
9 16 31
12 19 34
15 22 37
1 18 25
4 21 28
7 24 31
11 31 38
2 14 34
5 17 37
1 8 20
4 11 23
7 14 26
10 17 29
13 20 32
16 23 35
19 26 38
2 22 29
5 25 32
8 28 35
15 23 25
18 26 28
21 29 31
24 32 34
27 35 37
1 30 38
2 4 33
5 7 36
0 8 10
3 11 13
6 14 16
9 17 19
12 20 22
14 15 20
17 18 23
20 21 26
23 24 29
26 27 32
29 30 35
32 33 38
2 35 36
0 5 38
2 3 8
5 6 11
8 9 14
11 12 17
7 34 35
10 37 38
1 2 13
4 5 16
7 8 19
10 11 22
13 14 25
16 17 28
19 20 31
22 23 34
25 26 37
1 28 29
4 31 32
0 12 36
0 3 15
3 6 18
6 9 21
9 12 24
12 15 27
15 18 30
18 21 33
21 24 36
0 24 27
3 27 30
6 30 33
9 33 36
2 17 20
5 20 23
8 23 26
11 26 29
14 29 32
17 32 35
20 35 38
2 23 38
2 5 26
5 8 29
8 11 32
11 14 35
14 17 38
20 27 39
23 30 39
26 33 39
29 36 39
0 32 39
3 35 39
6 38 39
2 9 39
5 12 39
8 15 39
11 18 39
14 21 39
17 24 39
4 13 26
7 16 29
10 19 32
13 22 35
16 25 38
2 19 28
5 22 31
8 25 34
11 28 37
1 14 31
4 17 34
7 20 37
1 10 23
11 27 36
0 14 30
3 17 33
6 20 36
0 9 23
3 12 26
6 15 29
9 18 32
12 21 35
15 24 38
2 18 27
5 21 30
8 24 33
18 19 22
21 22 25
24 25 28
27 28 31
30 31 34
33 34 37
1 36 37
0 1 4
3 4 7
6 7 10
9 10 13
12 13 16
15 16 19
17 26 30
20 29 33
23 32 36
0 26 35
3 29 38
2 6 32
5 9 35
8 12 38
2 11 15
5 14 18
8 17 21
11 20 24
14 23 27
10 14 24
13 17 27
16 20 30
19 23 33
22 26 36
0 25 29
3 28 32
6 31 35
9 34 38
2 12 37
1 5 15
4 8 18
7 11 21
0 13 34
3 16 37
1 6 19
4 9 22
7 12 25
10 15 28
13 18 31
16 21 34
19 24 37
1 22 27
4 25 30
7 28 33
10 31 36
18 29 34
21 32 37
1 24 35
4 27 38
2 7 30
5 10 33
8 13 36
0 11 16
3 14 19
6 17 22
9 20 25
12 23 28
15 26 31
6 26 34
9 29 37
1 12 32
4 15 35
7 18 38
2 10 21
5 13 24
8 16 27
11 19 30
14 22 33
17 25 36
0 20 28
3 23 31
18 24 26
21 27 29
24 30 32
27 33 35
30 36 38
0 2 33
3 5 36
0 6 8
3 9 11
6 12 14
9 15 17
12 18 20
15 21 23
22 28 38
2 25 31
5 28 34
8 31 37
1 11 34
4 14 37
1 7 17
4 10 20
7 13 23
10 16 26
13 19 29
16 22 32
19 25 35
13 19 39
7 10 39
10 34 39
4 25 39
22 37 39
1 31 39
16 28 39
