1 2 3 4 20 21 22 23 24 38
0 1 6 14 15 21 26 34 35 38
0 10 13 16 17 20 30 33 36 38
0 2 7 11 19 22 27 31 38 39
0 3 8 9 18 23 28 29 30 38
0 4 5 12 14 17 24 25 32 37
5 6 7 8 20 25 26 27 28 38
9 14 17 19 20 27 29 34 37 39
11 12 15 18 20 31 32 35 37 38
1 5 9 10 11 21 25 29 30 31
1 4 7 13 17 18 21 27 33 37
1 8 12 16 19 21 28 32 36 39
2 5 14 16 18 22 25 34 36 39
2 6 9 12 13 22 26 29 32 33
2 8 10 15 17 22 28 30 35 37
3 5 13 15 19 23 25 33 35 39
3 6 11 16 17 23 26 31 36 37
3 7 10 12 14 23 27 30 32 34
4 6 10 18 19 20 24 26 30 39
4 7 9 15 16 24 27 29 35 36
4 8 11 13 14 24 28 31 33 34
