0 3 5 12 13 15 22 25 26 28
10 16 17 21 28 29 33 36 37 39
0 2 5 6 7 12 20 27 34 39
1 4 11 12 15 17 27 30 32 36
7 8 13 15 24 31 32 37 38 39
2 3 11 13 21 23 27 28 31 39
3 8 13 16 17 18 20 26 30 34
5 8 14 21 25 30 34 35 36 39
4 7 10 12 21 23 26 28 35 38
1 2 3 7 15 22 29 35 36 37
1 5 9 11 16 24 26 27 37 38
2 7 9 11 17 18 24 25 33 35
5 10 16 19 20 25 27 29 32 35
1 12 20 23 25 31 33 34 36 38
7 18 19 22 26 29 30 31 38 39
0 4 5 16 17 18 22 23 31 33
0 12 14 18 19 20 21 24 36 37
2 3 4 6 14 17 19 25 37 38
6 9 10 13 14 26 31 33 35 36
3 9 15 19 23 28 30 33 34 37
0 2 6 8 10 11 15 16 18 30
1 3 6 10 21 22 23 24 32 34
0 9 11 14 15 20 21 22 32 38
1 4 6 9 20 24 28 29 30 39
0 1 4 8 11 13 19 29 34 35
1 2 8 14 18 26 27 28 32 33
7 8 9 12 14 16 22 23 27 29
