5 10 16 25 28 37
2 10 15 21 30 33
7 15 20 26 35 38
0 3 12 20 25 31
5 8 17 25 30 36
1 10 13 22 30 35
0 6 15 18 27 35
0 5 11 20 23 32
4 6 7 12 22 36
1 9 11 12 17 27
6 14 16 17 22 32
11 19 21 22 27 37
2 16 24 26 27 32
7 21 29 31 32 37
2 12 26 34 36 37
1 2 7 17 31 39
6 9 26 27 28 31
11 14 31 32 33 36
1 16 19 36 37 38
1 2 3 6 21 24
6 7 8 11 26 29
11 12 13 16 31 34
16 17 18 21 36 39
1 4 21 22 23 26
8 10 12 18 19 32
13 15 17 23 24 37
2 18 20 22 28 29
7 23 25 27 33 34
12 28 30 32 38 39
3 4 17 33 35 37
0 2 8 9 22 38
3 5 7 13 14 27
12 14 21 24 25 35
0 17 19 26 29 30
5 22 24 31 34 35
0 10 27 29 36 39
1 4 5 15 32 34
6 9 10 20 37 39
2 4 11 14 15 25
7 9 16 19 20 30
4 13 20 24 29 36
1 9 18 25 29 34
6 14 23 30 34 39
4 11 19 28 35 39
0 4 9 16 24 33
5 9 14 21 29 38
3 10 14 19 26 34
8 15 19 24 31 39
3 9 15 23 28 36
1 8 14 20 28 33
6 13 19 25 33 38
3 11 18 24 30 38
3 8 16 23 29 35
0 8 13 21 28 34
5 13 18 26 33 39
4 10 18 23 31 38
0 1 7 14 18 37
2 5 6 12 19 23
7 10 11 17 24 28
12 15 16 22 29 33
17 20 21 27 34 38
3 22 25 26 32 39
4 8 27 30 31 37
2 9 13 32 35 36
