4 7 8 9 19 28 30 36
6 9 10 11 21 30 32 38
0 8 11 12 13 23 32 34
2 10 13 14 15 25 34 36
4 12 15 16 17 27 36 38
0 6 14 17 18 19 29 38
0 2 8 16 19 20 21 31
2 4 10 18 21 22 23 33
4 6 12 20 23 24 25 35
6 8 14 22 25 26 27 37
8 10 16 24 27 28 29 39
1 10 12 18 26 29 30 31
3 12 14 20 28 31 32 33
5 14 16 22 30 33 34 35
7 16 18 24 32 35 36 37
9 18 20 26 34 37 38 39
0 1 11 20 22 28 36 39
1 2 3 13 22 24 30 38
0 3 4 5 15 24 26 32
2 5 6 7 17 26 28 34
5 12 13 18 21 25 27 28
7 14 15 20 23 27 29 30
9 16 17 22 25 29 31 32
11 18 19 24 27 31 33 34
13 20 21 26 29 33 35 36
15 22 23 28 31 35 37 38
0 17 24 25 30 33 37 39
1 2 19 26 27 32 35 39
1 3 4 21 28 29 34 37
3 5 6 23 30 31 36 39
1 5 7 8 25 32 33 38
0 3 7 9 10 27 34 35
2 5 9 11 12 29 36 37
4 7 11 13 14 31 38 39
0 1 6 9 13 15 16 33
2 3 8 11 15 17 18 35
4 5 10 13 17 19 20 37
6 7 12 15 19 21 22 39
1 8 9 14 17 21 23 24
3 10 11 16 19 23 25 26
