0 2 3 4 9 12 19 30
1 3 4 5 10 13 20 31
2 4 5 6 11 14 21 32
3 5 6 7 12 15 22 33
4 6 7 8 13 16 23 34
5 7 8 9 14 17 24 35
6 8 9 10 15 18 25 36
7 9 10 11 16 19 26 37
8 10 11 12 17 20 27 38
9 11 12 13 18 21 28 39
10 12 13 14 19 22 29 40
0 11 13 14 15 20 23 30
1 12 14 15 16 21 24 31
2 13 15 16 17 22 25 32
3 14 16 17 18 23 26 33
4 15 17 18 19 24 27 34
5 16 18 19 20 25 28 35
6 17 19 20 21 26 29 36
7 18 20 21 22 27 30 37
8 19 21 22 23 28 31 38
9 20 22 23 24 29 32 39
10 21 23 24 25 30 33 40
0 11 22 24 25 26 31 34
1 12 23 25 26 27 32 35
2 13 24 26 27 28 33 36
3 14 25 27 28 29 34 37
4 15 26 28 29 30 35 38
5 16 27 29 30 31 36 39
6 17 28 30 31 32 37 40
0 7 18 29 31 32 33 38
1 8 19 30 32 33 34 39
2 9 20 31 33 34 35 40
0 3 10 21 32 34 35 36
1 4 11 22 33 35 36 37
2 5 12 23 34 36 37 38
3 6 13 24 35 37 38 39
4 7 14 25 36 38 39 40
0 5 8 15 26 37 39 40
0 1 6 9 16 27 38 40
0 1 2 7 10 17 28 39
1 2 3 8 11 18 29 40
