3 17 27
4 18 28
5 19 29
6 20 30
7 21 31
8 22 32
9 23 33
10 24 34
11 25 35
12 26 36
13 27 37
14 28 38
15 29 39
16 30 40
0 17 31
1 18 32
2 19 33
3 20 34
4 21 35
5 22 36
6 23 37
7 24 38
8 25 39
9 26 40
0 10 27
1 11 28
2 12 29
3 13 30
4 14 31
5 15 32
6 16 33
7 17 34
8 18 35
9 19 36
10 20 37
11 21 38
12 22 39
13 23 40
0 14 24
1 15 25
2 16 26
2 21 22
3 22 23
4 23 24
5 24 25
6 25 26
7 26 27
8 27 28
9 28 29
10 29 30
11 30 31
12 31 32
13 32 33
14 33 34
15 34 35
16 35 36
17 36 37
18 37 38
19 38 39
20 39 40
0 21 40
0 1 22
1 2 23
2 3 24
3 4 25
4 5 26
5 6 27
6 7 28
7 8 29
8 9 30
9 10 31
10 11 32
11 12 33
12 13 34
13 14 35
14 15 36
15 16 37
16 17 38
17 18 39
18 19 40
0 19 20
1 20 21
2 18 25
3 19 26
4 20 27
5 21 28
6 22 29
7 23 30
8 24 31
9 25 32
10 26 33
11 27 34
12 28 35
13 29 36
14 30 37
15 31 38
16 32 39
17 33 40
0 18 34
1 19 35
2 20 36
3 21 37
4 22 38
5 23 39
6 24 40
0 7 25
1 8 26
2 9 27
3 10 28
4 11 29
5 12 30
6 13 31
7 14 32
8 15 33
9 16 34
10 17 35
11 18 36
12 19 37
13 20 38
14 21 39
15 22 40
0 16 23
1 17 24
12 15 21
13 16 22
14 17 23
15 18 24
16 19 25
17 20 26
18 21 27
19 22 28
20 23 29
21 24 30
22 25 31
23 26 32
24 27 33
25 28 34
26 29 35
27 30 36
28 31 37
29 32 38
30 33 39
31 34 40
0 32 35
1 33 36
2 34 37
3 35 38
4 36 39
5 37 40
0 6 38
1 7 39
2 8 40
0 3 9
1 4 10
2 5 11
3 6 12
4 7 13
5 8 14
6 9 15
7 10 16
8 11 17
9 12 18
10 13 19
11 14 20
2 30 38
3 31 39
4 32 40
0 5 33
1 6 34
2 7 35
3 8 36
4 9 37
5 10 38
6 11 39
7 12 40
0 8 13
1 9 14
2 10 15
3 11 16
4 12 17
5 13 18
6 14 19
7 15 20
8 16 21
9 17 22
10 18 23
11 19 24
12 20 25
13 21 26
14 22 27
15 23 28
16 24 29
17 25 30
18 26 31
19 27 32
20 28 33
21 29 34
22 30 35
23 31 36
24 32 37
25 33 38
26 34 39
27 35 40
0 28 36
1 29 37
27 29 39
28 30 40
0 29 31
1 30 32
2 31 33
3 32 34
4 33 35
5 34 36
6 35 37
7 36 38
8 37 39
9 38 40
0 10 39
1 11 40
0 2 12
1 3 13
2 4 14
3 5 15
4 6 16
5 7 17
6 8 18
7 9 19
8 10 20
9 11 21
10 12 22
11 13 23
12 14 24
13 15 25
14 16 26
15 17 27
16 18 28
17 19 29
18 20 30
19 21 31
20 22 32
21 23 33
22 24 34
23 25 35
24 26 36
25 27 37
26 28 38
15 26 30
16 27 31
17 28 32
18 29 33
19 30 34
20 31 35
21 32 36
22 33 37
23 34 38
24 35 39
25 36 40
0 26 37
1 27 38
2 28 39
3 29 40
0 4 30
1 5 31
2 6 32
3 7 33
4 8 34
5 9 35
6 10 36
7 11 37
8 12 38
9 13 39
10 14 40
0 11 15
1 12 16
2 13 17
3 14 18
4 15 19
5 16 20
6 17 21
7 18 22
8 19 23
9 20 24
10 21 25
11 22 26
12 23 27
13 24 28
14 25 29
