2 11 22 25 27 29 39
4 7 16 27 30 32 34
9 12 21 32 35 37 39
0 2 4 14 17 26 37
2 5 7 9 19 22 31
7 10 12 14 24 27 36
1 12 15 17 19 29 32
6 17 20 22 24 34 37
1 3 4 5 13 24 39
4 6 8 9 10 18 29
9 11 13 14 15 23 34
14 16 18 19 20 28 39
4 19 21 23 24 25 33
9 24 26 28 29 30 38
3 14 29 31 33 34 35
0 8 19 34 36 38 39
5 11 16 29 35 36 37
0 1 2 10 16 21 34
5 6 7 15 21 26 39
4 10 11 12 20 26 31
9 15 16 17 25 31 36
1 14 20 21 22 30 36
1 6 19 25 26 27 35
0 6 11 24 30 31 32
5 8 12 18 25 30 34
10 13 17 23 30 35 39
0 4 15 18 22 28 35
0 5 9 20 23 27 33
5 10 14 25 28 32 38
3 10 15 19 30 33 37
2 8 15 20 24 35 38
0 3 7 13 20 25 29
1 7 11 17 18 33 38
3 6 12 16 22 23 38
3 8 11 17 21 27 28
8 13 16 22 26 32 33
13 18 21 27 31 37 38
2 3 18 23 26 32 36
1 7 8 23 28 31 37
2 6 12 13 28 33 36
4 20 31 32 38 39 40
3 4 9 25 36 37 40
1 2 8 9 14 30 40
6 7 13 14 19 35 40
0 11 12 18 19 24 40
5 16 17 23 24 29 40
10 21 22 28 29 34 40
15 26 27 33 34 39 40
