9 27 34 37 38
10 28 35 38 39
11 29 36 39 40
0 12 30 37 40
0 1 13 31 38
1 2 14 32 39
2 3 15 33 40
0 3 4 16 34
1 4 5 17 35
2 5 6 18 36
3 6 7 19 37
4 7 8 20 38
5 8 9 21 39
6 9 10 22 40
0 7 10 11 23
1 8 11 12 24
2 9 12 13 25
3 10 13 14 26
4 11 14 15 27
5 12 15 16 28
6 13 16 17 29
7 14 17 18 30
8 15 18 19 31
9 16 19 20 32
10 17 20 21 33
11 18 21 22 34
12 19 22 23 35
13 20 23 24 36
14 21 24 25 37
15 22 25 26 38
16 23 26 27 39
17 24 27 28 40
0 18 25 28 29
1 19 26 29 30
2 20 27 30 31
3 21 28 31 32
4 22 29 32 33
5 23 30 33 34
6 24 31 34 35
7 25 32 35 36
8 26 33 36 37
15 17 23 32 37
16 18 24 33 38
17 19 25 34 39
18 20 26 35 40
0 19 21 27 36
1 20 22 28 37
2 21 23 29 38
3 22 24 30 39
4 23 25 31 40
0 5 24 26 32
1 6 25 27 33
2 7 26 28 34
3 8 27 29 35
4 9 28 30 36
5 10 29 31 37
6 11 30 32 38
7 12 31 33 39
8 13 32 34 40
0 9 14 33 35
1 10 15 34 36
2 11 16 35 37
3 12 17 36 38
4 13 18 37 39
5 14 19 38 40
0 6 15 20 39
1 7 16 21 40
0 2 8 17 22
1 3 9 18 23
2 4 10 19 24
3 5 11 20 25
4 6 12 21 26
5 7 13 22 27
6 8 14 23 28
7 9 15 24 29
8 10 16 25 30
9 11 17 26 31
10 12 18 27 32
11 13 19 28 33
12 14 20 29 34
13 15 21 30 35
14 16 22 31 36
