7 8 13 20 33 34
11 12 17 24 37 38
1 2 15 16 21 28
5 6 19 20 25 32
9 10 23 24 29 36
0 13 14 27 28 33
4 17 18 31 32 37
1 8 21 22 35 36
0 5 12 25 26 39
3 4 9 16 29 30
2 7 14 22 26 31
6 11 18 26 30 35
10 15 22 30 34 39
3 14 19 26 34 38
2 7 18 23 30 38
2 6 11 22 27 34
6 10 15 26 31 38
2 10 14 19 30 35
6 14 18 23 34 39
3 10 18 22 27 38
6 12 19 28 31 36
0 10 16 23 32 35
4 14 20 27 36 39
0 3 8 18 24 31
4 7 12 22 28 35
8 11 16 26 32 39
3 12 15 20 30 36
0 7 16 19 24 34
4 11 20 23 28 38
2 8 15 24 27 32
1 4 6 24 30 33
5 8 10 28 34 37
1 9 12 14 32 38
2 5 13 16 18 36
0 6 9 17 20 22
4 10 13 21 24 26
8 14 17 25 28 30
12 18 21 29 32 34
16 22 25 33 36 38
0 2 20 26 29 37
3 6 7 21 32 40
7 10 11 25 36 40
0 11 14 15 29 40
4 15 18 19 33 40
8 19 22 23 37 40
1 12 23 26 27 40
5 16 27 30 31 40
9 20 31 34 35 40
13 24 35 38 39 40
2 3 17 28 39 40
3 13 23 25 29 31
7 17 27 29 33 35
11 21 31 33 37 39
1 3 15 25 35 37
1 5 7 19 29 39
3 5 9 11 23 33
7 9 13 15 27 37
1 11 13 17 19 31
5 15 17 21 23 35
9 19 21 25 27 39
0 21 30 36 37 38
0 1 2 4 25 34
4 5 6 8 29 38
2 8 9 10 12 33
6 12 13 14 16 37
1 10 16 17 18 20
5 14 20 21 22 24
9 18 24 25 26 28
13 22 28 29 30 32
17 26 32 33 34 36
