0 11 16 17 18 19 30 36 40
0 5 8 15 22 25 29 38 39
2 11 14 19 21 27 28 31 39
4 11 14 26 29 34 35 37 38
4 7 10 11 12 17 22 24 33
5 9 11 23 24 25 29 31 40
9 12 13 15 19 22 26 32 37
0 1 3 9 10 14 19 33 38
1 14 16 22 24 25 26 27 35
6 8 12 18 19 24 28 34 35
4 8 19 20 21 23 29 30 32
2 4 5 16 18 22 23 28 37
1 5 6 11 13 14 15 20 30
3 5 10 13 27 28 29 30 35
4 6 9 13 16 33 35 39 40
7 8 10 13 14 23 26 36 39
2 12 14 15 25 30 33 34 40
2 8 9 10 17 20 22 26 40
3 14 17 18 20 25 32 37 39
1 13 15 17 18 23 31 34 38
3 4 10 15 18 21 24 27 40
6 17 25 27 28 29 32 33 36
0 6 10 21 22 30 31 36 37
2 3 6 12 16 23 29 36 38
3 8 11 22 23 27 32 33 34
5 7 10 16 19 21 25 32 34
1 5 12 17 21 34 35 36 39
1 7 8 9 12 18 27 29 31
4 8 15 16 20 31 33 36 37
5 9 18 21 26 28 30 33 38
0 7 12 15 20 23 28 35 40
0 2 3 6 7 26 31 32 35
0 9 20 24 27 34 36 37 38
0 1 2 4 13 21 24 25 28
1 7 24 30 32 37 38 39 40
