12 27 31 33
17 32 36 38
1 3 22 37
2 6 8 27
7 11 13 32
12 16 18 37
2 17 21 23
7 22 26 28
8 16 23 26
13 21 28 31
18 26 33 36
1 23 31 38
3 6 28 36
1 8 11 33
6 13 16 38
3 11 18 21
3 23 30 34
8 28 35 39
0 4 13 33
5 9 18 38
3 10 14 23
8 15 19 28
13 20 24 33
18 25 29 38
3 4 8 17
8 9 13 22
13 14 18 27
18 19 23 32
23 24 28 37
2 28 29 33
7 33 34 38
3 12 38 39
5 7 21 39
4 10 12 26
9 15 17 31
14 20 22 36
1 19 25 27
6 24 30 32
11 29 35 37
0 2 16 34
16 25 30 31
21 30 35 36
0 1 26 35
0 5 6 31
5 10 11 36
1 10 15 16
6 15 20 21
11 20 25 26
9 12 14 28
14 17 19 33
19 22 24 38
3 24 27 29
8 29 32 34
13 34 37 39
2 4 18 39
4 7 9 23
3 15 33 35
0 8 20 38
3 5 13 25
8 10 18 30
13 15 23 35
0 18 20 28
5 23 25 33
10 28 30 38
10 22 31 33
15 27 36 38
1 3 20 32
6 8 25 37
2 11 13 30
7 16 18 35
0 12 21 23
5 17 26 28
3 16 26 38
3 8 21 31
8 13 26 36
1 13 18 31
6 18 23 36
1 11 23 28
6 16 28 33
11 21 33 38
2 9 24 26
7 14 29 31
12 19 34 36
1 17 24 39
4 6 22 29
9 11 27 34
14 16 32 39
4 19 21 37
11 12 17 40
16 17 22 40
21 22 27 40
26 27 32 40
31 32 37 40
2 36 37 40
1 2 7 40
6 7 12 40
5 8 14 40
10 13 19 40
15 18 24 40
20 23 29 40
25 28 34 40
30 33 39 40
4 35 38 40
0 3 9 40
2 14 37 38
2 3 7 19
7 8 12 24
12 13 17 29
17 18 22 34
22 23 27 39
4 27 28 32
9 32 33 37
0 14 24 25
5 19 29 30
10 24 34 35
0 15 29 39
4 5 20 34
9 10 25 39
4 14 15 30
9 19 20 35
0 11 22 32
5 16 27 37
2 10 21 32
7 15 26 37
2 12 20 31
7 17 25 36
1 12 22 30
6 17 27 35
2 5 15 22
7 10 20 27
12 15 25 32
17 20 30 37
2 22 25 35
0 7 27 30
5 12 32 35
0 10 17 37
1 9 29 36
1 6 14 34
6 11 19 39
4 11 16 24
9 16 21 29
14 21 26 34
19 26 31 39
4 24 31 36
6 10 26 29
11 15 31 34
16 20 36 39
1 4 21 25
6 9 26 30
11 14 31 35
0 16 19 36
1 5 21 24
