1 4 9 15 19 32
0 2 5 27 37 39
0 3 11 18 26 28
0 6 10 16 34 35
0 7 20 21 29 36
0 8 14 25 30 34
0 12 17 23 38 40
0 13 22 24 31 33
1 2 11 14 21 38
1 3 5 8 12 33
1 6 18 22 29 39
1 7 16 17 24 28
1 10 20 26 30 37
1 13 25 27 35 40
1 21 23 31 34 36
2 3 24 30 31 32
2 4 17 18 25 36
0 1 9 15 19 32
2 7 10 19 23 33
2 8 16 26 29 40
2 9 12 20 22 35
3 4 13 16 20 38
3 6 19 36 37 40
3 7 9 25 34 39
2 6 13 15 28 34
3 10 17 21 22 27
3 14 15 23 29 35
4 5 7 26 31 35
0 4 6 12 21 30
4 8 22 23 28 37
4 10 14 24 39 40
4 11 27 29 33 34
5 6 11 20 24 25
5 9 21 28 30 40
5 10 15 18 31 38
28 33 35 36 38 39
5 13 17 19 29 30
5 14 16 22 32 36
6 7 8 27 32 38
6 9 14 17 26 33
5 12 20 23 24 34
7 11 15 22 30 40
7 12 13 14 18 37
8 9 10 11 13 36
8 15 17 20 31 39
8 18 19 21 24 35
9 16 18 23 27 30
9 24 29 31 37 38
10 12 25 28 29 32
11 12 16 19 31 39
11 17 32 34 35 37
6 11 23 25 31 40
13 21 23 26 32 39
14 19 20 27 28 31
15 16 21 25 33 37
12 15 24 26 27 36
18 20 32 33 34 40
19 22 25 26 34 38
30 33 35 36 38 39
