0 1 2 3 5 6 7 8 17
0 2 6 11 13 22 26 34 40
0 6 11 14 16 20 24 25 27
0 6 9 17 18 19 31 32 37
0 4 6 10 12 15 23 38 39
0 6 21 28 29 30 33 35 36
4 8 10 14 16 26 32 35 36
1 4 15 17 24 26 30 33 34
8 12 19 21 23 24 29 34 37
1 9 11 16 18 21 29 38 39
2 4 9 12 18 23 25 26 28
2 10 16 19 22 30 31 33 37
1 4 10 13 19 20 27 37 40
2 13 14 15 21 24 29 32 40
2 17 20 27 34 35 36 38 39
3 7 9 10 14 18 30 33 34
3 7 11 15 19 25 35 36 37
3 7 12 13 16 17 23 28 40
3 4 7 20 21 26 27 29 31
3 7 10 22 24 28 32 38 39
5 14 17 19 26 28 37 38 39
5 9 13 18 24 31 35 36 40
4 5 10 11 17 21 22 25 29
1 5 15 16 25 28 31 32 34
5 11 12 20 23 27 30 32 33
8 9 11 15 18 20 22 27 28
8 13 25 30 31 33 38 39 40
1 11 12 14 22 23 31 35 36
