3 4 5 8 16 31 38 40
0 5 6 7 10 18 33 40
0 2 7 8 9 12 20 35
2 4 9 10 11 14 22 37
4 6 11 12 13 16 24 39
6 8 13 14 15 18 26 41
1 8 10 15 16 17 20 28
3 10 12 17 18 19 22 30
5 12 14 19 20 21 24 32
7 14 16 21 22 23 26 34
9 16 18 23 24 25 28 36
11 18 20 25 26 27 30 38
13 20 22 27 28 29 32 40
0 15 22 24 29 30 31 34
2 17 24 26 31 32 33 36
4 19 26 28 33 34 35 38
6 21 28 30 35 36 37 40
0 8 23 30 32 37 38 39
2 10 25 32 34 39 40 41
0 1 4 12 27 34 36 41
1 2 3 6 14 29 36 38
3 4 7 13 15 25 30 32
5 6 9 15 17 27 32 34
7 8 11 17 19 29 34 36
9 10 13 19 21 31 36 38
11 12 15 21 23 33 38 40
0 13 14 17 23 25 35 40
0 2 15 16 19 25 27 37
2 4 17 18 21 27 29 39
4 6 19 20 23 29 31 41
1 6 8 21 22 25 31 33
3 8 10 23 24 27 33 35
5 10 12 25 26 29 35 37
7 12 14 27 28 31 37 39
9 14 16 29 30 33 39 41
1 11 16 18 31 32 35 41
1 3 13 18 20 33 34 37
3 5 15 20 22 35 36 39
5 7 17 22 24 37 38 41
1 7 9 19 24 26 39 40
0 3 9 11 21 26 28 41
1 2 5 11 13 23 28 30
