2 3 5 6 7 8 14 18 32
0 1 3 4 5 9 19 28 39
5 9 15 16 17 24 27 30 32
0 5 10 11 12 34 35 36 40
5 18 19 21 22 31 36 37 38
5 13 23 25 26 29 32 33 41
8 9 12 14 21 22 25 26 39
8 14 15 27 28 32 34 35 38
4 8 10 14 18 23 24 30 40
1 8 11 13 14 16 19 33 36
0 8 14 17 20 29 31 37 41
2 5 9 10 13 20 33 38 40
2 4 12 17 19 20 23 28 32
2 4 16 21 22 29 34 35 41
2 11 24 30 31 32 36 37 39
0 1 2 15 18 20 25 26 27
3 10 16 25 26 28 31 37 40
3 11 15 20 21 22 23 27 36
1 3 12 16 24 29 30 38 41
3 13 17 18 29 33 34 35 39
4 6 11 17 25 26 36 38 41
4 7 12 13 15 27 31 33 37
7 19 20 24 25 26 30 34 35
7 9 11 12 18 28 29 36 41
0 6 7 16 18 20 23 38 39
6 10 15 19 27 29 39 40 41
0 6 13 21 22 24 28 30 33
1 6 9 12 23 31 34 35 37
0 1 7 10 17 21 22 32 40
