0 1 2 15 29 32 37
1 6 7 8 21 35 38
2 7 12 13 14 27 41
5 8 13 18 19 20 33
11 14 19 24 25 26 39
3 17 20 25 30 31 32
9 23 26 31 36 37 38
8 10 12 16 23 24 32
14 16 18 22 29 30 38
2 20 22 24 28 35 36
0 8 26 28 30 34 41
5 6 14 32 34 36 40
0 4 11 12 20 38 40
2 4 6 10 17 18 26
5 10 11 27 30 35 37
1 11 16 17 33 36 41
0 5 7 17 22 23 39
3 6 11 13 23 28 29
9 12 17 19 29 34 35
15 18 23 25 35 40 41
4 5 21 24 29 31 41
3 7 16 18 24 34 37
1 9 13 22 24 30 40
4 7 15 19 28 30 36
0 10 13 21 25 34 36
0 6 16 19 27 31 40
4 6 12 22 25 33 37
1 10 12 18 28 31 39
13 15 17 24 27 31 38
2 19 21 23 30 33 37
1 8 25 27 29 36 39
0 3 7 14 31 33 35
6 9 13 20 37 39 41
1 3 5 12 15 19 26
7 9 11 18 21 25 32
6 15 24 27 28 32 33
12 21 30 33 34 38 39
2 3 18 27 36 39 40
0 3 4 8 9 24 33
6 9 10 14 15 30 39
3 12 15 16 20 21 36
0 9 18 21 22 26 27
4 13 16 26 32 35 39
3 10 19 22 32 38 41
2 5 9 16 25 28 38
2 8 11 15 22 31 34
8 14 17 21 28 37 40
1 4 14 20 23 27 34
7 10 20 26 29 33 40
