3 8 13 20 34
9 14 19 26 40
4 15 20 25 32
10 21 26 31 38
2 16 27 32 37
1 8 22 33 38
2 7 14 28 39
7 11 20 27 35
13 17 26 33 41
5 19 23 32 39
3 11 25 29 38
2 9 17 31 35
8 15 23 37 41
1 5 14 21 29
2 6 20 21 33
8 12 26 27 39
3 14 18 32 33
9 20 24 38 39
2 3 15 26 30
8 9 21 32 36
0 14 15 27 38
22 25 30 31 41
5 28 31 36 37
0 1 11 34 37
1 6 7 17 40
4 7 12 13 23
10 13 18 19 29
16 19 24 25 35
4 9 10 11 14
10 15 16 17 20
16 21 22 23 26
22 27 28 29 32
28 33 34 35 38
2 34 39 40 41
3 4 5 8 40
6 9 15 28 29
12 15 21 34 35
18 21 27 40 41
4 5 24 27 33
10 11 30 33 39
3 16 17 36 39
0 3 9 22 23
8 11 16 26 28
14 17 22 32 34
20 23 28 38 40
2 4 26 29 34
8 10 32 35 40
4 14 16 38 41
2 5 10 20 22
2 8 18 25 36
0 8 14 24 31
6 14 20 30 37
1 12 20 26 36
0 7 18 26 32
6 13 24 32 38
2 12 19 30 38
3 7 21 24 30
9 13 27 30 36
0 15 19 33 36
0 6 21 25 39
3 6 12 27 31
9 12 18 33 37
1 15 18 24 39
0 5 6 26 35
6 11 12 32 41
5 12 17 18 38
2 11 18 23 24
8 17 24 29 30
14 23 30 35 36
0 20 29 36 41
4 17 19 21 37
1 10 23 25 27
7 16 29 31 33
13 22 35 37 39
1 3 19 28 41
5 7 9 25 34
11 13 15 31 40
24 25 26 28 37
1 30 31 32 34
7 36 37 38 40
0 1 2 4 13
6 7 8 10 19
12 13 14 16 25
18 19 20 22 31
11 17 19 27 34
17 23 25 33 40
4 23 29 31 39
3 10 29 35 37
1 9 16 35 41
5 7 15 22 41
5 11 13 21 28
4 18 28 30 35
10 24 34 36 41
0 5 16 30 40
4 6 11 22 36
0 10 12 17 28
6 16 18 23 34
12 22 24 29 40
