7 16 18 19 25 38
10 19 21 22 28 41
2 13 22 24 25 31
5 16 25 27 28 34
8 19 28 30 31 37
11 22 31 33 34 40
1 14 25 34 36 37
4 17 28 37 39 40
0 1 7 20 31 40
1 3 4 10 23 34
4 6 7 13 26 37
7 9 10 16 29 40
1 10 12 13 19 32
4 13 15 16 22 35
6 10 14 16 31 32
9 13 17 19 34 35
12 16 20 22 37 38
15 19 23 25 40 41
1 2 18 22 26 28
4 5 21 25 29 31
7 8 24 28 32 34
10 11 27 31 35 37
13 14 30 34 38 40
1 16 17 33 37 41
2 4 19 20 36 40
1 5 7 22 23 39
0 4 8 10 25 26
3 7 11 13 28 29
12 14 20 23 28 35
15 17 23 26 31 38
18 20 26 29 34 41
2 21 23 29 32 37
5 24 26 32 35 40
1 8 27 29 35 38
4 11 30 32 38 41
2 7 14 33 35 41
2 5 10 17 36 38
5 8 13 20 39 41
0 2 8 11 16 23
3 5 11 14 19 26
6 8 14 17 22 29
9 11 17 20 25 32
1 25 29 30 35 39
0 4 28 32 33 38
3 7 31 35 36 41
2 6 10 34 38 39
0 5 9 13 37 41
2 3 8 12 16 40
1 5 6 11 15 19
4 8 9 14 18 22
7 11 12 17 21 25
10 14 15 20 24 28
13 17 18 23 27 31
16 20 21 26 30 34
19 23 24 29 33 37
22 26 27 32 36 40
0 6 18 21 35 40
1 3 9 21 24 38
4 6 12 24 27 41
2 7 9 15 27 30
5 10 12 18 30 33
8 13 15 21 33 36
11 16 18 24 36 39
0 14 19 21 27 39
0 3 17 22 24 30
3 6 20 25 27 33
6 9 23 28 30 36
9 12 26 31 33 39
0 12 15 29 34 36
3 15 18 32 37 39
