10 12 17 22
12 14 19 24
14 16 21 26
16 18 23 28
18 20 25 30
20 22 27 32
22 24 29 34
24 26 31 36
26 28 33 38
28 30 35 40
0 30 32 37
2 32 34 39
4 34 36 41
1 6 36 38
3 8 38 40
0 5 10 40
0 2 7 12
2 4 9 14
4 6 11 16
6 8 13 18
8 10 15 20
1 20 23 37
3 22 25 39
5 24 27 41
1 7 26 29
3 9 28 31
5 11 30 33
7 13 32 35
9 15 34 37
11 17 36 39
13 19 38 41
1 15 21 40
0 3 17 23
2 5 19 25
4 7 21 27
6 9 23 29
8 11 25 31
10 13 27 33
12 15 29 35
14 17 31 37
16 19 33 39
18 21 35 41
16 17 24 35
18 19 26 37
20 21 28 39
22 23 30 41
1 24 25 32
3 26 27 34
5 28 29 36
7 30 31 38
9 32 33 40
0 11 34 35
2 13 36 37
4 15 38 39
6 17 40 41
0 1 8 19
2 3 10 21
4 5 12 23
6 7 14 25
8 9 16 27
10 11 18 29
12 13 20 31
14 15 22 33
13 22 26 40
0 15 24 28
2 17 26 30
4 19 28 32
6 21 30 34
8 23 32 36
10 25 34 38
12 27 36 40
0 14 29 38
2 16 31 40
0 4 18 33
2 6 20 35
4 8 22 37
6 10 24 39
8 12 26 41
1 10 14 28
3 12 16 30
5 14 18 32
7 16 20 34
9 18 22 36
11 20 24 38
3 20 29 33
5 22 31 35
7 24 33 37
9 26 35 39
11 28 37 41
1 13 30 39
3 15 32 41
1 5 17 34
3 7 19 36
5 9 21 38
7 11 23 40
0 9 13 25
2 11 15 27
4 13 17 29
6 15 19 31
8 17 21 33
10 19 23 35
12 21 25 37
14 23 27 39
16 25 29 41
1 18 27 31
4 10 26 31
6 12 28 33
8 14 30 35
10 16 32 37
12 18 34 39
14 20 36 41
1 16 22 38
3 18 24 40
0 5 20 26
2 7 22 28
4 9 24 30
6 11 26 32
8 13 28 34
10 15 30 36
12 17 32 38
14 19 34 40
0 16 21 36
2 18 23 38
4 20 25 40
0 6 22 27
2 8 24 29
25 33 35 36
27 35 37 38
29 37 39 40
0 31 39 41
1 2 33 41
1 3 4 35
3 5 6 37
5 7 8 39
7 9 10 41
1 9 11 12
3 11 13 14
5 13 15 16
7 15 17 18
9 17 19 20
11 19 21 22
13 21 23 24
15 23 25 26
17 25 27 28
19 27 29 30
21 29 31 32
23 31 33 34
