2 19 31
4 21 33
6 23 35
8 25 37
10 27 39
12 29 41
1 14 31
3 16 33
5 18 35
7 20 37
9 22 39
11 24 41
1 13 26
3 15 28
5 17 30
7 19 32
9 21 34
11 23 36
13 25 38
15 27 40
0 17 29
2 10 16
4 12 18
6 14 20
8 16 22
10 18 24
12 20 26
14 22 28
16 24 30
18 26 32
20 28 34
22 30 36
24 32 38
26 34 40
0 28 36
2 30 38
4 32 40
0 6 34
2 8 36
4 10 38
6 12 40
0 8 14
17 28 37
19 30 39
21 32 41
1 23 34
3 25 36
5 27 38
7 29 40
0 9 31
2 11 33
4 13 35
6 15 37
8 17 39
10 19 41
1 12 21
3 14 23
5 16 25
7 18 27
9 20 29
11 22 31
13 24 33
15 26 35
2 34 35
4 36 37
6 38 39
8 40 41
0 1 10
2 3 12
4 5 14
6 7 16
8 9 18
10 11 20
12 13 22
14 15 24
16 17 26
18 19 28
20 21 30
22 23 32
24 25 34
26 27 36
28 29 38
30 31 40
0 32 33
15 18 39
17 20 41
1 19 22
3 21 24
5 23 26
7 25 28
9 27 30
11 29 32
13 31 34
15 33 36
17 35 38
19 37 40
0 21 39
2 23 41
1 4 25
3 6 27
5 8 29
7 10 31
9 12 33
11 14 35
13 16 37
14 27 38
16 29 40
0 18 31
2 20 33
4 22 35
6 24 37
8 26 39
10 28 41
1 12 30
3 14 32
5 16 34
7 18 36
9 20 38
11 22 40
0 13 24
2 15 26
4 17 28
6 19 30
8 21 32
10 23 34
12 25 36
8 11 30
10 13 32
12 15 34
14 17 36
16 19 38
18 21 40
0 20 23
2 22 25
4 24 27
6 26 29
8 28 31
10 30 33
12 32 35
14 34 37
16 36 39
18 38 41
1 20 40
0 3 22
2 5 24
4 7 26
6 9 28
5 20 31
7 22 33
9 24 35
11 26 37
13 28 39
15 30 41
1 17 32
3 19 34
5 21 36
7 23 38
9 25 40
0 11 27
2 13 29
4 15 31
6 17 33
8 19 35
10 21 37
12 23 39
14 25 41
1 16 27
3 18 29
0 4 16
2 6 18
4 8 20
6 10 22
8 12 24
10 14 26
12 16 28
14 18 30
16 20 32
18 22 34
20 24 36
22 26 38
24 28 40
0 26 30
2 28 32
4 30 34
6 32 36
8 34 38
10 36 40
0 12 38
2 14 40
35 39 41
1 37 41
1 3 39
3 5 41
1 5 7
3 7 9
5 9 11
7 11 13
9 13 15
11 15 17
13 17 19
15 19 21
17 21 23
19 23 25
21 25 27
23 27 29
25 29 31
27 31 33
29 33 35
31 35 37
33 37 39
10 25 35
12 27 37
14 29 39
16 31 41
1 18 33
3 20 35
5 22 37
7 24 39
9 26 41
1 11 28
3 13 30
5 15 32
7 17 34
9 19 36
11 21 38
13 23 40
0 15 25
2 17 27
4 19 29
6 21 31
8 23 33
7 12 14
9 14 16
11 16 18
13 18 20
15 20 22
17 22 24
19 24 26
21 26 28
23 28 30
25 30 32
27 32 34
29 34 36
31 36 38
33 38 40
0 35 40
0 2 37
2 4 39
4 6 41
1 6 8
3 8 10
5 10 12
5 6 13
7 8 15
9 10 17
11 12 19
13 14 21
15 16 23
17 18 25
19 20 27
21 22 29
23 24 31
25 26 33
27 28 35
29 30 37
31 32 39
33 34 41
1 35 36
3 37 38
5 39 40
0 7 41
1 2 9
3 4 11
1 15 38
3 17 40
0 5 19
2 7 21
4 9 23
6 11 25
8 13 27
10 15 29
12 17 31
14 19 33
16 21 35
18 23 37
20 25 39
22 27 41
1 24 29
3 26 31
5 28 33
7 30 35
9 32 37
11 34 39
13 36 41
