0 1 10 20 26 33 34 36 39
1 2 3 16 20 35 36 38 41
4 6 10 11 24 25 30 36 37
1 7 9 10 11 12 19 32 35
12 14 19 23 25 26 27 32 38
3 6 8 17 19 22 25 28 39
4 5 9 10 17 27 31 33 38
7 17 18 22 23 31 35 36 38
2 5 8 9 12 29 30 39 41
5 6 13 15 16 19 23 24 39
0 11 12 16 17 24 26 28 41
6 7 13 19 21 26 36 38 41
2 10 14 21 28 31 32 37 39
3 6 7 12 20 31 34 37 40
10 16 18 22 27 30 39 40 41
2 3 4 7 8 10 14 15 26
8 19 28 30 33 34 35 37 38
4 5 11 13 14 17 20 22 37
5 7 14 15 27 28 30 34 36
2 4 9 16 22 24 26 32 34
1 5 6 14 18 24 29 33 35
0 9 14 18 23 25 34 37 41
2 3 11 13 18 23 28 32 33
1 4 8 16 17 21 23 30 40
6 8 9 15 31 32 33 36 41
0 3 5 20 21 25 30 32 33
0 2 6 7 8 13 17 27 35
1 12 15 18 20 21 22 27 37
1 13 16 25 26 29 30 31 37
3 7 9 21 24 27 29 38 39
0 1 2 4 19 22 28 29 31
4 11 12 13 21 34 35 36 39
4 5 15 18 25 26 35 40 41
8 11 18 19 20 24 27 31 40
9 10 13 20 23 28 29 36 40
2 7 12 14 16 22 25 33 40
0 11 15 17 29 32 34 38 40
