1 2 10 17 24 26 27 35 36 39
13 16 17 22 23 25 28 37 39 41
2 9 10 13 15 19 21 30 37 42
1 5 9 16 21 24 29 31 37 41
0 10 15 22 27 28 29 30 31 38
0 2 5 7 9 12 22 25 32 36
0 6 20 21 22 29 34 35 39 42
0 1 6 9 15 16 20 26 38 40
2 5 14 15 18 19 22 26 29 41
0 3 7 10 11 13 14 27 38 41
1 8 11 15 17 22 25 30 33 35
3 4 12 15 16 19 25 29 36 39
8 9 13 18 21 23 27 29 36 40
7 16 18 23 30 31 33 35 39 40
2 4 6 8 21 25 33 38 40 41
5 9 11 27 28 33 36 38 39 42
3 7 8 12 14 21 24 26 28 42
6 14 25 26 30 31 32 36 41 42
0 7 15 23 24 26 33 34 36 37
4 9 10 12 14 17 31 33 34 35
1 4 6 7 19 27 28 32 35 37
12 13 18 20 34 35 36 37 38 41
0 1 3 4 5 17 18 23 32 42
7 13 17 19 20 28 29 32 33 40
1 5 12 14 16 27 30 34 40 42
2 3 19 20 23 25 27 31 33 34
6 11 12 17 19 21 23 24 32 38
2 8 10 11 16 18 28 29 32 34
0 1 4 8 11 13 19 26 31 39
3 5 6 10 13 18 24 25 35 40
5 8 10 14 15 20 23 32 37 39
3 4 9 11 20 22 24 30 37 40
