2 21 32 34
3 22 33 35
4 23 34 36
5 24 35 37
6 25 36 38
7 26 37 39
8 27 38 40
9 28 39 41
0 10 29 40
1 11 30 41
0 2 12 31
1 3 13 32
2 4 14 33
3 5 15 34
4 6 16 35
5 7 17 36
6 8 18 37
7 9 19 38
8 10 20 39
9 11 21 40
10 12 22 41
0 11 13 23
1 12 14 24
2 13 15 25
3 14 16 26
4 15 17 27
5 16 18 28
6 17 19 29
7 18 20 30
8 19 21 31
9 20 22 32
10 21 23 33
11 22 24 34
12 23 25 35
13 24 26 36
14 25 27 37
15 26 28 38
16 27 29 39
17 28 30 40
18 29 31 41
0 19 30 32
1 20 31 33
0 8 14 41
0 1 9 15
1 2 10 16
2 3 11 17
3 4 12 18
4 5 13 19
5 6 14 20
6 7 15 21
7 8 16 22
8 9 17 23
9 10 18 24
10 11 19 25
11 12 20 26
12 13 21 27
13 14 22 28
14 15 23 29
15 16 24 30
16 17 25 31
17 18 26 32
18 19 27 33
19 20 28 34
20 21 29 35
21 22 30 36
22 23 31 37
23 24 32 38
24 25 33 39
25 26 34 40
26 27 35 41
0 27 28 36
1 28 29 37
2 29 30 38
3 30 31 39
4 31 32 40
5 32 33 41
0 6 33 34
1 7 34 35
2 8 35 36
3 9 36 37
4 10 37 38
5 11 38 39
6 12 39 40
7 13 40 41
14 32 36 39
15 33 37 40
16 34 38 41
0 17 35 39
1 18 36 40
2 19 37 41
0 3 20 38
1 4 21 39
2 5 22 40
3 6 23 41
0 4 7 24
1 5 8 25
2 6 9 26
3 7 10 27
4 8 11 28
5 9 12 29
6 10 13 30
7 11 14 31
8 12 15 32
9 13 16 33
10 14 17 34
11 15 18 35
12 16 19 36
13 17 20 37
14 18 21 38
15 19 22 39
16 20 23 40
17 21 24 41
0 18 22 25
1 19 23 26
2 20 24 27
3 21 25 28
4 22 26 29
5 23 27 30
6 24 28 31
7 25 29 32
8 26 30 33
9 27 31 34
10 28 32 35
11 29 33 36
12 30 34 37
13 31 35 38
10 26 36 42
2 6 11 22
16 19 21 42
35 39 40 41
4 20 25 38
2 27 28 33
3 8 24 29
24 25 32 42
15 31 36 42
8 13 20 42
6 23 39 42
20 25 36 41
9 25 30 39
11 16 32 37
13 18 34 39
7 15 38 41
13 29 34 40
4 9 23 35
5 33 38 42
2 18 23 42
17 22 27 42
3 10 35 42
8 10 23 34
14 19 30 35
1 6 27 32
0 5 21 26
12 28 38 42
3 17 33 38
1 22 26 38
15 20 21 37
7 16 23 28
1 17 34 42
11 20 26 31
4 30 41 42
5 10 15 31
0 16 37 42
7 12 17 33
11 27 29 42
9 14 40 42
3 19 24 40
2 7 39 42
