0 2 10 12 19 21 27 28 35
1 9 14 18 19 26 28 29 31
2 5 9 10 18 20 22 32 34
1 3 4 10 13 24 26 32 37
6 8 13 17 19 20 36 39 40
12 21 22 23 29 32 38 40 41
10 11 13 15 17 18 23 31 35
2 8 9 17 23 26 33 37 38
4 9 10 15 28 33 39 40 42
5 6 14 15 19 27 32 33 41
4 22 23 25 27 31 33 36 39
11 18 21 26 27 30 39 41 42
6 14 18 24 27 29 37 38 39
6 9 11 15 16 29 34 35 36
0 1 2 3 8 12 15 36 41
0 6 7 9 10 26 30 31 41
3 6 19 22 23 28 30 34 38
1 2 15 16 20 30 31 38 39
2 11 24 29 31 32 36 40 42
1 3 5 17 22 26 35 39 40
3 8 10 16 17 25 27 29 30
2 7 15 19 21 22 24 25 26
1 7 8 11 27 33 34 37 40
1 9 12 13 20 21 23 24 27
0 7 14 16 17 23 30 32 40
4 12 14 17 20 24 26 34 42
3 7 9 11 12 19 25 37 39
0 4 5 7 11 13 28 29 38
5 16 17 21 24 28 36 37 41
6 7 12 16 18 20 26 33 36
2 4 6 8 11 13 14 21 22
4 11 20 25 28 30 35 37 41
5 7 8 12 30 31 32 35 42
0 8 18 24 25 28 32 34 39
0 4 15 16 18 19 22 37 42
0 3 20 21 29 31 33 34 37
2 3 5 14 18 23 25 40 42
1 6 13 16 25 34 38 41 42
10 13 14 24 30 33 35 36 38
