1 11 16 19 20 26 41
5 7 17 22 25 26 32
11 13 23 28 31 32 38
2 17 19 29 34 37 38
1 2 8 23 25 35 40
4 7 8 14 29 31 41
5 10 13 14 20 35 37
4 9 11 18 29 34 35
10 15 17 24 35 40 41
4 5 16 21 23 30 41
5 10 11 22 27 29 36
0 11 16 17 28 33 35
6 17 22 23 34 39 41
3 5 12 23 28 29 40
20 21 25 29 33 36 39
0 3 26 27 31 35 39
3 6 9 32 33 37 41
1 5 9 12 15 38 39
2 3 7 11 15 18 21
8 9 13 17 21 24 27
14 15 19 23 27 30 33
8 11 30 37 39 40 42
1 3 4 14 17 36 42
0 7 9 10 20 23 42
6 13 15 16 26 29 42
12 19 21 22 32 35 42
18 25 27 28 38 41 42
2 5 24 31 33 34 42
12 18 23 24 26 36 37
0 1 18 24 29 30 32
6 7 24 30 35 36 38
0 2 12 13 30 36 41
0 5 6 8 18 19 36
0 6 11 12 14 24 25
6 12 17 18 20 30 31
4 8 10 12 26 33 38
2 10 14 16 18 32 39
3 8 16 20 22 24 38
2 9 14 22 26 28 30
8 15 20 28 32 34 36
0 14 21 26 34 38 40
2 4 6 20 27 32 40
0 4 15 22 25 31 37
1 6 10 21 28 31 37
1 7 12 16 27 34 37
1 7 13 18 22 33 40
4 7 13 19 24 28 39
3 10 13 19 25 30 34
9 16 19 25 31 36 40
