0 1 2 6 13 18 21 35
1 2 3 7 14 19 22 36
2 3 4 8 15 20 23 37
3 4 5 9 16 21 24 38
4 5 6 10 17 22 25 39
5 6 7 11 18 23 26 40
6 7 8 12 19 24 27 41
7 8 9 13 20 25 28 42
0 8 9 10 14 21 26 29
1 9 10 11 15 22 27 30
2 10 11 12 16 23 28 31
3 11 12 13 17 24 29 32
4 12 13 14 18 25 30 33
5 13 14 15 19 26 31 34
6 14 15 16 20 27 32 35
7 15 16 17 21 28 33 36
8 16 17 18 22 29 34 37
9 17 18 19 23 30 35 38
10 18 19 20 24 31 36 39
11 19 20 21 25 32 37 40
12 20 21 22 26 33 38 41
13 21 22 23 27 34 39 42
0 14 22 23 24 28 35 40
1 15 23 24 25 29 36 41
2 16 24 25 26 30 37 42
0 3 17 25 26 27 31 38
1 4 18 26 27 28 32 39
2 5 19 27 28 29 33 40
3 6 20 28 29 30 34 41
4 7 21 29 30 31 35 42
0 5 8 22 30 31 32 36
1 6 9 23 31 32 33 37
2 7 10 24 32 33 34 38
3 8 11 25 33 34 35 39
4 9 12 26 34 35 36 40
5 10 13 27 35 36 37 41
6 11 14 28 36 37 38 42
0 7 12 15 29 37 38 39
1 8 13 16 30 38 39 40
2 9 14 17 31 39 40 41
3 10 15 18 32 40 41 42
0 4 11 16 19 33 41 42
0 1 5 12 17 20 34 42
