0 1 2 3 4 6 7 8 10
0 11 13 17 21 25 26 29 35
0 13 14 16 18 20 28 33 42
0 12 20 22 27 34 36 39 40
10 12 15 17 18 28 29 32 40
0 5 18 19 22 30 37 38 41
1 2 6 9 18 21 24 39 42
1 2 11 16 23 25 37 40 41
1 2 12 19 26 30 32 33 35
1 2 5 13 17 28 31 34 36
1 2 14 15 20 22 27 29 38
3 5 7 16 20 21 27 30 32
3 7 11 15 19 25 28 30 39
3 7 9 12 29 31 37 41 42
3 7 14 18 23 26 34 35 36
3 7 13 17 22 24 33 38 40
4 8 9 12 21 22 23 28 38
4 8 16 19 24 29 30 34 36
4 8 11 18 20 25 27 31 33
4 8 13 14 17 32 37 39 41
4 5 8 9 15 26 35 40 42
9 10 17 19 20 23 27 30 42
6 12 13 14 19 21 30 31 40
0 9 13 15 23 24 27 31 32
5 6 15 16 17 23 29 33 39
6 11 22 25 32 34 36 38 42
6 20 24 26 27 28 35 37 41
9 10 15 21 33 34 36 37 41
10 13 16 22 26 31 35 38 39
5 9 10 11 12 14 16 24 25
