2 4 9 18 21 29
8 10 15 24 27 35
14 16 21 30 33 41
5 20 22 27 36 39
0 3 11 26 28 33
6 9 17 32 34 39
3 12 15 23 38 40
3 6 16 20 25 42
9 12 22 26 31 42
15 18 28 32 37 42
1 21 24 34 38 42
2 7 27 30 40 42
4 8 13 33 36 42
0 10 14 19 39 42
2 6 11 12 14 20
8 12 17 18 20 26
14 18 23 24 26 32
20 24 29 30 32 38
2 26 30 35 36 38
0 2 8 32 36 41
0 5 6 8 14 38
3 7 9 10 14 21
9 13 15 16 20 27
15 19 21 22 26 33
21 25 27 28 32 39
3 27 31 33 34 38
2 9 33 37 39 40
1 3 4 8 15 39
6 12 13 21 35 39
3 12 18 19 27 41
5 9 18 24 25 33
11 15 24 30 31 39
3 17 21 30 36 37
0 1 9 23 27 36
0 6 7 15 29 33
14 19 26 29 34 40
4 20 25 32 35 40
4 10 26 31 38 41
2 5 10 16 32 37
1 8 11 16 22 38
2 7 14 17 22 28
8 13 20 23 28 34
7 16 26 35 39 42
3 13 22 32 41 42
5 9 19 28 38 42
2 11 15 25 34 42
8 17 21 31 40 42
4 14 23 27 37 42
1 10 20 29 33 42
8 12 22 24 29 37
1 14 18 28 30 35
7 20 24 34 36 41
0 5 13 26 30 40
4 6 11 19 32 36
0 10 12 17 25 38
2 6 16 18 23 31
3 5 28 29 31 35
9 11 34 35 37 41
1 5 15 17 40 41
4 5 7 11 21 23
10 11 13 17 27 29
16 17 19 23 33 35
22 23 25 29 39 41
10 11 16 18 36 40
0 4 16 17 22 24
6 10 22 23 28 30
12 16 28 29 34 36
0 18 22 34 35 40
4 6 24 28 40 41
4 5 10 12 30 34
7 8 9 19 25 30
13 14 15 25 31 36
0 19 20 21 31 37
1 6 25 26 27 37
1 7 12 31 32 33
7 13 18 37 38 39
1 2 3 13 19 24
