8 10 12 21 22 28 36 43
1 10 12 14 23 24 30 38
3 12 14 16 25 26 32 40
5 14 16 18 27 28 34 42
0 7 16 18 20 29 30 36
2 9 18 20 22 31 32 38
4 11 20 22 24 33 34 40
6 13 22 24 26 35 36 42
0 8 15 24 26 28 37 38
2 10 17 26 28 30 39 40
4 12 19 28 30 32 41 42
0 6 14 21 30 32 34 43
1 2 8 16 23 32 34 36
3 4 10 18 25 34 36 38
5 6 12 20 27 36 38 40
7 8 14 22 29 38 40 42
0 9 10 16 24 31 40 42
0 2 11 12 18 26 33 42
0 2 4 13 14 20 28 35
2 4 6 15 16 22 30 37
4 6 8 17 18 24 32 39
6 8 10 19 20 26 34 41
18 21 23 31 35 37 40 41
20 23 25 33 37 39 42 43
0 1 22 25 27 35 39 41
2 3 24 27 29 37 41 43
1 4 5 26 29 31 39 43
1 3 6 7 28 31 33 41
3 5 8 9 30 33 35 43
1 5 7 10 11 32 35 37
3 7 9 12 13 34 37 39
5 9 11 14 15 36 39 41
7 11 13 16 17 38 41 43
1 9 13 15 18 19 40 43
1 3 11 15 17 20 21 42
0 3 5 13 17 19 22 23
2 5 7 15 19 21 24 25
4 7 9 17 21 23 26 27
6 9 11 19 23 25 28 29
8 11 13 21 25 27 30 31
10 13 15 23 27 29 32 33
12 15 17 25 29 31 34 35
14 17 19 27 31 33 36 37
16 19 21 29 33 35 38 39
