1 6 7 22 27 33
5 10 11 26 31 37
9 14 15 30 35 41
1 13 18 19 34 39
5 17 22 23 38 43
3 9 21 26 27 42
2 7 13 25 30 31
6 11 17 29 34 35
10 15 21 33 38 39
14 19 25 37 42 43
2 3 18 23 29 41
12 13 14 21 27 37
16 17 18 25 31 41
1 20 21 22 29 35
5 24 25 26 33 39
9 28 29 30 37 43
3 13 32 33 34 41
1 7 17 36 37 38
5 11 21 40 41 42
0 1 2 9 15 25
4 5 6 13 19 29
8 9 10 17 23 33
10 12 20 25 29 40
0 14 16 24 29 33
4 18 20 28 33 37
8 22 24 32 37 41
1 12 26 28 36 41
1 5 16 30 32 40
0 5 9 20 34 36
4 9 13 24 38 40
0 8 13 17 28 42
2 4 12 17 21 32
6 8 16 21 25 36
12 15 23 24 27 28
16 19 27 28 31 32
20 23 31 32 35 36
24 27 35 36 39 40
0 28 31 39 40 43
0 3 4 32 35 43
3 4 7 8 36 39
7 8 11 12 40 43
0 3 11 12 15 16
4 7 15 16 19 20
8 11 19 20 23 24
6 15 18 26 32 43
3 10 19 22 30 36
7 14 23 26 34 40
0 11 18 27 30 38
4 15 22 31 34 42
2 8 19 26 35 38
6 12 23 30 39 42
2 10 16 27 34 43
3 6 14 20 31 38
7 10 18 24 35 42
2 11 14 22 28 39
1 4 11 23 25 27
5 8 15 27 29 31
9 12 19 31 33 35
13 16 23 35 37 39
17 20 27 39 41 43
1 3 21 24 31 43
3 5 7 25 28 35
7 9 11 29 32 39
11 13 15 33 36 43
3 15 17 19 37 40
0 7 19 21 23 41
0 10 13 20 22 26
4 14 17 24 26 30
8 18 21 28 30 34
12 22 25 32 34 38
16 26 29 36 38 42
2 20 30 33 40 42
0 2 6 24 34 37
4 6 10 28 38 41
1 8 10 14 32 42
2 5 12 14 18 36
6 9 16 18 22 40
