5 13 16 22 24 30 32 34 39 41
0 1 2 8 14 21 23 30 37 40
4 5 13 14 18 21 32 36 42 43
1 10 15 23 25 32 33 34 36 38
3 11 25 29 31 35 40 41 42 43
2 3 7 9 13 17 24 27 32 40
2 6 9 10 12 14 16 31 39 42
0 3 5 10 14 15 22 31 33 40
8 11 12 14 15 24 26 35 36 41
6 8 17 21 22 24 28 31 32 36
0 24 25 27 31 34 37 38 42 43
2 6 13 16 20 23 33 35 37 43
7 8 10 13 15 19 20 22 25 42
5 9 10 17 18 22 23 26 34 35
1 2 4 9 11 15 22 30 31 43
6 14 15 19 23 24 27 28 29 30
1 3 5 9 19 23 36 37 39 41
0 6 7 11 17 19 32 35 38 39
8 9 15 18 21 29 32 37 38 41
3 12 18 19 20 26 30 31 32 33
4 8 10 17 27 29 33 39 41 43
0 7 11 13 16 23 26 29 31 36
2 13 19 21 26 28 38 39 40 43
3 4 5 7 8 16 28 30 35 38
2 3 6 7 14 21 25 28 34 41
1 3 11 16 19 21 22 27 33 42
4 10 11 17 26 28 30 37 40 42
4 6 8 12 18 19 23 34 40 42
1 7 12 14 17 20 22 29 37 38
15 16 17 18 20 25 30 36 39 40
0 1 7 9 12 18 24 28 33 43
2 5 11 18 20 27 28 29 34 36
0 4 9 10 20 21 24 25 35 41
1 5 6 12 13 21 25 26 27 35
