13 23 39
14 24 40
15 25 41
16 26 42
0 17 27
1 18 28
2 19 29
3 20 30
4 21 31
5 22 32
6 23 33
7 24 34
8 25 35
9 26 36
10 27 37
11 28 38
12 29 39
13 30 40
14 31 41
15 32 42
0 16 33
1 17 34
2 18 35
3 19 36
4 20 37
5 21 38
6 22 39
7 23 40
8 24 41
9 25 42
0 10 26
1 11 27
2 12 28
3 13 29
4 14 30
5 15 31
6 16 32
7 17 33
8 18 34
9 19 35
10 20 36
11 21 37
12 22 38
1 20 31
2 21 32
3 22 33
4 23 34
5 24 35
6 25 36
7 26 37
8 27 38
9 28 39
10 29 40
11 30 41
12 31 42
0 13 32
1 14 33
2 15 34
3 16 35
4 17 36
5 18 37
6 19 38
7 20 39
8 21 40
9 22 41
10 23 42
0 11 24
1 12 25
2 13 26
3 14 27
4 15 28
5 16 29
6 17 30
7 18 31
8 19 32
9 20 33
10 21 34
11 22 35
12 23 36
13 24 37
14 25 38
15 26 39
16 27 40
17 28 41
18 29 42
0 19 30
33 38 39
34 39 40
35 40 41
36 41 42
0 37 42
0 1 38
1 2 39
2 3 40
3 4 41
4 5 42
0 5 6
1 6 7
2 7 8
3 8 9
4 9 10
5 10 11
6 11 12
7 12 13
8 13 14
9 14 15
10 15 16
11 16 17
12 17 18
13 18 19
14 19 20
15 20 21
16 21 22
17 22 23
18 23 24
19 24 25
20 25 26
21 26 27
22 27 28
23 28 29
24 29 30
25 30 31
26 31 32
27 32 33
28 33 34
29 34 35
30 35 36
31 36 37
32 37 38
2 33 42
0 3 34
1 4 35
2 5 36
3 6 37
4 7 38
5 8 39
6 9 40
7 10 41
8 11 42
0 9 12
1 10 13
2 11 14
3 12 15
4 13 16
5 14 17
6 15 18
7 16 19
8 17 20
9 18 21
10 19 22
11 20 23
12 21 24
13 22 25
14 23 26
15 24 27
16 25 28
17 26 29
18 27 30
19 28 31
20 29 32
21 30 33
22 31 34
23 32 35
24 33 36
25 34 37
26 35 38
27 36 39
28 37 40
29 38 41
30 39 42
0 31 40
1 32 41
18 26 33
19 27 34
20 28 35
21 29 36
22 30 37
23 31 38
24 32 39
25 33 40
26 34 41
27 35 42
0 28 36
1 29 37
2 30 38
3 31 39
4 32 40
5 33 41
6 34 42
0 7 35
1 8 36
2 9 37
3 10 38
4 11 39
5 12 40
6 13 41
7 14 42
0 8 15
1 9 16
2 10 17
3 11 18
4 12 19
5 13 20
6 14 21
7 15 22
8 16 23
9 17 24
10 18 25
11 19 26
12 20 27
13 21 28
14 22 29
15 23 30
16 24 31
17 25 32
9 34 38
10 35 39
11 36 40
12 37 41
13 38 42
0 14 39
1 15 40
2 16 41
3 17 42
0 4 18
1 5 19
2 6 20
3 7 21
4 8 22
5 9 23
6 10 24
7 11 25
8 12 26
9 13 27
10 14 28
11 15 29
12 16 30
13 17 31
14 18 32
15 19 33
16 20 34
17 21 35
18 22 36
19 23 37
20 24 38
21 25 39
22 26 40
23 27 41
24 28 42
0 25 29
1 26 30
2 27 31
3 28 32
4 29 33
5 30 34
6 31 35
7 32 36
8 33 37
16 18 39
17 19 40
18 20 41
19 21 42
0 20 22
1 21 23
2 22 24
3 23 25
4 24 26
5 25 27
6 26 28
7 27 29
8 28 30
9 29 31
10 30 32
11 31 33
12 32 34
13 33 35
14 34 36
15 35 37
16 36 38
17 37 39
18 38 40
19 39 41
20 40 42
0 21 41
1 22 42
0 2 23
1 3 24
2 4 25
3 5 26
4 6 27
5 7 28
6 8 29
7 9 30
8 10 31
9 11 32
10 12 33
11 13 34
12 14 35
13 15 36
14 16 37
15 17 38
3 28 43
8 40 43
12 35 43
2 10 43
4 21 43
16 32 43
18 30 43
14 17 43
22 31 43
23 38 43
5 39 43
27 36 43
7 29 43
24 37 43
9 19 43
16 26 43
11 15 43
6 42 43
1 13 43
25 33 43
0 20 43
34 41 43
