8 14 16 39
12 18 20 43
3 16 22 24
7 20 26 28
11 24 30 32
15 28 34 36
19 32 38 40
0 23 36 42
2 4 27 40
0 6 8 31
4 10 12 35
3 13 34 43
3 7 17 38
7 11 21 42
2 11 15 25
6 15 19 29
10 19 23 33
14 23 27 37
18 27 31 41
1 22 31 35
5 26 35 39
9 30 39 43
8 33 35 42
2 12 37 39
6 16 41 43
1 3 10 20
5 7 14 24
9 11 18 28
13 15 22 32
17 19 26 36
21 23 30 40
0 25 27 34
4 29 31 38
1 15 38 41
1 5 19 42
2 5 9 23
6 9 13 27
10 13 17 31
14 17 21 35
18 21 25 39
22 25 29 43
3 26 29 33
7 30 33 37
11 34 37 41
12 16 26 40
0 16 20 30
4 20 24 34
8 24 28 38
12 28 32 42
2 16 32 36
6 20 36 40
0 10 24 40
0 4 14 28
4 8 18 32
8 12 22 36
20 23 25 35
24 27 29 39
28 31 33 43
3 32 35 37
7 36 39 41
1 11 40 43
0 3 5 15
4 7 9 19
8 11 13 23
12 15 17 27
16 19 21 31
10 22 26 41
1 14 26 30
5 18 30 34
9 22 34 38
13 26 38 42
2 17 30 42
2 6 21 34
6 10 25 38
10 14 29 42
2 14 18 33
6 18 22 37
9 10 17 37
13 14 21 41
1 17 18 25
5 21 22 29
9 25 26 33
13 29 30 37
17 33 34 41
1 21 37 38
5 25 41 42
1 2 9 29
5 6 13 33
25 30 31 36
29 34 35 40
0 33 38 39
4 37 42 43
2 3 8 41
1 6 7 12
5 10 11 16
9 14 15 20
13 18 19 24
17 22 23 28
21 26 27 32
6 28 30 35
10 32 34 39
14 36 38 43
3 18 40 42
0 2 7 22
4 6 11 26
8 10 15 30
12 14 19 34
16 18 23 38
20 22 27 42
2 24 26 31
5 12 30 38
9 16 34 42
2 13 20 38
6 17 24 42
2 10 21 28
6 14 25 32
10 18 29 36
14 22 33 40
0 18 26 37
4 22 30 41
1 8 26 34
11 17 20 39
15 21 24 43
3 19 25 28
7 23 29 32
11 27 33 36
15 31 37 40
0 19 35 41
1 4 23 39
5 8 27 43
3 9 12 31
7 13 16 35
15 23 26 43
3 19 27 30
7 23 31 34
11 27 35 38
15 31 39 42
2 19 35 43
3 6 23 39
7 10 27 43
3 11 14 31
7 15 18 35
11 19 22 39
16 24 25 37
20 28 29 41
1 24 32 33
5 28 36 37
9 32 40 41
0 1 13 36
4 5 17 40
0 8 9 21
4 12 13 25
8 16 17 29
12 20 21 33
4 15 16 33
8 19 20 37
12 23 24 41
1 16 27 28
5 20 31 32
9 24 35 36
13 28 39 40
0 17 32 43
3 4 21 36
7 8 25 40
0 11 12 29
