12 15 24 32 42
0 13 16 25 33
1 14 17 26 34
2 15 18 27 35
3 16 19 28 36
4 17 20 29 37
5 18 21 30 38
6 19 22 31 39
7 20 23 32 40
8 21 24 33 41
9 22 25 34 42
0 10 23 26 35
1 11 24 27 36
2 12 25 28 37
3 13 26 29 38
4 14 27 30 39
5 15 28 31 40
6 16 29 32 41
7 17 30 33 42
0 8 18 31 34
1 9 19 32 35
2 10 20 33 36
3 11 21 34 37
4 12 22 35 38
5 13 23 36 39
6 14 24 37 40
7 15 25 38 41
8 16 26 39 42
0 9 17 27 40
1 10 18 28 41
2 11 19 29 42
0 3 12 20 30
1 4 13 21 31
2 5 14 22 32
3 6 15 23 33
4 7 16 24 34
5 8 17 25 35
6 9 18 26 36
7 10 19 27 37
8 11 20 28 38
9 12 21 29 39
10 13 22 30 40
11 14 23 31 41
0 1 5 7 29
1 2 6 8 30
2 3 7 9 31
3 4 8 10 32
4 5 9 11 33
5 6 10 12 34
6 7 11 13 35
7 8 12 14 36
8 9 13 15 37
9 10 14 16 38
10 11 15 17 39
11 12 16 18 40
12 13 17 19 41
13 14 18 20 42
0 14 15 19 21
1 15 16 20 22
2 16 17 21 23
3 17 18 22 24
4 18 19 23 25
5 19 20 24 26
6 20 21 25 27
7 21 22 26 28
8 22 23 27 29
9 23 24 28 30
10 24 25 29 31
11 25 26 30 32
12 26 27 31 33
13 27 28 32 34
14 28 29 33 35
15 29 30 34 36
16 30 31 35 37
17 31 32 36 38
18 32 33 37 39
19 33 34 38 40
20 34 35 39 41
21 35 36 40 42
0 22 36 37 41
1 23 37 38 42
0 2 24 38 39
1 3 25 39 40
2 4 26 40 41
3 5 27 41 42
0 4 6 28 42
4 15 25 36 43
9 19 30 41 43
6 17 28 38 43
5 15 26 37 43
2 13 24 34 43
3 14 25 35 43
8 19 29 40 43
7 18 29 39 43
1 12 23 34 43
0 11 28 36 39
1 11 22 33 43
16 27 37 38 43
10 13 24 35 42
0 10 21 32 43
3 5 16 34 40
9 20 31 42 43
