0 4 6 12 26 32 33 36 39 40
0 1 5 9 15 16 20 27 28 36
0 2 3 15 19 22 26 29 39 43
3 4 9 11 28 29 32 35 41 42
3 10 13 17 21 30 34 36 38 42
4 5 12 13 14 16 22 24 31 42
0 2 13 17 23 27 31 34 38 40
1 6 8 18 22 30 31 35 38 39
3 7 10 14 15 20 31 33 38 40
1 2 5 21 33 37 40 41 42 43
0 5 8 11 15 25 26 29 34 37
2 4 10 12 15 20 23 30 35 43
1 6 7 11 13 14 27 28 39 43
1 4 10 14 17 18 25 29 32 40
5 10 24 26 27 30 32 37 38 41
9 11 16 17 19 26 30 33 35 40
6 15 17 20 24 34 37 39 41 42
0 13 14 15 18 19 21 32 35 37
4 5 6 9 10 18 19 23 25 33
2 4 7 9 14 22 30 34 36 37
10 11 18 23 26 28 31 36 37 42
8 12 17 20 22 27 28 32 33 34
1 2 8 9 13 23 24 26 29 33
0 2 7 16 24 25 28 30 32 42
3 8 18 24 25 27 35 36 40 43
1 3 5 7 12 18 19 34 35 41
2 6 11 14 16 18 20 21 25 26
0 3 8 10 14 16 22 23 39 41
3 6 9 12 16 29 34 37 38 43
4 7 8 19 21 26 27 29 38 42
11 12 19 21 22 24 25 28 38 40
13 19 20 25 29 30 31 36 39 41
5 7 9 17 21 23 31 32 39 43
