6 22 24 28 29 41 42
1 2 10 26 28 32 33
5 6 14 30 32 36 37
9 10 18 34 36 40 41
0 1 13 14 22 38 40
0 4 5 17 18 26 42
2 4 8 9 21 22 30
6 8 12 13 25 26 34
10 12 16 17 29 30 38
14 16 20 21 33 34 42
2 18 20 24 25 37 38
8 18 25 29 32 34 39
12 22 29 33 36 38 43
3 16 26 33 37 40 42
0 2 7 20 30 37 41
1 4 6 11 24 34 41
1 5 8 10 15 28 38
5 9 12 14 19 32 42
2 9 13 16 18 23 36
6 13 17 20 22 27 40
0 10 17 21 24 26 31
4 14 21 25 28 30 35
9 17 22 31 34 35 37
13 21 26 35 38 39 41
1 17 25 30 39 42 43
2 3 5 21 29 34 43
3 6 7 9 25 33 38
7 10 11 13 29 37 42
2 11 14 15 17 33 41
1 6 15 18 19 21 37
5 10 19 22 23 25 41
1 9 14 23 26 27 29
5 13 18 27 30 31 33
4 7 19 27 32 34 38
8 11 23 31 36 38 42
2 12 15 27 35 40 42
0 2 6 16 19 31 39
4 6 10 20 23 35 43
3 8 10 14 24 27 39
7 12 14 18 28 31 43
3 11 16 18 22 32 35
7 15 20 22 26 36 39
11 19 24 26 30 40 43
0 3 15 23 28 30 34
8 16 27 28 37 41 43
1 3 12 20 31 32 41
1 5 7 16 24 35 36
5 9 11 20 28 39 40
0 9 13 15 24 32 43
3 4 13 17 19 28 36
7 8 17 21 23 32 40
0 11 12 21 25 27 36
4 15 16 25 29 31 40
0 8 19 20 29 33 35
4 12 23 24 33 37 39
