4 31 37 40
0 8 35 41
1 4 12 39
5 8 16 43
3 9 12 20
7 13 16 24
11 17 20 28
15 21 24 32
19 25 28 36
23 29 32 40
0 27 33 36
1 2 8 29
5 6 12 33
9 10 16 37
13 14 20 41
1 17 18 24
5 21 22 28
9 25 26 32
13 29 30 36
17 33 34 40
0 21 37 38
4 25 41 42
13 18 34 37
17 22 38 41
1 21 26 42
2 5 25 30
6 9 29 34
10 13 33 38
14 17 37 42
2 18 21 41
1 6 22 25
5 10 26 29
9 14 30 33
1 28 33 41
1 5 32 37
5 9 36 41
1 9 13 40
0 5 13 17
4 9 17 21
8 13 21 25
12 17 25 29
16 21 29 33
20 25 33 37
24 29 37 41
11 19 37 43
3 15 23 41
1 7 19 27
5 11 23 31
9 15 27 35
13 19 31 39
17 23 35 43
3 21 27 39
7 25 31 43
3 11 29 35
7 15 33 39
10 15 25 40
0 14 19 29
4 18 23 33
8 22 27 37
12 26 31 41
1 16 30 35
5 20 34 39
9 24 38 43
3 13 28 42
2 7 17 32
6 11 21 36
28 35 38 40
0 32 39 42
2 4 36 43
3 6 8 40
0 7 10 12
4 11 14 16
8 15 18 20
12 19 22 24
16 23 26 28
20 27 30 32
24 31 34 36
7 20 29 38
11 24 33 42
2 15 28 37
6 19 32 41
1 10 23 36
5 14 27 40
0 9 18 31
4 13 22 35
8 17 26 39
12 21 30 43
3 16 25 34
8 12 14 36
12 16 18 40
0 16 20 22
4 20 24 26
8 24 28 30
12 28 32 34
16 32 36 38
20 36 40 42
0 2 24 40
0 4 6 28
4 8 10 32
3 26 36 37
7 30 40 41
0 1 11 34
4 5 15 38
8 9 19 42
2 12 13 23
6 16 17 27
10 20 21 31
14 24 25 35
18 28 29 39
22 32 33 43
12 27 38 42
2 16 31 42
2 6 20 35
6 10 24 39
10 14 28 43
3 14 18 32
7 18 22 36
11 22 26 40
0 15 26 30
4 19 30 34
8 23 34 38
14 22 31 34
18 26 35 38
22 30 39 42
2 26 34 43
3 6 30 38
7 10 34 42
2 11 14 38
6 15 18 42
2 10 19 22
6 14 23 26
10 18 27 30
12 35 37 44
16 39 41 44
1 20 43 44
3 5 24 44
7 9 28 44
11 13 32 44
15 17 36 44
19 21 40 44
0 23 25 44
4 27 29 44
8 31 33 44
21 34 35 44
25 38 39 44
29 42 43 44
2 3 33 44
6 7 37 44
10 11 41 44
1 14 15 44
5 18 19 44
9 22 23 44
13 26 27 44
17 30 31 44
3 10 17 19
7 14 21 23
11 18 25 27
15 22 29 31
19 26 33 35
23 30 37 39
27 34 41 43
1 3 31 38
5 7 35 42
2 9 11 39
6 13 15 43
11 12 15 30
15 16 19 34
19 20 23 38
23 24 27 42
2 27 28 31
6 31 32 35
10 35 36 39
14 39 40 43
0 3 18 43
3 4 7 22
7 8 11 26
