16 24 31 35 38 41
1 21 29 36 40 43
0 3 6 26 34 41
1 5 8 11 31 39
6 10 13 16 36 44
4 11 15 18 21 41
1 9 16 20 23 26
6 14 21 25 28 31
11 19 26 30 33 36
7 10 13 23 30 41
1 12 15 18 28 35
6 17 20 23 33 40
0 11 22 25 28 38
5 16 27 30 33 43
3 10 21 32 35 38
8 15 26 37 40 43
0 3 13 20 31 42
2 5 8 18 25 36
15 19 23 27 31 32
20 24 28 32 36 37
25 29 33 37 41 42
1 2 30 34 38 42
2 6 7 35 39 43
3 7 11 12 40 44
0 4 8 12 16 17
5 9 13 17 21 22
10 14 18 22 26 27
6 15 22 24 30 34
11 20 27 29 35 39
16 25 32 34 40 44
0 4 21 30 37 39
5 9 26 35 42 44
2 4 10 14 31 40
0 7 9 15 19 36
5 12 14 20 24 41
1 10 17 19 25 29
3 16 18 28 29 30
8 21 23 33 34 35
13 26 28 38 39 40
0 18 31 33 43 44
3 4 5 23 36 38
8 9 10 28 41 43
1 3 13 14 15 33
6 8 18 19 20 38
11 13 23 24 25 43
2 9 13 18 34 37
7 14 18 23 39 42
2 12 19 23 28 44
4 7 17 24 28 33
9 12 22 29 33 38
14 17 27 34 38 43
3 19 22 32 39 43
3 8 24 27 37 44
4 8 13 29 32 42
7 12 13 21 25 27
12 17 18 26 30 32
17 22 23 31 35 37
22 27 28 36 40 42
0 2 27 32 33 41
1 5 7 32 37 38
6 10 12 37 42 43
2 3 11 15 17 42
2 7 8 16 20 22
4 20 25 26 35 43
3 9 25 30 31 40
0 8 14 30 35 36
5 13 19 35 40 41
0 1 10 18 24 40
0 5 6 15 23 29
5 10 11 20 28 34
10 15 16 25 33 39
15 20 21 30 38 44
9 16 19 21 24 42
2 14 21 24 26 29
7 19 26 29 31 34
12 24 31 34 36 39
17 29 36 39 41 44
1 4 22 34 41 44
1 4 6 9 27 39
6 9 11 14 32 44
4 11 14 16 19 37
