0 6 12 21 22 25 26 40
3 9 15 24 25 28 29 43
1 6 12 18 27 28 31 32
4 9 15 21 30 31 34 35
7 12 18 24 33 34 37 38
10 15 21 27 36 37 40 41
13 18 24 30 39 40 43 44
1 2 16 21 27 33 42 43
0 1 4 5 19 24 30 36
3 4 7 8 22 27 33 39
6 7 10 11 25 30 36 42
0 9 10 13 14 28 33 39
3 12 13 16 17 31 36 42
0 6 15 16 19 20 34 39
3 9 18 19 22 23 37 42
2 11 13 19 22 27 29 34
5 14 16 22 25 30 32 37
8 17 19 25 28 33 35 40
11 20 22 28 31 36 38 43
1 14 23 25 31 34 39 41
4 17 26 28 34 37 42 44
0 2 7 20 29 31 37 40
3 5 10 23 32 34 40 43
1 6 8 13 26 35 37 43
1 4 9 11 16 29 38 40
4 7 12 14 19 32 41 43
1 7 10 15 17 22 35 44
2 4 10 13 18 20 25 38
5 7 13 16 21 23 28 41
8 10 16 19 24 26 31 44
14 20 23 24 27 35 40 42
0 17 23 26 27 30 38 43
1 3 20 26 29 30 33 41
4 6 23 29 32 33 36 44
2 7 9 26 32 35 36 39
5 10 12 29 35 38 39 42
0 8 13 15 32 38 41 42
0 3 11 16 18 35 41 44
2 3 6 14 19 21 38 44
2 5 6 9 17 22 24 41
5 8 9 12 20 25 27 44
2 8 11 12 15 23 28 30
5 11 14 15 18 26 31 33
8 14 17 18 21 29 34 36
11 17 20 21 24 32 37 39
