1 11 35 36 42
2 6 16 40 41
0 1 7 11 21
5 6 12 16 26
10 11 17 21 31
15 16 22 26 36
20 21 27 31 41
1 25 26 32 36
6 30 31 37 41
4 16 33 34 39
9 21 38 39 44
4 14 26 43 44
3 4 9 19 31
8 9 14 24 36
13 14 19 29 41
1 18 19 24 34
6 23 24 29 39
11 28 29 34 44
11 16 23 27 37
16 21 28 32 42
2 21 26 33 37
7 26 31 38 42
2 12 31 36 43
3 7 17 36 41
1 8 12 22 41
1 6 13 17 27
6 11 18 22 32
3 6 20 34 35
8 11 25 39 40
0 13 16 30 44
4 5 18 21 35
9 10 23 26 40
0 14 15 28 31
5 19 20 33 36
10 24 25 38 41
1 15 29 30 43
9 20 22 29 42
2 14 25 27 34
7 19 30 32 39
12 24 35 37 44
4 17 29 40 42
0 2 9 22 34
5 7 14 27 39
10 12 19 32 44
4 15 17 24 37
0 29 36 37 39
5 34 41 42 44
1 2 4 10 39
6 7 9 15 44
4 11 12 14 20
9 16 17 19 25
14 21 22 24 30
19 26 27 29 35
24 31 32 34 40
9 18 28 30 35
14 23 33 35 40
0 19 28 38 40
0 5 24 33 43
3 5 10 29 38
8 10 15 34 43
3 13 15 20 39
8 18 20 25 44
4 13 23 25 30
2 17 18 36 44
4 7 22 23 41
1 9 12 27 28
6 14 17 32 33
11 19 22 37 38
16 24 27 42 43
2 3 21 29 32
7 8 26 34 37
12 13 31 39 42
0 15 32 35 41
1 5 20 37 40
0 6 10 25 42
2 5 11 15 30
7 10 16 20 35
12 15 21 25 40
0 17 20 26 30
5 22 25 31 35
10 27 30 36 40
3 25 28 37 43
3 8 30 33 42
2 8 13 35 38
7 13 18 40 43
0 3 12 18 23
5 8 17 23 28
10 13 22 28 33
15 18 27 33 38
20 23 32 38 43
6 8 19 21 43
3 11 13 24 26
8 16 18 29 31
13 21 23 34 36
18 26 28 39 41
1 23 31 33 44
4 6 28 36 38
9 11 33 41 43
1 3 14 16 38
5 9 13 32 37
10 14 18 37 42
2 15 19 23 42
2 7 20 24 28
7 12 25 29 33
12 17 30 34 38
17 22 35 39 43
3 22 27 40 44
0 4 8 27 32
