0 1 8 10 26 29 34 36 39 44
2 3 13 16 18 24 32 36 38 43
4 11 21 26 30 32 33 38 41 42
1 6 9 12 18 27 32 33 37 44
4 8 9 15 22 24 26 27 31 43
0 3 9 11 20 27 28 29 31 41
1 15 16 17 21 24 28 35 38 40
5 8 12 20 24 29 37 38 40 42
7 13 18 21 22 28 29 30 34 37
2 5 8 10 25 27 28 33 38 41
0 1 5 7 13 17 26 31 32 37
2 4 6 7 10 16 20 29 32 35
10 11 12 15 17 21 25 37 39 43
2 3 8 10 17 18 27 30 42 44
1 2 9 23 30 31 34 35 38 39
7 13 14 16 24 25 27 30 39 40
0 2 6 15 19 24 25 29 30 33
3 4 16 19 25 31 33 34 39 42
3 5 11 14 15 23 32 34 40 44
2 4 19 21 28 31 36 37 40 44
1 4 5 9 14 17 18 25 29 36
10 13 14 15 17 19 20 22 23 33
2 12 14 16 23 26 28 29 33 43
5 8 9 11 13 16 19 21 35 44
6 8 13 23 28 32 39 41 42 43
1 7 11 19 20 22 38 42 43 44
0 3 6 7 8 12 14 21 31 38
0 14 15 18 19 27 35 37 41 42
2 5 6 11 18 20 22 26 39 40
7 9 10 15 33 35 36 40 42 43
0 1 3 4 16 22 23 37 40 41
4 6 11 12 13 17 24 34 36 41
0 5 20 21 23 27 30 34 36 43
7 10 18 20 23 24 25 31 41 44
3 12 19 22 25 26 30 32 35 36
