1 4 13 22 23 27 29 31 32
3 5 12 17 23 29 33 34 36
0 4 14 21 29 34 37 41 43
9 13 15 17 20 29 30 43 44
0 7 18 19 23 36 37 40 44
2 6 10 19 28 31 35 36 43
1 5 9 18 21 27 28 33 37
3 4 7 12 16 27 28 38 43
3 6 8 9 14 24 31 37 42
0 6 12 18 24 30 32 34 35
0 23 25 31 33 38 39 42 43
0 1 9 10 12 16 19 29 42
7 16 20 21 26 31 32 34 40
0 5 12 14 15 20 22 28 31
5 9 11 14 23 32 35 40 43
8 10 12 18 22 26 37 38 43
0 6 8 17 25 27 29 39 40
8 11 12 21 25 30 31 36 44
1 11 16 20 22 24 36 39 43
0 3 11 13 15 21 35 38 39
7 8 20 27 32 35 36 41 42
7 15 17 18 19 22 31 39 41
7 10 11 24 26 29 33 35 37
4 14 16 17 19 25 30 33 35
10 14 15 23 26 27 30 38 39
4 13 15 24 26 33 36 40 42
1 2 7 12 13 30 37 39 40
1 5 6 22 25 26 35 42 44
5 8 13 16 23 24 28 30 41
1 2 3 8 15 19 23 26 34
2 5 19 21 24 27 29 38 44
2 6 12 20 21 22 23 33 41
3 11 18 22 28 29 30 40 42
4 8 10 28 32 33 34 39 44
0 2 9 17 24 25 26 28 32
7 9 13 14 22 25 34 36 38
3 6 15 16 25 32 37 41 44
2 3 4 5 10 13 18 20 25
1 10 14 17 21 38 40 41 42
4 5 6 7 9 11 26 39 41
6 11 13 17 19 20 32 37 38
2 11 14 16 18 27 34 42 44
