5 10 18 21 23 29 38
8 13 21 24 26 32 41
11 16 24 27 29 35 44
2 14 19 27 30 32 38
5 17 22 30 33 35 41
8 20 25 33 36 38 44
2 11 23 28 36 39 41
5 14 26 31 39 42 44
0 2 8 17 29 34 42
0 3 5 11 20 32 37
3 6 8 14 23 35 40
6 9 11 17 26 38 43
1 9 12 14 20 29 41
4 12 15 17 23 32 44
2 7 15 18 20 26 35
1 9 16 18 22 28 44
2 4 12 19 21 25 31
5 7 15 22 24 28 34
8 10 18 25 27 31 37
11 13 21 28 30 34 40
14 16 24 31 33 37 43
1 17 19 27 34 36 40
4 20 22 30 37 39 43
1 7 23 25 33 40 42
0 4 10 26 28 36 43
1 3 7 13 29 31 39
4 6 10 16 32 34 42
0 7 9 13 19 35 37
3 10 12 16 22 38 40
6 13 15 19 25 41 43
2 6 13 22 29 37 44
2 5 9 16 25 32 40
5 8 12 19 28 35 43
1 8 11 15 22 31 38
4 11 14 18 25 34 41
7 14 17 21 28 37 44
2 10 17 20 24 31 40
5 13 20 23 27 34 43
1 8 16 23 26 30 37
4 11 19 26 29 33 40
7 14 22 29 32 36 43
1 10 17 25 32 35 39
4 13 20 28 35 38 42
0 7 16 23 31 38 41
3 10 19 26 34 41 44
3 4 7 8 9 27 39
6 7 10 11 12 30 42
0 9 10 13 14 15 33
3 12 13 16 17 18 36
6 15 16 19 20 21 39
9 18 19 22 23 24 42
0 12 21 22 25 26 27
3 15 24 25 28 29 30
6 18 27 28 31 32 33
9 21 30 31 34 35 36
12 24 33 34 37 38 39
15 27 36 37 40 41 42
0 18 30 39 40 43 44
1 2 3 21 33 42 43
0 1 4 5 6 24 36
