0 5 10 15 18 19 23 36 39 42
2 6 11 12 21 31 39 42 43 45
3 5 11 18 21 24 35 37 38 40
4 6 11 13 21 23 25 29 30 44
4 5 6 7 10 22 26 34 37 43
0 9 10 13 27 28 29 33 40 43
1 2 9 10 16 19 21 28 34 37
0 2 11 14 18 25 26 27 34 38
2 3 4 10 14 15 22 33 36 44
1 8 9 11 17 18 26 28 36 45
0 1 3 13 14 15 29 35 37 45
1 4 8 19 22 23 24 27 35 43
4 15 17 24 27 28 31 32 34 39
9 14 16 20 22 23 32 40 43 45
3 7 19 20 23 25 28 33 34 42
1 5 15 20 21 24 26 30 33 43
5 9 12 15 23 25 31 37 40 41
7 10 12 13 16 20 31 35 36 38
0 7 12 14 17 19 21 22 30 41
0 3 6 8 21 27 29 31 32 36
5 11 19 20 27 29 34 41 44 45
13 18 19 22 26 30 31 32 33 38
3 16 17 23 26 38 39 41 43 44
4 7 9 27 30 33 37 38 42 45
0 4 6 12 16 18 20 28 40 41
1 12 22 26 29 35 39 40 42 44
3 5 8 9 12 14 16 27 30 39
1 7 18 25 32 36 37 41 43 44
1 6 8 14 15 28 31 38 42 44
2 5 13 17 23 28 32 35 41 42
7 11 15 16 24 29 33 38 41 42
2 7 8 13 24 30 34 36 39 40
6 10 14 16 17 19 24 25 40 45
2 8 17 18 20 25 29 33 37 39
0 6 9 12 24 32 33 34 35 44
8 10 11 22 25 28 30 32 35 41
