4 8 18
5 9 19
6 10 20
7 11 21
8 12 22
9 13 23
10 14 24
11 15 25
12 16 26
13 17 27
14 18 28
15 19 29
16 20 30
17 21 31
18 22 32
19 23 33
20 24 34
21 25 35
22 26 36
23 27 37
24 28 38
25 29 39
26 30 40
27 31 41
28 32 42
29 33 43
30 34 44
0 31 35
1 32 36
2 33 37
3 34 38
4 35 39
5 36 40
6 37 41
7 38 42
8 39 43
9 40 44
0 10 41
1 11 42
2 12 43
3 13 44
0 4 14
1 5 15
2 6 16
3 7 17
0 15 18
1 16 19
2 17 20
3 18 21
4 19 22
5 20 23
6 21 24
7 22 25
8 23 26
9 24 27
10 25 28
11 26 29
12 27 30
13 28 31
14 29 32
15 30 33
16 31 34
17 32 35
18 33 36
19 34 37
20 35 38
21 36 39
22 37 40
23 38 41
24 39 42
25 40 43
26 41 44
0 27 42
1 28 43
2 29 44
0 3 30
1 4 31
2 5 32
3 6 33
4 7 34
5 8 35
6 9 36
7 10 37
8 11 38
9 12 39
10 13 40
11 14 41
12 15 42
13 16 43
14 17 44
3 20 42
4 21 43
5 22 44
0 6 23
1 7 24
2 8 25
3 9 26
4 10 27
5 11 28
6 12 29
7 13 30
8 14 31
9 15 32
10 16 33
11 17 34
12 18 35
13 19 36
14 20 37
15 21 38
16 22 39
17 23 40
18 24 41
19 25 42
20 26 43
21 27 44
0 22 28
1 23 29
2 24 30
3 25 31
4 26 32
5 27 33
6 28 34
7 29 35
8 30 36
9 31 37
10 32 38
11 33 39
12 34 40
13 35 41
14 36 42
15 37 43
16 38 44
0 17 39
1 18 40
2 19 41
10 15 39
11 16 40
12 17 41
13 18 42
14 19 43
15 20 44
0 16 21
1 17 22
2 18 23
3 19 24
4 20 25
5 21 26
6 22 27
7 23 28
8 24 29
9 25 30
10 26 31
11 27 32
12 28 33
13 29 34
14 30 35
15 31 36
16 32 37
17 33 38
18 34 39
19 35 40
20 36 41
21 37 42
22 38 43
23 39 44
0 24 40
1 25 41
2 26 42
3 27 43
4 28 44
0 5 29
1 6 30
2 7 31
3 8 32
4 9 33
5 10 34
6 11 35
7 12 36
8 13 37
9 14 38
14 26 27
15 27 28
16 28 29
17 29 30
18 30 31
19 31 32
20 32 33
21 33 34
22 34 35
23 35 36
24 36 37
25 37 38
26 38 39
27 39 40
28 40 41
29 41 42
30 42 43
31 43 44
0 32 44
0 1 33
1 2 34
2 3 35
3 4 36
4 5 37
5 6 38
6 7 39
7 8 40
8 9 41
9 10 42
10 11 43
11 12 44
0 12 13
1 13 14
2 14 15
3 15 16
4 16 17
5 17 18
6 18 19
7 19 20
8 20 21
9 21 22
10 22 23
11 23 24
12 24 25
13 25 26
33 35 42
34 36 43
35 37 44
0 36 38
1 37 39
2 38 40
3 39 41
4 40 42
5 41 43
6 42 44
0 7 43
1 8 44
0 2 9
1 3 10
2 4 11
3 5 12
4 6 13
5 7 14
6 8 15
7 9 16
8 10 17
9 11 18
10 12 19
11 13 20
12 14 21
13 15 22
14 16 23
15 17 24
16 18 25
17 19 26
18 20 27
19 21 28
20 22 29
21 23 30
22 24 31
23 25 32
24 26 33
25 27 34
26 28 35
27 29 36
28 30 37
29 31 38
30 32 39
31 33 40
32 34 41
5 13 39
6 14 40
7 15 41
8 16 42
9 17 43
10 18 44
0 11 19
1 12 20
2 13 21
3 14 22
4 15 23
5 16 24
6 17 25
7 18 26
8 19 27
9 20 28
10 21 29
11 22 30
12 23 31
13 24 32
14 25 33
15 26 34
16 27 35
17 28 36
18 29 37
19 30 38
20 31 39
21 32 40
22 33 41
23 34 42
24 35 43
25 36 44
0 26 37
1 27 38
2 28 39
3 29 40
4 30 41
5 31 42
6 32 43
7 33 44
0 8 34
1 9 35
2 10 36
3 11 37
4 12 38
19 39 44
3 28 45
15 40 45
5 20 45
17 42 45
2 22 45
18 22 42
5 25 30
6 11 31
3 23 43
31 34 45
9 14 34
2 7 27
12 17 37
8 28 33
23 37 45
6 26 45
9 29 45
0 20 40
12 32 45
21 41 45
14 39 45
13 33 45
8 38 45
24 44 45
10 15 35
1 21 26
16 19 45
16 36 41
4 35 45
4 24 29
13 18 38
1 27 45
7 32 45
11 36 45
18 43 45
0 25 45
10 30 45
