6 8 32 35 36
8 10 34 37 38
10 12 36 39 40
12 14 38 41 42
14 16 40 43 44
0 16 18 42 45
1 2 18 20 44
0 3 4 20 22
2 5 6 22 24
4 7 8 24 26
6 9 10 26 28
8 11 12 28 30
10 13 14 30 32
12 15 16 32 34
14 17 18 34 36
16 19 20 36 38
18 21 22 38 40
20 23 24 40 42
22 25 26 42 44
0 24 27 28 44
0 2 26 29 30
2 4 28 31 32
4 6 30 33 34
24 31 33 37 43
26 33 35 39 45
1 28 35 37 41
3 30 37 39 43
5 32 39 41 45
1 7 34 41 43
3 9 36 43 45
1 5 11 38 45
1 3 7 13 40
3 5 9 15 42
5 7 11 17 44
0 7 9 13 19
2 9 11 15 21
4 11 13 17 23
6 13 15 19 25
8 15 17 21 27
10 17 19 23 29
12 19 21 25 31
14 21 23 27 33
16 23 25 29 35
18 25 27 31 37
20 27 29 33 39
22 29 31 35 41
1 9 12 24 27
3 11 14 26 29
5 13 16 28 31
7 15 18 30 33
9 17 20 32 35
11 19 22 34 37
13 21 24 36 39
15 23 26 38 41
17 25 28 40 43
19 27 30 42 45
1 21 29 32 44
0 3 23 31 34
2 5 25 33 36
4 7 27 35 38
6 9 29 37 40
8 11 31 39 42
10 13 33 41 44
0 12 15 35 43
2 14 17 37 45
1 4 16 19 39
3 6 18 21 41
5 8 20 23 43
7 10 22 25 45
2 8 19 40 41
4 10 21 42 43
6 12 23 44 45
0 1 8 14 25
2 3 10 16 27
4 5 12 18 29
6 7 14 20 31
8 9 16 22 33
10 11 18 24 35
12 13 20 26 37
14 15 22 28 39
16 17 24 30 41
18 19 26 32 43
20 21 28 34 45
1 22 23 30 36
3 24 25 32 38
5 26 27 34 40
7 28 29 36 42
9 30 31 38 44
0 11 32 33 40
2 13 34 35 42
4 15 36 37 44
0 6 17 38 39
2 13 29 38 43
4 15 31 40 45
1 6 17 33 42
3 8 19 35 44
0 5 10 21 37
2 7 12 23 39
4 9 14 25 41
6 11 16 27 43
8 13 18 29 45
1 10 15 20 31
3 12 17 22 33
5 14 19 24 35
7 16 21 26 37
9 18 23 28 39
11 20 25 30 41
13 22 27 32 43
15 24 29 34 45
1 17 26 31 36
3 19 28 33 38
5 21 30 35 40
7 23 32 37 42
9 25 34 39 44
0 11 27 36 41
