5 6 9 14 15 20 22 31 34
1 10 16 20 22 23 26 27 35
3 9 10 13 24 36 39 41 45
4 7 16 17 24 25 30 36 37
2 9 15 16 18 21 30 33 43
3 8 9 11 14 22 26 28 30
11 13 14 20 21 23 25 38 45
6 7 9 13 23 29 35 36 43
3 9 17 20 32 33 37 42 44
3 7 12 21 27 34 35 37 41
2 3 5 17 25 31 35 39 43
6 10 14 17 21 24 26 29 40
0 11 20 23 30 34 36 39 40
0 6 12 16 21 25 39 42 44
1 2 4 9 12 19 31 40 45
2 6 11 13 17 19 27 28 33
5 6 8 10 12 13 30 37 40
0 2 5 23 24 26 33 37 38
1 13 18 21 22 24 25 34 44
2 5 11 12 18 20 22 29 41
0 4 8 14 18 19 35 37 39
0 3 10 15 25 28 29 33 40
0 1 8 11 12 15 24 32 43
11 15 26 29 31 36 37 44 45
8 12 17 22 33 34 35 36 38
4 5 19 21 22 28 29 32 36
2 8 14 25 27 32 36 41 42
1 15 17 19 23 29 30 41 42
0 7 17 18 22 27 40 41 45
2 7 10 18 29 32 34 38 42
5 8 16 27 29 33 34 39 45
4 10 12 14 27 30 33 43 44
1 22 28 37 38 39 40 42 43
0 9 13 25 27 30 31 32 38
1 3 5 6 16 18 19 36 38
4 11 16 32 35 38 40 41 44
2 7 8 19 20 24 28 43 44
5 15 24 27 28 30 35 42 45
4 12 18 23 24 26 28 31 34
1 7 13 14 16 28 31 33 41
3 4 6 8 21 23 31 32 39
4 7 13 15 20 26 38 39 42
6 19 25 26 32 34 41 43 45
5 7 10 11 19 23 31 42 44
