8 24 43 44
1 2 11 27
4 5 14 30
7 8 17 33
10 11 20 36
13 14 23 39
16 17 26 42
0 19 20 29
3 22 23 32
6 25 26 35
9 28 29 38
12 31 32 41
15 34 35 44
2 18 37 38
5 21 40 41
0 14 31 34
3 17 34 37
6 20 37 40
9 23 40 43
1 12 26 43
1 4 15 29
4 7 18 32
7 10 21 35
10 13 24 38
13 16 27 41
16 19 30 44
2 19 22 33
5 22 25 36
8 25 28 39
11 28 31 42
19 28 36 43
1 22 31 39
4 25 34 42
0 7 28 37
3 10 31 40
6 13 34 43
1 9 16 37
4 12 19 40
7 15 22 43
1 10 18 25
4 13 21 28
7 16 24 31
10 19 27 34
13 22 30 37
16 25 33 40
16 23 35 36
19 26 38 39
22 29 41 42
0 25 32 44
2 3 28 35
5 6 31 38
8 9 34 41
11 12 37 44
2 14 15 40
5 17 18 43
1 8 20 21
4 11 23 24
7 14 26 27
10 17 29 30
13 20 32 33
9 11 18 21
12 14 21 24
15 17 24 27
18 20 27 30
21 23 30 33
24 26 33 36
27 29 36 39
30 32 39 42
0 33 35 42
0 3 36 38
3 6 39 41
6 9 42 44
0 2 9 12
3 5 12 15
6 8 15 18
15 20 26 28
18 23 29 31
21 26 32 34
24 29 35 37
27 32 38 40
30 35 41 43
1 33 38 44
2 4 36 41
5 7 39 44
2 8 10 42
0 5 11 13
3 8 14 16
6 11 17 19
9 14 20 22
12 17 23 25
18 19 22 24
21 22 25 27
24 25 28 30
27 28 31 33
30 31 34 36
33 34 37 39
36 37 40 42
0 39 40 43
1 3 42 43
0 1 4 6
3 4 7 9
6 7 10 12
9 10 13 15
12 13 16 18
15 16 19 21
10 14 37 43
1 13 17 40
4 16 20 43
1 7 19 23
4 10 22 26
7 13 25 29
10 16 28 32
13 19 31 35
16 22 34 38
19 25 37 41
22 28 40 44
2 25 31 43
1 5 28 34
4 8 31 37
7 11 34 40
1 14 32 35
4 17 35 38
7 20 38 41
10 23 41 44
2 13 26 44
2 5 16 29
5 8 19 32
8 11 22 35
11 14 25 38
14 17 28 41
17 20 31 44
2 20 23 34
5 23 26 37
8 26 29 40
11 29 32 43
1 6 30 36
4 9 33 39
7 12 36 42
0 10 15 39
3 13 18 42
0 6 16 21
3 9 19 24
6 12 22 27
9 15 25 30
12 18 28 33
15 21 31 36
18 24 34 39
21 27 37 42
0 24 30 40
3 27 33 43
14 19 42 45
0 17 22 45
3 20 25 45
6 23 28 45
9 26 31 45
12 29 34 45
15 32 37 45
18 35 40 45
21 38 43 45
1 24 41 45
4 27 44 45
2 7 30 45
5 10 33 45
8 13 36 45
11 16 39 45
0 18 26 41
3 21 29 44
2 6 24 32
5 9 27 35
8 12 30 38
11 15 33 41
14 18 36 44
2 17 21 39
5 20 24 42
0 8 23 27
3 11 26 30
6 14 29 33
9 17 32 36
12 20 35 39
15 23 38 42
