8 9 12 15 25 34 40 42
10 11 14 17 27 36 42 44
0 12 13 16 19 29 38 44
0 2 14 15 18 21 31 40
2 4 16 17 20 23 33 42
4 6 18 19 22 25 35 44
0 6 8 20 21 24 27 37
2 8 10 22 23 26 29 39
4 10 12 24 25 28 31 41
6 12 14 26 27 30 33 43
8 14 16 28 29 32 35 45
1 10 16 18 30 31 34 37
3 12 18 20 32 33 36 39
5 14 20 22 34 35 38 41
7 16 22 24 36 37 40 43
9 18 24 26 38 39 42 45
1 11 20 26 28 40 41 44
0 3 13 22 28 30 42 43
2 5 15 24 30 32 44 45
0 1 4 7 17 26 32 34
2 3 6 9 19 28 34 36
4 5 8 11 21 30 36 38
6 7 10 13 23 32 38 40
0 23 25 30 36 37 41 45
1 2 25 27 32 38 39 43
3 4 27 29 34 40 41 45
1 5 6 29 31 36 42 43
3 7 8 31 33 38 44 45
0 1 5 9 10 33 35 40
2 3 7 11 12 35 37 42
4 5 9 13 14 37 39 44
0 6 7 11 15 16 39 41
2 8 9 13 17 18 41 43
4 10 11 15 19 20 43 45
1 6 12 13 17 21 22 45
1 3 8 14 15 19 23 24
3 5 10 16 17 21 25 26
5 7 12 18 19 23 27 28
7 9 14 20 21 25 29 30
9 11 16 22 23 27 31 32
11 13 18 24 25 29 33 34
13 15 20 26 27 31 35 36
15 17 22 28 29 33 37 38
17 19 24 30 31 35 39 40
19 21 26 32 33 37 41 42
21 23 28 34 35 39 43 44
