0 15 23 31 34 40
4 9 24 32 40 43
4 7 13 18 33 41
5 13 16 22 27 42
6 14 22 25 31 36
11 13 14 26 28 45
20 22 23 35 37 45
1 29 31 32 44 45
8 10 38 40 41 45
2 4 5 17 19 45
5 7 26 29 34 36
0 14 16 35 38 43
2 7 9 23 25 44
8 11 16 18 32 34
17 20 25 27 41 43
3 17 18 22 26 40
4 12 26 27 31 35
13 21 35 36 40 44
0 4 8 22 30 44
8 9 13 17 31 39
4 6 28 34 37 38
1 2 13 15 37 43
1 7 10 11 22 24
10 16 19 20 31 33
19 25 28 29 40 42
8 14 19 23 24 26
17 23 28 32 33 35
26 32 37 41 42 44
1 5 6 8 35 41
5 10 14 15 17 44
3 6 13 20 24 29
12 15 22 29 33 38
2 21 24 31 38 42
2 6 11 30 33 40
4 11 15 20 39 42
10 18 27 28 39 44
3 8 19 27 36 37
0 1 12 17 28 36
0 9 10 21 26 37
1 9 18 19 30 35
2 3 12 14 34 41
5 11 12 21 23 43
7 14 20 21 30 32
16 23 29 30 39 41
3 5 25 32 38 39
1 3 4 16 21 25
10 12 13 25 30 34
19 21 22 34 39 43
3 7 28 30 31 43
7 12 16 37 39 40
0 11 17 25 29 37
1 9 20 26 34 38
2 10 18 29 35 43
7 11 19 27 38 44
2 8 16 20 28 36
5 14 18 31 33 37
1 14 23 27 40 42
4 6 10 23 32 36
0 13 15 19 32 41
5 9 22 24 28 41
4 15 21 26 27 30
13 17 18 21 23 38
6 12 18 19 42 45
6 9 14 21 39 45
12 15 20 24 35 44
7 15 18 25 36 45
2 9 12 22 27 32
6 17 27 29 30 37
10 15 21 24 28 41
6 12 16 26 33 44
9 27 28 33 34 45
24 25 33 34 35 39
2 22 26 36 38 39
0 1 7 24 27 39
0 4 9 14 29 42
3 9 11 15 16 36
3 12 18 23 24 37
1 8 21 29 33 40
9 11 31 36 37 41
0 5 18 20 30 40
16 17 19 21 34 44
6 8 15 25 26 43
16 17 24 30 38 45
7 8 12 17 32 42
24 30 33 36 42 43
0 2 6 7 19 35
0 3 33 43 44 45
3 10 11 34 35 42
