15 21 28 32 39 41 44
2 18 24 31 35 42 44
0 2 5 21 27 34 38
3 5 8 24 30 37 41
6 8 11 27 33 40 44
2 9 11 14 30 36 43
1 5 12 14 17 33 39
4 8 15 17 20 36 42
0 7 11 18 20 23 39
3 10 14 21 23 26 42
0 6 13 17 24 26 29
3 9 16 20 27 29 32
6 12 19 23 30 32 35
9 15 22 26 33 35 38
12 18 25 29 36 38 41
0 1 9 19 40 41 42
0 3 4 12 22 43 44
1 2 3 6 7 15 25
4 5 6 9 10 18 28
7 8 9 12 13 21 31
10 11 12 15 16 24 34
13 14 15 18 19 27 37
16 17 18 21 22 30 40
19 20 21 24 25 33 43
1 22 23 24 27 28 36
4 25 26 27 30 31 39
7 28 29 30 33 34 42
0 10 31 32 33 36 37
3 13 34 35 36 39 40
6 16 37 38 39 42 43
2 8 10 19 22 29 39
5 11 13 22 25 32 42
0 8 14 16 25 28 35
3 11 17 19 28 31 38
6 14 20 22 31 34 41
9 17 23 25 34 37 44
2 12 20 26 28 37 40
5 15 23 29 31 40 43
1 8 18 26 32 34 43
1 4 11 21 29 35 37
4 7 14 24 32 38 40
7 10 17 27 35 41 43
1 10 13 20 30 38 44
2 4 13 16 23 33 41
5 7 16 19 26 36 44
0 9 15 18 30 34 45
6 8 10 21 25 36 40
4 5 11 20 35 44 45
11 26 29 36 37 41 45
10 12 14 23 27 42 45
1 7 14 16 21 31 45
12 21 28 33 34 42 44
4 6 16 19 34 38 45
3 6 18 20 31 33 45
5 13 26 28 35 43 45
13 22 25 28 40 43 45
7 9 22 24 37 39 45
0 14 24 29 32 40 44
2 8 17 23 32 38 45
