22 23 24
24 25 26
26 27 28
28 29 30
30 31 32
32 33 34
34 35 36
36 37 38
38 39 40
40 41 42
42 43 44
0 44 45
0 1 2
2 3 4
4 5 6
6 7 8
8 9 10
10 11 12
12 13 14
14 15 16
16 17 18
18 19 20
20 21 22
11 36 41
13 38 43
15 40 45
1 17 42
3 19 44
0 5 21
2 7 23
4 9 25
6 11 27
8 13 29
10 15 31
12 17 33
14 19 35
16 21 37
18 23 39
20 25 41
22 27 43
24 29 45
1 26 31
3 28 33
5 30 35
7 32 37
9 34 39
4 13 33
6 15 35
8 17 37
10 19 39
12 21 41
14 23 43
16 25 45
1 18 27
3 20 29
5 22 31
7 24 33
9 26 35
11 28 37
13 30 39
15 32 41
17 34 43
19 36 45
1 21 38
3 23 40
5 25 42
7 27 44
0 9 29
2 11 31
15 18 42
17 20 44
0 19 22
2 21 24
4 23 26
6 25 28
8 27 30
10 29 32
12 31 34
14 33 36
16 35 38
18 37 40
20 39 42
22 41 44
0 24 43
2 26 45
1 4 28
3 6 30
5 8 32
7 10 34
9 12 36
11 14 38
13 16 40
9 21 40
11 23 42
13 25 44
0 15 27
2 17 29
4 19 31
6 21 33
8 23 35
10 25 37
12 27 39
14 29 41
16 31 43
18 33 45
1 20 35
3 22 37
5 24 39
7 26 41
9 28 43
11 30 45
1 13 32
3 15 34
5 17 36
7 19 38
11 29 34
13 31 36
15 33 38
17 35 40
19 37 42
21 39 44
0 23 41
2 25 43
4 27 45
1 6 29
3 8 31
5 10 33
7 12 35
9 14 37
11 16 39
13 18 41
15 20 43
17 22 45
1 19 24
3 21 26
5 23 28
7 25 30
9 27 32
2 14 32
4 16 34
6 18 36
8 20 38
10 22 40
12 24 42
14 26 44
0 16 28
2 18 30
4 20 32
6 22 34
8 24 36
10 26 38
12 28 40
14 30 42
16 32 44
0 18 34
2 20 36
4 22 38
6 24 40
8 26 42
10 28 44
0 12 30
17 24 41
19 26 43
21 28 45
1 23 30
3 25 32
5 27 34
7 29 36
9 31 38
11 33 40
13 35 42
15 37 44
0 17 39
2 19 41
4 21 43
6 23 45
1 8 25
3 10 27
5 12 29
7 14 31
9 16 33
11 18 35
13 20 37
15 22 39
6 17 32
8 19 34
10 21 36
12 23 38
14 25 40
16 27 42
18 29 44
0 20 31
2 22 33
4 24 35
6 26 37
8 28 39
10 30 41
12 32 43
14 34 45
1 16 36
3 18 38
5 20 40
7 22 42
9 24 44
0 11 26
2 13 28
4 15 30
18 24 32
20 26 34
22 28 36
24 30 38
26 32 40
28 34 42
30 36 44
0 32 38
2 34 40
4 36 42
6 38 44
0 8 40
2 10 42
4 12 44
0 6 14
2 8 16
4 10 18
6 12 20
8 14 22
10 16 24
12 18 26
14 20 28
16 22 30
3 35 45
1 5 37
3 7 39
5 9 41
7 11 43
9 13 45
1 11 15
3 13 17
5 15 19
7 17 21
9 19 23
11 21 25
13 23 27
15 25 29
17 27 31
19 29 33
21 31 35
23 33 37
25 35 39
27 37 41
29 39 43
31 41 45
1 33 43
25 34 38
27 36 40
29 38 42
31 40 44
0 33 42
2 35 44
0 4 37
2 6 39
4 8 41
6 10 43
8 12 45
1 10 14
3 12 16
5 14 18
7 16 20
9 18 22
11 20 24
13 22 26
15 24 28
17 26 30
19 28 32
21 30 34
23 32 36
5 7 45
1 7 9
3 9 11
5 11 13
7 13 15
9 15 17
11 17 19
13 19 21
15 21 23
17 23 25
19 25 27
21 27 29
23 29 31
25 31 33
27 33 35
29 35 37
31 37 39
33 39 41
35 41 43
37 43 45
1 39 45
1 3 41
3 5 43
8 18 43
10 20 45
1 12 22
3 14 24
5 16 26
7 18 28
9 20 30
11 22 32
13 24 34
15 26 36
17 28 38
19 30 40
21 32 42
23 34 44
0 25 36
2 27 38
4 29 40
6 31 42
8 33 44
0 10 35
2 12 37
4 14 39
6 16 41
18 21 31
20 23 33
22 25 35
24 27 37
26 29 39
28 31 41
30 33 43
32 35 45
1 34 37
3 36 39
5 38 41
7 40 43
9 42 45
1 11 44
0 3 13
2 5 15
4 7 17
6 9 19
8 11 21
10 13 23
12 15 25
14 17 27
16 19 29
10 17 46
12 19 46
14 21 46
16 23 46
18 25 46
20 27 46
22 29 46
24 31 46
26 33 46
28 35 46
30 37 46
32 39 46
34 41 46
36 43 46
38 45 46
1 40 46
3 42 46
5 44 46
0 7 46
2 9 46
4 11 46
6 13 46
8 15 46
