4 10 32 35 37 42
6 12 34 37 39 44
0 8 14 36 39 41
2 10 16 38 41 43
4 12 18 40 43 45
1 6 14 20 42 45
1 3 8 16 22 44
0 3 5 10 18 24
2 5 7 12 20 26
4 7 9 14 22 28
6 9 11 16 24 30
8 11 13 18 26 32
10 13 15 20 28 34
12 15 17 22 30 36
14 17 19 24 32 38
16 19 21 26 34 40
18 21 23 28 36 42
20 23 25 30 38 44
0 22 25 27 32 40
2 24 27 29 34 42
4 26 29 31 36 44
0 6 28 31 33 38
2 8 30 33 35 40
15 24 26 33 41 45
1 17 26 28 35 43
3 19 28 30 37 45
1 5 21 30 32 39
3 7 23 32 34 41
5 9 25 34 36 43
7 11 27 36 38 45
1 9 13 29 38 40
3 11 15 31 40 42
5 13 17 33 42 44
0 7 15 19 35 44
0 2 9 17 21 37
2 4 11 19 23 39
4 6 13 21 25 41
6 8 15 23 27 43
8 10 17 25 29 45
1 10 12 19 27 31
3 12 14 21 29 33
5 14 16 23 31 35
7 16 18 25 33 37
9 18 20 27 35 39
11 20 22 29 37 41
13 22 24 31 39 43
1 23 24 36 37 40
3 25 26 38 39 42
5 27 28 40 41 44
0 7 29 30 42 43
2 9 31 32 44 45
0 1 4 11 33 34
2 3 6 13 35 36
4 5 8 15 37 38
6 7 10 17 39 40
8 9 12 19 41 42
10 11 14 21 43 44
0 12 13 16 23 45
1 2 14 15 18 25
3 4 16 17 20 27
5 6 18 19 22 29
7 8 20 21 24 31
9 10 22 23 26 33
11 12 24 25 28 35
13 14 26 27 30 37
15 16 28 29 32 39
17 18 30 31 34 41
19 20 32 33 36 43
21 22 34 35 38 45
1 9 18 21 28 44
1 7 10 30 41 46
8 14 20 34 40 46
6 12 18 32 38 46
4 24 30 38 44 46
15 21 27 33 39 46
3 9 15 37 43 46
0 1 6 20 26 46
10 16 22 36 42 46
17 23 29 35 41 46
0 2 8 22 28 46
16 31 37 39 45 46
7 13 19 25 31 46
5 11 17 27 45 46
