10 13 23 42 43
11 14 24 43 44
12 15 25 44 45
13 16 26 45 46
0 14 17 27 46
0 1 15 18 28
1 2 16 19 29
2 3 17 20 30
3 4 18 21 31
4 5 19 22 32
5 6 20 23 33
6 7 21 24 34
7 8 22 25 35
8 9 23 26 36
9 10 24 27 37
10 11 25 28 38
11 12 26 29 39
12 13 27 30 40
13 14 28 31 41
14 15 29 32 42
15 16 30 33 43
16 17 31 34 44
17 18 32 35 45
18 19 33 36 46
0 19 20 34 37
1 20 21 35 38
2 21 22 36 39
3 22 23 37 40
4 23 24 38 41
5 24 25 39 42
6 25 26 40 43
7 26 27 41 44
8 27 28 42 45
9 28 29 43 46
0 10 29 30 44
1 11 30 31 45
2 12 31 32 46
0 3 13 32 33
1 4 14 33 34
2 5 15 34 35
3 6 16 35 36
4 7 17 36 37
5 8 18 37 38
6 9 19 38 39
7 10 20 39 40
8 11 21 40 41
9 12 22 41 42
4 6 30 42 46
0 5 7 31 43
1 6 8 32 44
2 7 9 33 45
3 8 10 34 46
0 4 9 11 35
1 5 10 12 36
2 6 11 13 37
3 7 12 14 38
4 8 13 15 39
5 9 14 16 40
6 10 15 17 41
7 11 16 18 42
8 12 17 19 43
9 13 18 20 44
10 14 19 21 45
11 15 20 22 46
0 12 16 21 23
1 13 17 22 24
2 14 18 23 25
3 15 19 24 26
4 16 20 25 27
5 17 21 26 28
6 18 22 27 29
7 19 23 28 30
8 20 24 29 31
9 21 25 30 32
10 22 26 31 33
11 23 27 32 34
12 24 28 33 35
13 25 29 34 36
14 26 30 35 37
15 27 31 36 38
16 28 32 37 39
17 29 33 38 40
18 30 34 39 41
19 31 35 40 42
20 32 36 41 43
21 33 37 42 44
22 34 38 43 45
23 35 39 44 46
0 24 36 40 45
1 25 37 41 46
0 2 26 38 42
1 3 27 39 43
2 4 28 40 44
3 5 29 41 45
1 3 9 23 42
10 16 22 32 38
15 21 23 29 37
8 14 22 30 36
7 9 15 34 40
3 11 19 25 44
0 22 39 41 44
0 6 23 25 31
2 8 16 24 34
2 21 27 41 43
9 17 31 37 39
7 22 28 29 35
17 25 33 34 42
1 26 32 34 40
6 14 20 39 45
20 28 36 42 44
3 25 28 33 39
0 8 19 33 41
5 11 27 33 46
11 17 24 30 36
5 13 30 38 44
13 19 21 27 35
18 24 38 40 46
6 12 28 34 37
3 7 13 24 32
4 12 18 20 26
16 17 23 41 45
4 10 15 35 41
1 5 7 21 46
4 29 37 43 45
2 10 18 35 43
