7 12 14 16 18 20 21 31 34
0 1 18 19 20 24 31 38 43
0 1 12 17 21 22 32 37 42
9 12 14 15 18 27 33 38 43
8 10 11 21 25 38 40 41 42
1 3 4 6 9 14 23 25 43
3 4 5 18 26 28 30 35 42
7 13 19 23 27 34 42 43 44
4 5 11 23 24 32 33 34 37
1 10 13 15 21 23 26 27 35
4 8 14 17 27 30 31 32 44
2 3 5 15 17 20 25 31 39
0 6 7 10 17 24 33 39 40
4 16 17 22 26 29 34 38 40
2 3 7 21 24 27 28 38 46
7 8 9 11 18 22 26 39 44
7 22 23 28 31 35 36 37 39
6 7 15 25 29 30 37 38 44
1 2 9 24 34 35 40 44 45
1 8 16 20 28 29 33 44 46
6 9 13 17 19 20 32 35 41
2 17 18 19 23 30 36 45 46
4 10 12 35 39 41 43 44 46
0 5 11 16 25 27 35 36 44
0 3 13 14 24 29 36 41 42
6 8 12 16 19 24 25 26 36
3 6 8 10 15 18 34 36 37
0 14 20 26 32 37 40 43 46
1 2 4 7 11 15 20 32 36
12 20 23 27 29 39 40 42 45
0 3 4 19 21 22 25 33 45
3 11 12 15 19 22 24 28 40
3 16 21 23 32 38 39 41 44
4 8 11 13 14 35 38 39 45
13 18 25 28 29 32 34 40 46
2 6 11 26 29 31 33 35 42
9 10 15 16 31 32 42 45 46
5 8 9 21 24 29 30 36 43
1 5 7 26 27 31 37 41 45
2 10 13 16 20 22 30 37 43
5 12 13 30 31 33 36 38 40
0 1 11 30 33 34 39 41 46
2 5 6 14 18 22 27 41 46
5 6 11 17 21 28 34 43 45
0 2 8 9 12 15 23 28 41
5 9 10 14 19 28 29 37 39
