0 1 2 3 4 6 7 8 9 36
0 3 8 10 19 22 24 27 34 44
0 3 5 11 15 26 30 37 45 46
0 3 12 13 17 21 25 29 35 39
0 3 14 16 20 28 32 33 36 42
0 3 18 23 28 31 38 40 41 43
4 18 30 34 35 36 39 40 41 45
1 10 13 19 28 29 30 33 37 45
1 11 12 15 17 23 32 34 41 43
1 16 20 24 31 37 38 39 44 46
1 14 18 21 22 25 26 27 40 42
5 6 9 10 14 19 23 39 42 43
2 10 11 15 16 18 19 20 35 40
2 12 14 17 24 30 41 42 44 45
2 13 22 23 27 29 36 37 43 46
2 21 25 26 31 32 33 34 38 39
4 5 10 19 21 25 32 37 41 46
4 8 11 13 14 15 29 31 38 42
2 4 5 12 16 17 20 22 27 28
1 4 5 23 24 26 33 35 43 44
5 7 10 12 17 19 26 31 36 38
7 8 11 15 22 27 28 33 39 41
5 7 8 13 18 24 29 32 40 44
7 8 14 26 28 34 35 37 42 46
7 8 16 20 21 23 25 30 43 45
6 9 11 15 21 24 25 28 36 44
6 8 9 12 17 18 33 37 40 46
5 6 9 13 16 20 26 29 34 41
6 9 22 27 30 31 32 35 38 45
