2 3 12 13 15 18 23 26 40 43
8 12 16 17 21 32 34 35 36 46
4 16 19 25 26 31 40 41 44 46
2 6 9 12 21 22 25 36 44 45
6 15 19 22 23 24 29 31 32 42
6 8 9 13 23 30 31 34 38 39
0 3 4 11 12 20 23 24 34 41
3 5 14 25 29 32 34 38 43 44
2 10 13 14 19 32 33 34 41 42
0 3 9 13 20 22 27 32 44 46
15 17 18 27 28 34 36 39 42 44
5 7 21 22 23 24 27 41 43 46
8 10 16 18 22 24 25 26 34 45
2 4 11 14 22 30 36 39 43 46
0 7 12 14 25 27 31 35 40 42
13 19 29 30 35 36 37 41 43 45
0 5 8 10 11 19 24 36 38 40
2 4 5 9 15 16 18 29 35 41
0 1 15 17 21 25 37 38 39 41
1 2 3 4 10 27 31 35 38 45
1 7 11 23 26 31 32 36 37 44
0 6 7 10 15 16 29 33 39 43
1 7 9 13 14 17 18 19 21 24
0 1 5 6 9 26 28 30 42 43
3 5 18 19 20 25 31 33 36 39
3 6 8 11 14 15 16 19 27 37
4 10 12 14 20 21 26 28 29 38
4 5 6 12 18 27 30 32 33 37
0 2 3 7 21 24 28 30 37 40
9 10 11 17 26 29 33 37 40 46
3 4 5 7 8 13 17 22 42 45
0 11 18 21 31 33 38 42 45 46
1 6 12 19 28 32 39 40 45 46
1 7 16 20 22 34 37 38 40 42
1 8 24 26 27 29 33 35 39 44
11 13 16 22 23 25 28 30 33 35
2 6 8 17 20 28 31 35 41 43
10 14 15 17 20 23 30 44 45 46
