2 9 15 16 20 24 44 46
0 3 10 16 17 21 25 45
1 4 11 17 18 22 26 46
0 2 5 12 18 19 23 27
1 3 6 13 19 20 24 28
2 4 7 14 20 21 25 29
3 5 8 15 21 22 26 30
4 6 9 16 22 23 27 31
5 7 10 17 23 24 28 32
6 8 11 18 24 25 29 33
7 9 12 19 25 26 30 34
8 10 13 20 26 27 31 35
9 11 14 21 27 28 32 36
10 12 15 22 28 29 33 37
11 13 16 23 29 30 34 38
12 14 17 24 30 31 35 39
13 15 18 25 31 32 36 40
14 16 19 26 32 33 37 41
15 17 20 27 33 34 38 42
16 18 21 28 34 35 39 43
17 19 22 29 35 36 40 44
18 20 23 30 36 37 41 45
19 21 24 31 37 38 42 46
0 20 22 25 32 38 39 43
1 21 23 26 33 39 40 44
2 22 24 27 34 40 41 45
3 23 25 28 35 41 42 46
0 4 24 26 29 36 42 43
1 5 25 27 30 37 43 44
2 6 26 28 31 38 44 45
3 7 27 29 32 39 45 46
0 4 8 28 30 33 40 46
0 1 5 9 29 31 34 41
1 2 6 10 30 32 35 42
2 3 7 11 31 33 36 43
3 4 8 12 32 34 37 44
4 5 9 13 33 35 38 45
5 6 10 14 34 36 39 46
0 6 7 11 15 35 37 40
1 7 8 12 16 36 38 41
2 8 9 13 17 37 39 42
3 9 10 14 18 38 40 43
4 10 11 15 19 39 41 44
5 11 12 16 20 40 42 45
6 12 13 17 21 41 43 46
0 7 13 14 18 22 42 44
1 8 14 15 19 23 43 45
