4 7 16 26
5 8 17 27
6 9 18 28
7 10 19 29
8 11 20 30
9 12 21 31
10 13 22 32
11 14 23 33
12 15 24 34
13 16 25 35
14 17 26 36
15 18 27 37
16 19 28 38
17 20 29 39
18 21 30 40
19 22 31 41
20 23 32 42
21 24 33 43
22 25 34 44
23 26 35 45
24 27 36 46
0 25 28 37
1 26 29 38
2 27 30 39
3 28 31 40
4 29 32 41
5 30 33 42
6 31 34 43
7 32 35 44
8 33 36 45
9 34 37 46
0 10 35 38
1 11 36 39
2 12 37 40
3 13 38 41
4 14 39 42
5 15 40 43
6 16 41 44
7 17 42 45
8 18 43 46
0 9 19 44
1 10 20 45
2 11 21 46
0 3 12 22
1 4 13 23
2 5 14 24
3 6 15 25
8 24 32 37
9 25 33 38
10 26 34 39
11 27 35 40
12 28 36 41
13 29 37 42
14 30 38 43
15 31 39 44
16 32 40 45
17 33 41 46
0 18 34 42
1 19 35 43
2 20 36 44
3 21 37 45
4 22 38 46
0 5 23 39
1 6 24 40
2 7 25 41
3 8 26 42
4 9 27 43
5 10 28 44
6 11 29 45
7 12 30 46
0 8 13 31
1 9 14 32
2 10 15 33
3 11 16 34
4 12 17 35
5 13 18 36
6 14 19 37
7 15 20 38
8 16 21 39
9 17 22 40
10 18 23 41
11 19 24 42
12 20 25 43
13 21 26 44
14 22 27 45
15 23 28 46
0 16 24 29
1 17 25 30
2 18 26 31
3 19 27 32
4 20 28 33
5 21 29 34
6 22 30 35
7 23 31 36
5 19 45 46
0 6 20 46
0 1 7 21
1 2 8 22
2 3 9 23
3 4 10 24
4 5 11 25
5 6 12 26
6 7 13 27
7 8 14 28
8 9 15 29
9 10 16 30
10 11 17 31
11 12 18 32
12 13 19 33
13 14 20 34
14 15 21 35
15 16 22 36
16 17 23 37
17 18 24 38
18 19 25 39
19 20 26 40
20 21 27 41
21 22 28 42
22 23 29 43
23 24 30 44
24 25 31 45
25 26 32 46
0 26 27 33
1 27 28 34
2 28 29 35
3 29 30 36
4 30 31 37
5 31 32 38
6 32 33 39
7 33 34 40
8 34 35 41
9 35 36 42
10 36 37 43
11 37 38 44
12 38 39 45
13 39 40 46
0 14 40 41
1 15 41 42
2 16 42 43
3 17 43 44
4 18 44 45
3 14 18 20
4 15 19 21
5 16 20 22
6 17 21 23
7 18 22 24
8 19 23 25
9 20 24 26
10 21 25 27
11 22 26 28
12 23 27 29
13 24 28 30
14 25 29 31
15 26 30 32
16 27 31 33
17 28 32 34
18 29 33 35
19 30 34 36
20 31 35 37
21 32 36 38
22 33 37 39
23 34 38 40
24 35 39 41
25 36 40 42
26 37 41 43
27 38 42 44
28 39 43 45
29 40 44 46
0 30 41 45
1 31 42 46
0 2 32 43
1 3 33 44
2 4 34 45
3 5 35 46
0 4 6 36
1 5 7 37
2 6 8 38
3 7 9 39
4 8 10 40
5 9 11 41
6 10 12 42
7 11 13 43
8 12 14 44
9 13 15 45
10 14 16 46
0 11 15 17
1 12 16 18
2 13 17 19
