0 7 22 27 36 40 43 46
0 2 9 24 29 38 42 45
2 4 11 26 31 40 44 47
1 4 6 13 28 33 42 46
0 3 6 8 15 30 35 44
2 5 8 10 17 32 37 46
0 4 7 10 12 19 34 39
2 6 9 12 14 21 36 41
4 8 11 14 16 23 38 43
6 10 13 16 18 25 40 45
8 12 15 18 20 27 42 47
1 10 14 17 20 22 29 44
3 12 16 19 22 24 31 46
0 5 14 18 21 24 26 33
2 7 16 20 23 26 28 35
4 9 18 22 25 28 30 37
6 11 20 24 27 30 32 39
8 13 22 26 29 32 34 41
10 15 24 28 31 34 36 43
12 17 26 30 33 36 38 45
14 19 28 32 35 38 40 47
1 16 21 30 34 37 40 42
3 18 23 32 36 39 42 44
5 20 25 34 38 41 44 46
1 7 8 11 24 25 36 47
1 3 9 10 13 26 27 38
3 5 11 12 15 28 29 40
5 7 13 14 17 30 31 42
7 9 15 16 19 32 33 44
9 11 17 18 21 34 35 46
0 11 13 19 20 23 36 37
2 13 15 21 22 25 38 39
4 15 17 23 24 27 40 41
6 17 19 25 26 29 42 43
8 19 21 27 28 31 44 45
10 21 23 29 30 33 46 47
0 1 12 23 25 31 32 35
2 3 14 25 27 33 34 37
4 5 16 27 29 35 36 39
6 7 18 29 31 37 38 41
8 9 20 31 33 39 40 43
10 11 22 33 35 41 42 45
12 13 24 35 37 43 44 47
1 14 15 26 37 39 45 46
0 3 16 17 28 39 41 47
1 2 5 18 19 30 41 43
3 4 7 20 21 32 43 45
5 6 9 22 23 34 45 47
