0 4 16 18 22 24 34 43 47
0 1 11 14 19 25 35 36 44
2 5 14 22 31 36 38 40 41
3 4 7 9 12 15 20 21 31
3 18 19 27 28 30 31 42 43
0 21 25 29 30 32 37 38 45
5 13 15 32 39 42 43 44 47
6 8 12 14 15 17 18 30 37
7 11 17 22 31 32 34 45 46
9 10 12 19 23 29 35 41 43
10 13 18 23 31 35 36 39 45
4 5 10 18 20 28 37 44 45
5 16 21 24 28 31 35 37 41
3 5 6 11 12 24 25 27 39
2 6 13 19 20 21 30 38 47
2 5 7 14 16 23 30 33 44
0 8 9 11 13 30 34 41 44
6 9 15 16 22 25 40 42 45
2 7 9 17 27 35 37 42 47
4 11 15 23 27 36 37 38 43
5 6 7 18 19 32 34 35 40
7 8 25 29 31 33 38 40 47
8 14 19 20 21 22 27 39 45
10 11 15 17 21 33 40 41 42
3 14 15 21 23 34 36 46 47
1 4 8 30 35 37 39 40 46
3 4 6 23 25 28 32 33 41
1 5 9 13 18 21 26 33 46
10 11 12 22 23 26 28 30 47
1 3 12 16 18 20 32 38 41
3 13 16 22 27 29 34 37 44
6 20 22 29 30 33 35 36 43
0 2 7 12 13 28 39 40 46
9 17 24 28 30 34 36 38 39
4 12 13 20 25 26 34 36 42
1 4 13 14 15 17 19 28 29
2 3 17 21 26 40 43 44 45
12 19 24 33 38 42 44 45 46
8 13 20 23 24 27 28 32 40
2 4 8 9 10 14 24 32 42
0 1 5 17 20 22 23 29 42
1 7 14 24 26 41 43 45 47
11 16 19 26 32 33 36 37 39
0 1 2 6 10 27 31 33 34
2 11 15 18 20 24 25 29 46
6 26 27 29 31 39 41 44 46
7 8 10 16 17 25 36 43 46
0 3 5 8 10 15 26 35 38
