7 16 18 31 38 44 45
0 10 19 21 34 41 47
2 3 13 22 24 37 44
5 6 16 25 27 40 47
2 8 9 19 28 30 43
5 11 12 22 31 33 46
1 8 14 15 25 34 36
4 11 17 18 28 37 39
7 14 20 21 31 40 42
10 17 23 24 34 43 45
0 13 20 26 27 37 46
1 3 16 23 29 30 40
4 6 19 26 32 33 43
7 9 22 29 35 36 46
1 10 12 25 32 38 39
4 13 15 28 35 41 42
10 13 23 25 31 33 35
13 16 26 28 34 36 38
16 19 29 31 37 39 41
19 22 32 34 40 42 44
22 25 35 37 43 45 47
0 2 25 28 38 40 46
1 3 5 28 31 41 43
4 6 8 31 34 44 46
1 7 9 11 34 37 47
2 4 10 12 14 37 40
5 7 13 15 17 40 43
8 10 16 18 20 43 46
1 11 13 19 21 23 46
1 4 14 16 22 24 26
4 7 17 19 25 27 29
7 10 20 22 28 30 32
6 9 13 14 30 39 45
0 9 12 16 17 33 42
3 12 15 19 20 36 45
0 6 15 18 22 23 39
3 9 18 21 25 26 42
6 12 21 24 28 29 45
0 9 15 24 27 31 32
3 12 18 27 30 34 35
6 15 21 30 33 37 38
9 18 24 33 36 40 41
12 21 27 36 39 43 44
15 24 30 39 42 46 47
1 2 18 27 33 42 45
0 4 5 21 30 36 45
0 3 7 8 24 33 39
3 6 10 11 27 36 42
8 17 21 22 27 38 41
11 20 24 25 30 41 44
14 23 27 28 33 44 47
2 17 26 30 31 36 47
2 5 20 29 33 34 39
5 8 23 32 36 37 42
8 11 26 35 39 40 45
0 11 14 29 38 42 43
3 14 17 32 41 45 46
0 1 6 17 20 35 44
3 4 9 20 23 38 47
2 6 7 12 23 26 41
5 9 10 15 26 29 44
8 12 13 18 29 32 47
2 11 15 16 21 32 35
5 14 18 19 24 35 38
