16 18 36
17 19 37
18 20 38
19 21 39
20 22 40
21 23 41
22 24 42
23 25 43
24 26 44
25 27 45
26 28 46
27 29 47
0 28 30
1 29 31
2 30 32
3 31 33
4 32 34
5 33 35
6 34 36
7 35 37
8 36 38
9 37 39
10 38 40
11 39 41
12 40 42
13 41 43
14 42 44
15 43 45
16 44 46
17 45 47
0 18 46
1 19 47
0 2 20
1 3 21
2 4 22
3 5 23
4 6 24
5 7 25
6 8 26
7 9 27
8 10 28
9 11 29
10 12 30
11 13 31
12 14 32
13 15 33
14 16 34
15 17 35
3 10 37
4 11 38
5 12 39
6 13 40
7 14 41
8 15 42
9 16 43
10 17 44
11 18 45
12 19 46
13 20 47
0 14 21
1 15 22
2 16 23
3 17 24
4 18 25
5 19 26
6 20 27
7 21 28
8 22 29
9 23 30
10 24 31
11 25 32
12 26 33
13 27 34
14 28 35
15 29 36
16 30 37
17 31 38
18 32 39
19 33 40
20 34 41
21 35 42
22 36 43
23 37 44
24 38 45
25 39 46
26 40 47
0 27 41
1 28 42
2 29 43
3 30 44
4 31 45
5 32 46
6 33 47
0 7 34
1 8 35
2 9 36
25 30 47
0 26 31
1 27 32
2 28 33
3 29 34
4 30 35
5 31 36
6 32 37
7 33 38
8 34 39
9 35 40
10 36 41
11 37 42
12 38 43
13 39 44
14 40 45
15 41 46
16 42 47
0 17 43
1 18 44
2 19 45
3 20 46
4 21 47
0 5 22
1 6 23
2 7 24
3 8 25
4 9 26
5 10 27
6 11 28
7 12 29
8 13 30
9 14 31
10 15 32
11 16 33
12 17 34
13 18 35
14 19 36
15 20 37
16 21 38
17 22 39
18 23 40
19 24 41
20 25 42
21 26 43
22 27 44
23 28 45
24 29 46
16 26 29
17 27 30
18 28 31
19 29 32
20 30 33
21 31 34
22 32 35
23 33 36
24 34 37
25 35 38
26 36 39
27 37 40
28 38 41
29 39 42
30 40 43
31 41 44
32 42 45
33 43 46
34 44 47
0 35 45
1 36 46
2 37 47
0 3 38
1 4 39
2 5 40
3 6 41
4 7 42
5 8 43
6 9 44
7 10 45
8 11 46
9 12 47
0 10 13
1 11 14
2 12 15
3 13 16
4 14 17
5 15 18
6 16 19
7 17 20
8 18 21
9 19 22
10 20 23
11 21 24
12 22 25
13 23 26
14 24 27
15 25 28
13 21 45
14 22 46
15 23 47
0 16 24
1 17 25
2 18 26
3 19 27
4 20 28
5 21 29
6 22 30
7 23 31
8 24 32
9 25 33
10 26 34
11 27 35
12 28 36
13 29 37
14 30 38
15 31 39
16 32 40
17 33 41
18 34 42
19 35 43
20 36 44
21 37 45
22 38 46
23 39 47
0 24 40
1 25 41
2 26 42
3 27 43
4 28 44
5 29 45
6 30 46
7 31 47
0 8 32
1 9 33
2 10 34
3 11 35
4 12 36
5 13 37
6 14 38
7 15 39
8 16 40
9 17 41
10 18 42
11 19 43
12 20 44
5 14 20
6 15 21
7 16 22
8 17 23
9 18 24
10 19 25
11 20 26
12 21 27
13 22 28
14 23 29
15 24 30
16 25 31
17 26 32
18 27 33
19 28 34
20 29 35
21 30 36
22 31 37
23 32 38
24 33 39
25 34 40
26 35 41
27 36 42
28 37 43
29 38 44
30 39 45
31 40 46
32 41 47
0 33 42
1 34 43
2 35 44
3 36 45
4 37 46
5 38 47
0 6 39
1 7 40
2 8 41
3 9 42
4 10 43
5 11 44
6 12 45
7 13 46
8 14 47
0 9 15
1 10 16
2 11 17
3 12 18
4 13 19
23 27 46
24 28 47
0 25 29
1 26 30
2 27 31
3 28 32
4 29 33
5 30 34
6 31 35
7 32 36
8 33 37
9 34 38
10 35 39
11 36 40
12 37 41
13 38 42
14 39 43
15 40 44
16 41 45
17 42 46
18 43 47
0 19 44
1 20 45
2 21 46
3 22 47
0 4 23
1 5 24
2 6 25
3 7 26
4 8 27
5 9 28
6 10 29
7 11 30
8 12 31
9 13 32
10 14 33
11 15 34
12 16 35
13 17 36
14 18 37
15 19 38
16 20 39
17 21 40
18 22 41
19 23 42
20 24 43
21 25 44
22 26 45
2 13 14
3 14 15
4 15 16
5 16 17
6 17 18
7 18 19
8 19 20
9 20 21
10 21 22
11 22 23
12 23 24
13 24 25
14 25 26
15 26 27
16 27 28
17 28 29
18 29 30
19 30 31
20 31 32
21 32 33
22 33 34
23 34 35
24 35 36
25 36 37
26 37 38
27 38 39
28 39 40
29 40 41
30 41 42
31 42 43
32 43 44
33 44 45
34 45 46
35 46 47
0 36 47
0 1 37
1 2 38
2 3 39
3 4 40
4 5 41
5 6 42
6 7 43
7 8 44
8 9 45
9 10 46
10 11 47
0 11 12
1 12 13
