5 13 19 21 22 28 32 34 35 44
0 1 3 17 19 23 26 27 35 46
9 15 17 18 22 26 29 33 38 47
2 5 6 11 17 18 23 30 32 43
2 7 12 18 22 23 24 35 36 45
6 14 17 27 33 34 36 40 41 45
1 4 5 6 7 10 14 18 21 38
2 7 9 14 16 26 27 28 32 37
2 4 11 21 26 29 31 35 37 40
2 8 9 17 20 21 24 38 41 42
0 8 14 18 24 28 31 40 43 46
7 8 11 16 19 29 34 39 41 43
0 1 2 9 10 17 37 39 44 45
1 7 15 21 22 32 36 37 39 46
5 8 10 15 25 26 35 36 41 43
1 5 9 12 20 24 27 29 30 33
2 4 13 15 18 19 25 27 39 42
4 9 12 21 25 34 36 43 44 46
1 4 9 13 22 23 28 30 40 41
3 10 12 15 19 20 32 34 38 40
4 5 12 16 17 19 37 40 42 47
0 3 21 23 29 32 36 41 42 47
5 11 12 14 22 24 39 41 42 46
7 10 13 17 20 31 40 41 43 44
10 11 19 21 22 27 33 43 45 47
10 18 23 24 26 30 34 39 44 47
14 19 20 26 28 30 31 36 39 47
8 13 14 20 23 25 29 33 35 37
6 8 27 35 38 39 40 44 46 47
0 7 11 17 25 28 30 35 38 42
6 10 12 13 26 28 29 42 45 46
1 3 8 11 14 15 30 42 44 45
0 2 3 5 7 13 33 34 46 47
5 15 16 23 27 29 31 38 44 45
0 6 9 11 15 16 19 20 24 35
0 4 8 12 20 22 25 31 32 45
3 4 15 24 28 32 33 37 43 44
3 16 18 20 21 30 37 41 45 46
3 6 9 10 16 22 25 31 33 39
1 6 26 31 33 34 37 38 42 43
1 11 13 16 24 25 36 38 40 47
