1 2 3 4 22 24 25 27 32 38
5 10 15 24 29 32 33 34 39 44
6 12 18 24 26 32 36 37 42 45
7 14 16 20 23 24 31 32 40 47
0 8 11 19 21 24 32 35 43 46
9 13 17 21 22 24 28 30 32 41
1 5 14 18 22 25 30 33 42 46
1 6 11 16 21 22 25 35 39 40
1 7 13 19 25 29 31 37 43 44
1 8 10 17 20 25 26 34 41 45
0 1 9 12 15 23 25 28 36 47
0 2 5 13 16 26 28 33 40 45
2 6 10 19 22 23 30 34 43 47
2 7 12 17 22 31 36 39 41 46
2 4 6 13 14 15 20 21 37 46
2 9 11 18 20 28 29 35 42 44
3 5 12 19 20 21 27 33 36 43
0 3 6 14 17 27 29 41 44 47
3 7 11 15 26 27 30 31 35 45
2 3 8 13 18 23 27 39 42 47
3 9 10 16 27 28 34 37 40 46
4 5 11 17 23 33 35 37 41 47
0 3 8 15 20 22 30 37 38 39
0 4 7 10 18 21 27 31 34 42
4 8 12 16 29 30 33 36 40 44
4 9 11 14 19 26 28 39 43 45
5 6 7 8 9 14 28 31 33 38
21 22 23 26 29 38 44 45 46 47
10 11 12 13 14 29 34 35 36 38
15 16 17 18 19 38 40 41 42 43
