0 1 17 26 30 38
2 3 19 28 32 40
4 5 21 30 34 42
6 7 23 32 36 44
8 9 25 34 38 46
0 10 11 27 36 40
2 12 13 29 38 42
4 14 15 31 40 44
6 16 17 33 42 46
0 8 18 19 35 44
2 10 20 21 37 46
0 4 12 22 23 39
2 6 14 24 25 41
4 8 16 26 27 43
6 10 18 28 29 45
8 12 20 30 31 47
1 10 14 22 32 33
3 12 16 24 34 35
5 14 18 26 36 37
7 16 20 28 38 39
9 18 22 30 40 41
11 20 24 32 42 43
13 22 26 34 44 45
15 24 28 36 46 47
0 8 32 37 45 46
0 2 10 34 39 47
1 2 4 12 36 41
3 4 6 14 38 43
5 6 8 16 40 45
7 8 10 18 42 47
1 9 10 12 20 44
3 11 12 14 22 46
0 5 13 14 16 24
2 7 15 16 18 26
4 9 17 18 20 28
6 11 19 20 22 30
8 13 21 22 24 32
10 15 23 24 26 34
12 17 25 26 28 36
14 19 27 28 30 38
16 21 29 30 32 40
18 23 31 32 34 42
20 25 33 34 36 44
22 27 35 36 38 46
0 24 29 37 38 40
2 26 31 39 40 42
4 28 33 41 42 44
6 30 35 43 44 46
6 7 12 27 34 37
8 9 14 29 36 39
10 11 16 31 38 41
12 13 18 33 40 43
14 15 20 35 42 45
16 17 22 37 44 47
1 18 19 24 39 46
0 3 20 21 26 41
2 5 22 23 28 43
4 7 24 25 30 45
6 9 26 27 32 47
1 8 11 28 29 34
3 10 13 30 31 36
5 12 15 32 33 38
7 14 17 34 35 40
9 16 19 36 37 42
11 18 21 38 39 44
13 20 23 40 41 46
0 15 22 25 42 43
2 17 24 27 44 45
4 19 26 29 46 47
0 1 6 21 28 31
2 3 8 23 30 33
4 5 10 25 32 35
1 5 7 31 41 46
0 3 7 9 33 43
2 5 9 11 35 45
4 7 11 13 37 47
1 6 9 13 15 39
3 8 11 15 17 41
5 10 13 17 19 43
7 12 15 19 21 45
9 14 17 21 23 47
1 11 16 19 23 25
3 13 18 21 25 27
5 15 20 23 27 29
7 17 22 25 29 31
9 19 24 27 31 33
11 21 26 29 33 35
13 23 28 31 35 37
15 25 30 33 37 39
17 27 32 35 39 41
19 29 34 37 41 43
21 31 36 39 43 45
23 33 38 41 45 47
1 25 35 40 43 47
1 3 27 37 42 45
3 5 29 39 44 47
