2 7 8 38 46
1 5 10 11 41
4 8 13 14 44
7 11 16 17 47
2 10 14 19 20
5 13 17 22 23
8 16 20 25 26
11 19 23 28 29
14 22 26 31 32
17 25 29 34 35
20 28 32 37 38
23 31 35 40 41
26 34 38 43 44
29 37 41 46 47
1 2 32 40 44
4 5 35 43 47
2 11 12 22 36
5 14 15 25 39
8 17 18 28 42
11 20 21 31 45
0 14 23 24 34
3 17 26 27 37
6 20 29 30 40
9 23 32 33 43
12 26 35 36 46
1 15 29 38 39
4 18 32 41 42
7 21 35 44 45
0 10 24 38 47
2 3 13 27 41
5 6 16 30 44
8 9 19 33 47
8 11 22 34 40
11 14 25 37 43
14 17 28 40 46
1 17 20 31 43
4 20 23 34 46
1 7 23 26 37
4 10 26 29 40
7 13 29 32 43
10 16 32 35 46
1 13 19 35 38
4 16 22 38 41
7 19 25 41 44
10 22 28 44 47
2 13 25 31 47
2 5 16 28 34
5 8 19 31 37
5 21 25 32 38
8 24 28 35 41
11 27 31 38 44
14 30 34 41 47
2 17 33 37 44
5 20 36 40 47
2 8 23 39 43
5 11 26 42 46
1 8 14 29 45
0 4 11 17 32
3 7 14 20 35
6 10 17 23 38
9 13 20 26 41
12 16 23 29 44
15 19 26 32 47
2 18 22 29 35
21 27 33 40 41
24 30 36 43 44
27 33 39 46 47
1 2 30 36 42
4 5 33 39 45
0 7 8 36 42
3 10 11 39 45
0 6 13 14 42
3 9 16 17 45
0 6 12 19 20
3 9 15 22 23
6 12 18 25 26
9 15 21 28 29
12 18 24 31 32
15 21 27 34 35
18 24 30 37 38
0 2 21 26 39
3 5 24 29 42
6 8 27 32 45
0 9 11 30 35
3 12 14 33 38
6 15 17 36 41
9 18 20 39 44
12 21 23 42 47
2 15 24 26 45
0 5 18 27 29
3 8 21 30 32
6 11 24 33 35
9 14 27 36 38
12 17 30 39 41
15 20 33 42 44
18 23 36 45 47
1 9 24 25 46
1 4 12 27 28
4 7 15 30 31
7 10 18 33 34
10 13 21 36 37
13 16 24 39 40
16 19 27 42 43
19 22 30 45 46
0 1 22 25 33
3 4 25 28 36
6 7 28 31 39
9 10 31 34 42
12 13 34 37 45
0 15 16 37 40
3 18 19 40 43
6 21 22 43 46
0 28 41 43 45
0 3 31 44 46
1 3 6 34 47
2 4 6 9 37
5 7 9 12 40
8 10 12 15 43
11 13 15 18 46
1 14 16 18 21
4 17 19 21 24
7 20 22 24 27
10 23 25 27 30
13 26 28 30 33
16 29 31 33 36
19 32 34 36 39
22 35 37 39 42
25 38 40 42 45
