7 10 20 47
0 8 11 21
1 9 12 22
2 10 13 23
3 11 14 24
4 12 15 25
5 13 16 26
6 14 17 27
7 15 18 28
8 16 19 29
9 17 20 30
10 18 21 31
11 19 22 32
12 20 23 33
13 21 24 34
14 22 25 35
15 23 26 36
16 24 27 37
17 25 28 38
18 26 29 39
19 27 30 40
20 28 31 41
21 29 32 42
22 30 33 43
23 31 34 44
24 32 35 45
25 33 36 46
26 34 37 47
0 27 35 38
1 28 36 39
2 29 37 40
3 30 38 41
4 31 39 42
5 32 40 43
6 33 41 44
7 34 42 45
8 35 43 46
9 36 44 47
0 10 37 45
1 11 38 46
2 12 39 47
0 3 13 40
1 4 14 41
2 5 15 42
3 6 16 43
4 7 17 44
5 8 18 45
6 9 19 46
0 14 32 36
1 15 33 37
2 16 34 38
3 17 35 39
4 18 36 40
5 19 37 41
6 20 38 42
7 21 39 43
8 22 40 44
9 23 41 45
10 24 42 46
11 25 43 47
0 12 26 44
1 13 27 45
2 14 28 46
3 15 29 47
0 4 16 30
1 5 17 31
2 6 18 32
3 7 19 33
4 8 20 34
5 9 21 35
6 10 22 36
7 11 23 37
8 12 24 38
9 13 25 39
10 14 26 40
11 15 27 41
12 16 28 42
13 17 29 43
14 18 30 44
15 19 31 45
16 20 32 46
17 21 33 47
0 18 22 34
1 19 23 35
2 20 24 36
3 21 25 37
4 22 26 38
5 23 27 39
6 24 28 40
7 25 29 41
8 26 30 42
9 27 31 43
10 28 32 44
11 29 33 45
12 30 34 46
13 31 35 47
2 25 44 45
3 26 45 46
4 27 46 47
0 5 28 47
0 1 6 29
1 2 7 30
2 3 8 31
3 4 9 32
4 5 10 33
5 6 11 34
6 7 12 35
7 8 13 36
8 9 14 37
9 10 15 38
10 11 16 39
11 12 17 40
12 13 18 41
13 14 19 42
14 15 20 43
15 16 21 44
16 17 22 45
17 18 23 46
18 19 24 47
0 19 20 25
1 20 21 26
2 21 22 27
3 22 23 28
4 23 24 29
5 24 25 30
6 25 26 31
7 26 27 32
8 27 28 33
9 28 29 34
10 29 30 35
11 30 31 36
12 31 32 37
13 32 33 38
14 33 34 39
15 34 35 40
16 35 36 41
17 36 37 42
18 37 38 43
19 38 39 44
20 39 40 45
21 40 41 46
22 41 42 47
0 23 42 43
1 24 43 44
12 27 29 36
13 28 30 37
14 29 31 38
15 30 32 39
16 31 33 40
17 32 34 41
18 33 35 42
19 34 36 43
20 35 37 44
21 36 38 45
22 37 39 46
23 38 40 47
0 24 39 41
1 25 40 42
2 26 41 43
3 27 42 44
4 28 43 45
5 29 44 46
6 30 45 47
0 7 31 46
1 8 32 47
0 2 9 33
1 3 10 34
2 4 11 35
3 5 12 36
4 6 13 37
5 7 14 38
6 8 15 39
7 9 16 40
8 10 17 41
9 11 18 42
10 12 19 43
11 13 20 44
12 14 21 45
13 15 22 46
14 16 23 47
0 15 17 24
1 16 18 25
2 17 19 26
3 18 20 27
4 19 21 28
5 20 22 29
6 21 23 30
7 22 24 31
8 23 25 32
9 24 26 33
10 25 27 34
11 26 28 35
