0 3 5 7 18 38 41 45 46 47
1 6 12 13 18 29 34 41 47 48
2 10 17 19 23 37 38 42 44 48
0 5 6 9 11 13 16 30 32 37
27 29 32 33 35 36 39 40 41 46
4 11 16 17 24 26 29 31 46 47
2 3 6 15 16 22 25 27 38 39
0 8 9 19 24 27 28 43 44 48
6 14 19 20 21 23 24 25 27 47
3 6 8 20 26 31 36 40 45 48
11 14 15 18 22 26 37 40 44 47
12 17 23 25 26 34 35 38 40 43
1 2 9 12 16 20 21 40 44 46
4 6 9 14 17 28 29 40 42 45
1 8 15 23 24 35 37 39 45 46
1 3 5 14 17 19 26 32 39 43
8 9 10 12 15 32 36 42 43 47
1 5 11 23 25 27 30 42 44 45
6 7 16 18 21 29 35 38 43 44
0 2 11 13 20 22 23 35 36 43
2 5 15 18 19 29 30 33 40 48
4 9 10 11 18 20 25 34 39 48
4 10 15 16 19 21 22 41 43 45
3 7 11 12 19 24 25 36 37 41
8 17 20 22 25 29 30 37 41 44
1 7 8 11 21 22 28 33 38 48
0 5 10 12 17 21 22 24 28 39
2 3 4 14 28 30 35 38 41 47
6 10 21 30 31 33 37 43 46 47
7 15 17 18 20 23 27 28 31 32
2 7 21 24 26 29 30 32 34 45
1 7 10 12 13 14 26 27 30 36
0 1 4 7 23 31 39 40 41 42
3 13 17 21 33 34 36 39 42 44
5 14 16 20 22 32 35 42 46 48
2 5 8 10 13 14 24 31 35 40
4 12 13 25 31 32 33 38 44 45
0 13 15 19 25 26 28 33 34 46
9 18 20 24 26 33 36 38 41 42
7 9 19 22 30 31 34 35 39 47
0 3 9 10 14 16 23 29 33 34
4 5 8 16 18 27 28 34 36 37
