1 11 12 15 36 44
4 14 15 18 39 47
2 7 17 18 21 42
5 10 20 21 24 45
0 8 13 23 24 27
3 11 16 26 27 30
6 14 19 29 30 33
9 17 22 32 33 36
12 20 25 35 36 39
15 23 28 38 39 42
18 26 31 41 42 45
0 21 29 34 44 45
0 3 24 32 37 47
2 3 6 27 35 40
5 6 9 30 38 43
8 9 12 33 41 46
7 12 13 16 30 40
10 15 16 19 33 43
13 18 19 22 36 46
1 16 21 22 25 39
4 19 24 25 28 42
7 22 27 28 31 45
0 10 25 30 31 34
3 13 28 33 34 37
6 16 31 36 37 40
9 19 34 39 40 43
12 22 37 42 43 46
1 15 25 40 45 46
0 1 4 18 28 43
3 4 7 21 31 46
1 6 7 10 24 34
4 9 10 13 27 37
2 9 14 25 28 44
5 12 17 28 31 47
2 8 15 20 31 34
5 11 18 23 34 37
8 14 21 26 37 40
11 17 24 29 40 43
14 20 27 32 43 46
1 17 23 30 35 46
1 4 20 26 33 38
4 7 23 29 36 41
7 10 26 32 39 44
10 13 29 35 42 47
2 13 16 32 38 45
0 5 16 19 35 41
3 8 19 22 38 44
6 11 22 25 41 47
6 17 19 37 39 45
0 9 20 22 40 42
3 12 23 25 43 45
0 6 15 26 28 46
1 3 9 18 29 31
4 6 12 21 32 34
7 9 15 24 35 37
10 12 18 27 38 40
13 15 21 30 41 43
16 18 24 33 44 46
1 19 21 27 36 47
2 4 22 24 30 39
5 7 25 27 33 42
8 10 28 30 36 45
0 11 13 31 33 39
3 14 16 34 36 42
3 5 8 15 22 29
6 8 11 18 25 32
9 11 14 21 28 35
12 14 17 24 31 38
15 17 20 27 34 41
18 20 23 30 37 44
21 23 26 33 40 47
2 24 26 29 36 43
5 27 29 32 39 46
1 8 30 32 35 42
4 11 33 35 38 45
0 7 14 36 38 41
3 10 17 39 41 44
6 13 20 42 44 47
2 9 16 23 45 47
0 2 5 12 19 26
1 5 13 14 45 48
0 4 8 16 17 48
3 7 11 19 20 48
6 10 14 22 23 48
9 13 17 25 26 48
12 16 20 28 29 48
15 19 23 31 32 48
18 22 26 34 35 48
21 25 29 37 38 48
24 28 32 40 41 48
27 31 35 43 44 48
30 34 38 46 47 48
1 2 33 37 41 48
4 5 36 40 44 48
7 8 39 43 47 48
2 10 11 42 46 48
