6 7 10 31 47
3 10 11 14 35
7 14 15 18 39
11 18 19 22 43
15 22 23 26 47
3 19 26 27 30
7 23 30 31 34
11 27 34 35 38
15 31 38 39 42
19 35 42 43 46
2 23 39 46 47
2 3 6 27 43
0 3 16 22 25
4 7 20 26 29
8 11 24 30 33
12 15 28 34 37
16 19 32 38 41
20 23 36 42 45
1 24 27 40 46
2 5 28 31 44
0 6 9 32 35
4 10 13 36 39
8 14 17 40 43
12 18 21 44 47
5 9 12 22 33
9 13 16 26 37
13 17 20 30 41
17 21 24 34 45
1 21 25 28 38
5 25 29 32 42
9 29 33 36 46
2 13 33 37 40
6 17 37 41 44
0 10 21 41 45
1 4 14 25 45
1 5 8 18 29
13 14 28 29 32
17 18 32 33 36
21 22 36 37 40
25 26 40 41 44
0 29 30 44 45
0 1 4 33 34
4 5 8 37 38
8 9 12 41 42
12 13 16 45 46
1 2 16 17 20
5 6 20 21 24
9 10 24 25 28
10 16 18 34 46
2 14 20 22 38
6 18 24 26 42
10 22 28 30 46
2 14 26 32 34
6 18 30 36 38
10 22 34 40 42
14 26 38 44 46
0 2 18 30 42
4 6 22 34 46
2 8 10 26 38
6 12 14 30 42
5 13 27 42 47
3 9 17 31 46
2 7 13 21 35
6 11 17 25 39
10 15 21 29 43
14 19 25 33 47
3 18 23 29 37
7 22 27 33 41
11 26 31 37 45
1 15 30 35 41
5 19 34 39 45
1 9 23 38 43
3 8 21 32 39
7 12 25 36 43
11 16 29 40 47
3 15 20 33 44
0 7 19 24 37
4 11 23 28 41
8 15 27 32 45
1 12 19 31 36
5 16 23 35 40
9 20 27 39 44
0 13 24 31 43
4 17 28 35 47
5 21 26 30 43
9 25 30 34 47
3 13 29 34 38
7 17 33 38 42
11 21 37 42 46
2 15 25 41 46
2 6 19 29 45
1 6 10 23 33
5 10 14 27 37
9 14 18 31 41
13 18 22 35 45
1 17 22 26 39
0 14 21 23 48
4 18 25 27 48
8 22 29 31 48
12 26 33 35 48
16 30 37 39 48
20 34 41 43 48
24 38 45 47 48
1 3 28 42 48
5 7 32 46 48
2 9 11 36 48
6 13 15 40 48
10 17 19 44 48
6 7 8 16 28
10 11 12 20 32
14 15 16 24 36
18 19 20 28 40
22 23 24 32 44
0 26 27 28 36
4 30 31 32 40
8 34 35 36 44
0 12 38 39 40
4 16 42 43 44
0 8 20 46 47
2 3 4 12 24
1 32 37 43 47
3 5 36 41 47
3 7 9 40 45
1 7 11 13 44
0 5 11 15 17
4 9 15 19 21
8 13 19 23 25
12 17 23 27 29
16 21 27 31 33
20 25 31 35 37
24 29 35 39 41
28 33 39 43 45
