5 7 14 15 16 17 22 23 41
2 9 12 14 28 35 41 44 47
2 3 4 5 7 28 29 43 48
5 6 10 16 19 21 24 37 44
6 11 14 16 27 29 31 39 48
3 4 8 10 21 24 27 36 47
1 6 10 12 15 22 28 42 46
2 22 30 33 37 38 39 43 46
4 16 18 22 32 36 38 40 48
5 11 13 20 24 29 32 33 34
24 25 26 28 32 39 40 45 47
13 19 22 27 34 43 44 45 47
0 2 8 16 27 30 35 42 43
3 6 11 15 17 19 26 38 47
0 11 21 23 25 28 30 34 48
1 2 5 9 11 30 36 40 45
0 1 17 29 31 36 40 44 46
6 8 18 20 23 26 30 39 41
7 9 10 18 19 27 33 34 41
4 15 25 30 31 33 44 47 48
1 15 21 27 33 37 40 41 42
3 7 10 11 20 22 31 35 40
0 10 14 19 20 32 37 43 48
2 6 7 10 23 32 34 36 44
4 10 21 22 26 29 35 39 45
10 13 17 25 28 29 30 38 41
14 15 18 20 21 25 36 43 46
0 1 11 12 18 24 31 41 43
3 14 18 23 29 37 42 45 47
0 3 9 13 15 18 35 39 44
2 8 9 15 19 22 24 25 29
0 5 6 7 25 35 42 46 47
4 6 13 14 23 26 33 40 43
5 8 12 14 34 38 39 40 44
3 4 15 30 32 34 41 45 46
4 6 9 17 20 27 28 37 45
0 3 8 12 16 20 25 33 45
7 12 13 25 26 36 37 41 48
1 3 19 23 25 27 32 35 38
1 8 14 17 33 35 36 45 48
1 2 13 16 20 26 31 34 47
9 16 17 24 34 39 42 43 48
8 11 13 16 19 28 37 40 46
17 23 24 31 34 35 37 38 46
0 4 11 20 22 26 38 42 44
1 4 7 12 14 19 24 30 39
2 12 13 17 18 21 29 32 42
7 8 9 21 31 32 38 43 45
5 9 10 12 23 26 27 46 48
5 18 19 28 31 33 36 39 42
