10 27 28 33
11 28 29 34
12 29 30 35
13 30 31 36
14 31 32 37
15 32 33 38
16 33 34 39
17 34 35 40
18 35 36 41
19 36 37 42
20 37 38 43
21 38 39 44
22 39 40 45
23 40 41 46
24 41 42 47
25 42 43 48
0 26 43 44
1 27 44 45
2 28 45 46
3 29 46 47
4 30 47 48
0 5 31 48
0 1 6 32
1 2 7 33
2 3 8 34
3 4 9 35
4 5 10 36
5 6 11 37
6 7 12 38
7 8 13 39
8 9 14 40
9 10 15 41
10 11 16 42
11 12 17 43
12 13 18 44
13 14 19 45
14 15 20 46
15 16 21 47
16 17 22 48
0 17 18 23
1 18 19 24
2 19 20 25
3 20 21 26
4 21 22 27
5 22 23 28
6 23 24 29
7 24 25 30
8 25 26 31
9 26 27 32
0 13 34 38
1 14 35 39
2 15 36 40
3 16 37 41
4 17 38 42
5 18 39 43
6 19 40 44
7 20 41 45
8 21 42 46
9 22 43 47
10 23 44 48
0 11 24 45
1 12 25 46
2 13 26 47
3 14 27 48
0 4 15 28
1 5 16 29
2 6 17 30
3 7 18 31
4 8 19 32
5 9 20 33
6 10 21 34
7 11 22 35
8 12 23 36
9 13 24 37
10 14 25 38
11 15 26 39
12 16 27 40
13 17 28 41
14 18 29 42
15 19 30 43
16 20 31 44
17 21 32 45
18 22 33 46
19 23 34 47
20 24 35 48
0 21 25 36
1 22 26 37
2 23 27 38
3 24 28 39
4 25 29 40
5 26 30 41
6 27 31 42
7 28 32 43
8 29 33 44
9 30 34 45
10 31 35 46
11 32 36 47
12 33 37 48
21 24 31 40
22 25 32 41
23 26 33 42
24 27 34 43
25 28 35 44
26 29 36 45
27 30 37 46
28 31 38 47
29 32 39 48
0 30 33 40
1 31 34 41
2 32 35 42
3 33 36 43
4 34 37 44
5 35 38 45
6 36 39 46
7 37 40 47
8 38 41 48
0 9 39 42
1 10 40 43
2 11 41 44
3 12 42 45
4 13 43 46
5 14 44 47
6 15 45 48
0 7 16 46
1 8 17 47
2 9 18 48
0 3 10 19
1 4 11 20
2 5 12 21
3 6 13 22
4 7 14 23
5 8 15 24
6 9 16 25
7 10 17 26
8 11 18 27
9 12 19 28
10 13 20 29
11 14 21 30
12 15 22 31
13 16 23 32
14 17 24 33
15 18 25 34
16 19 26 35
17 20 27 36
18 21 28 37
19 22 29 38
20 23 30 39
22 24 36 44
23 25 37 45
24 26 38 46
25 27 39 47
26 28 40 48
0 27 29 41
1 28 30 42
2 29 31 43
3 30 32 44
4 31 33 45
5 32 34 46
6 33 35 47
7 34 36 48
0 8 35 37
1 9 36 38
2 10 37 39
3 11 38 40
4 12 39 41
5 13 40 42
6 14 41 43
7 15 42 44
8 16 43 45
9 17 44 46
10 18 45 47
11 19 46 48
0 12 20 47
1 13 21 48
0 2 14 22
1 3 15 23
2 4 16 24
3 5 17 25
4 6 18 26
5 7 19 27
6 8 20 28
7 9 21 29
8 10 22 30
9 11 23 31
10 12 24 32
11 13 25 33
12 14 26 34
13 15 27 35
14 16 28 36
15 17 29 37
16 18 30 38
17 19 31 39
18 20 32 40
19 21 33 41
20 22 34 42
21 23 35 43
