7 11 17 18 27 30 32 35
9 13 19 20 29 32 34 37
11 15 21 22 31 34 36 39
13 17 23 24 33 36 38 41
15 19 25 26 35 38 40 43
17 21 27 28 37 40 42 45
19 23 29 30 39 42 44 47
21 25 31 32 41 44 46 49
1 23 27 33 34 43 46 48
0 3 25 29 35 36 45 48
0 2 5 27 31 37 38 47
2 4 7 29 33 39 40 49
1 4 6 9 31 35 41 42
3 6 8 11 33 37 43 44
5 8 10 13 35 39 45 46
7 10 12 15 37 41 47 48
0 9 12 14 17 39 43 49
1 2 11 14 16 19 41 45
3 4 13 16 18 21 43 47
5 6 15 18 20 23 45 49
1 7 8 17 20 22 25 47
3 9 10 19 22 24 27 49
1 5 11 12 21 24 26 29
3 7 13 14 23 26 28 31
5 9 15 16 25 28 30 33
10 14 20 21 30 33 35 38
12 16 22 23 32 35 37 40
14 18 24 25 34 37 39 42
16 20 26 27 36 39 41 44
18 22 28 29 38 41 43 46
20 24 30 31 40 43 45 48
0 22 26 32 33 42 45 47
2 24 28 34 35 44 47 49
1 4 26 30 36 37 46 49
1 3 6 28 32 38 39 48
0 3 5 8 30 34 40 41
2 5 7 10 32 36 42 43
4 7 9 12 34 38 44 45
6 9 11 14 36 40 46 47
8 11 13 16 38 42 48 49
0 1 10 13 15 18 40 44
2 3 12 15 17 20 42 46
4 5 14 17 19 22 44 48
0 6 7 16 19 21 24 46
2 8 9 18 21 23 26 48
0 4 10 11 20 23 25 28
2 6 12 13 22 25 27 30
4 8 14 15 24 27 29 32
6 10 16 17 26 29 31 34
8 12 18 19 28 31 33 36
