0 6 7 8 14 20 21 27 49
11 13 19 20 24 28 30 33 47
1 2 12 16 20 25 35 38 48
1 3 9 16 21 22 24 29 34
2 3 5 30 33 34 41 43 45
7 9 10 17 19 27 33 40 44
15 21 24 30 31 33 40 42 48
4 5 6 9 15 17 31 35 38
15 28 29 32 33 39 46 48 49
5 7 11 12 13 16 18 32 40
1 5 7 15 23 25 26 27 28
7 18 21 24 37 38 41 43 46
15 17 18 19 20 21 26 32 45
0 3 4 8 16 26 33 37 40
0 2 10 12 14 15 22 34 37
2 9 13 14 15 36 43 44 47
3 5 12 19 26 30 31 46 49
9 11 21 23 34 37 44 48 49
2 6 10 13 24 26 35 36 46
0 18 19 25 28 31 34 36 46
2 3 4 10 13 18 21 38 39
4 16 17 24 27 36 41 48 49
1 2 17 22 28 37 40 47 49
4 12 20 27 31 34 39 43 47
1 8 9 14 20 40 41 45 46
2 8 15 16 18 23 42 46 47
3 7 32 34 36 38 42 47 49
2 5 14 19 27 35 37 39 42
2 7 8 11 17 29 30 31 32
4 7 19 20 22 29 35 42 43
3 4 11 14 17 25 44 46 48
6 11 25 26 29 34 36 40 43
0 1 11 26 33 38 39 42 44
6 9 10 12 18 25 27 33 42
14 18 22 23 26 31 32 33 41
8 12 14 24 28 29 38 44 45
0 9 23 24 25 30 32 43 49
0 5 6 18 22 29 45 47 48
1 4 6 30 32 36 37 41 44
11 13 15 22 27 30 38 45 46
6 14 16 19 23 30 38 39 40
3 6 10 11 15 19 28 35 41
0 1 8 13 17 19 23 43 48
7 9 10 26 28 39 45 47 48
0 12 21 25 32 35 40 41 47
3 10 20 23 24 27 29 32 37
1 5 10 14 16 21 28 31 43
13 16 25 31 37 42 44 45 49
1 8 10 18 30 34 35 44 49
5 8 20 22 24 25 36 39 44
12 13 17 28 29 34 39 41 42
4 12 21 23 28 33 35 36 45
