0 6 9 10 14 37 44
2 8 11 12 16 39 46
4 10 13 14 18 41 48
0 6 12 15 16 20 43
2 8 14 17 18 22 45
4 10 16 19 20 24 47
6 12 18 21 22 26 49
1 8 14 20 23 24 28
3 10 16 22 25 26 30
5 12 18 24 27 28 32
7 14 20 26 29 30 34
9 16 22 28 31 32 36
11 18 24 30 33 34 38
13 20 26 32 35 36 40
15 22 28 34 37 38 42
17 24 30 36 39 40 44
19 26 32 38 41 42 46
21 28 34 40 43 44 48
0 23 30 36 42 45 46
2 25 32 38 44 47 48
0 4 27 34 40 46 49
1 2 6 29 36 42 48
0 3 4 8 31 38 44
2 5 6 10 33 40 46
4 7 8 12 35 42 48
3 5 7 10 15 36 39
5 7 9 12 17 38 41
7 9 11 14 19 40 43
9 11 13 16 21 42 45
11 13 15 18 23 44 47
13 15 17 20 25 46 49
1 15 17 19 22 27 48
0 3 17 19 21 24 29
2 5 19 21 23 26 31
4 7 21 23 25 28 33
6 9 23 25 27 30 35
8 11 25 27 29 32 37
10 13 27 29 31 34 39
12 15 29 31 33 36 41
14 17 31 33 35 38 43
16 19 33 35 37 40 45
18 21 35 37 39 42 47
20 23 37 39 41 44 49
1 22 25 39 41 43 46
3 24 27 41 43 45 48
0 5 26 29 43 45 47
2 7 28 31 45 47 49
1 4 9 30 33 47 49
1 3 6 11 32 35 49
1 3 5 8 13 34 37
6 7 24 31 37 46 48
0 8 9 26 33 39 48
0 2 10 11 28 35 41
2 4 12 13 30 37 43
4 6 14 15 32 39 45
6 8 16 17 34 41 47
8 10 18 19 36 43 49
1 10 12 20 21 38 45
3 12 14 22 23 40 47
5 14 16 24 25 42 49
1 7 16 18 26 27 44
3 9 18 20 28 29 46
5 11 20 22 30 31 48
0 7 13 22 24 32 33
2 9 15 24 26 34 35
4 11 17 26 28 36 37
6 13 19 28 30 38 39
8 15 21 30 32 40 41
10 17 23 32 34 42 43
12 19 25 34 36 44 45
14 21 27 36 38 46 47
16 23 29 38 40 48 49
0 1 18 25 31 40 42
2 3 20 27 33 42 44
4 5 22 29 35 44 46
