2 11 13 26 45
4 13 15 28 47
6 15 17 30 49
1 8 17 19 32
3 10 19 21 34
5 12 21 23 36
7 14 23 25 38
9 16 25 27 40
11 18 27 29 42
13 20 29 31 44
15 22 31 33 46
17 24 33 35 48
0 19 26 35 37
2 21 28 37 39
4 23 30 39 41
6 25 32 41 43
8 27 34 43 45
10 29 36 45 47
12 31 38 47 49
1 14 33 40 49
1 3 16 35 42
3 5 18 37 44
5 7 20 39 46
7 9 22 41 48
0 9 11 24 43
18 26 36 38 49
1 20 28 38 40
3 22 30 40 42
5 24 32 42 44
7 26 34 44 46
9 28 36 46 48
0 11 30 38 48
0 2 13 32 40
2 4 15 34 42
4 6 17 36 44
6 8 19 38 46
8 10 21 40 48
0 10 12 23 42
2 12 14 25 44
4 14 16 27 46
6 16 18 29 48
0 8 18 20 31
2 10 20 22 33
4 12 22 24 35
6 14 24 26 37
8 16 26 28 39
10 18 28 30 41
12 20 30 32 43
14 22 32 34 45
16 24 34 36 47
9 29 30 34 37
11 31 32 36 39
13 33 34 38 41
15 35 36 40 43
17 37 38 42 45
19 39 40 44 47
21 41 42 46 49
1 23 43 44 48
0 3 25 45 46
2 5 27 47 48
0 4 7 29 49
1 2 6 9 31
3 4 8 11 33
5 6 10 13 35
7 8 12 15 37
9 10 14 17 39
11 12 16 19 41
13 14 18 21 43
15 16 20 23 45
17 18 22 25 47
19 20 24 27 49
1 21 22 26 29
3 23 24 28 31
5 25 26 30 33
7 27 28 32 35
9 35 41 44 45
11 37 43 46 47
13 39 45 48 49
0 1 15 41 47
2 3 17 43 49
1 4 5 19 45
3 6 7 21 47
5 8 9 23 49
1 7 10 11 25
3 9 12 13 27
5 11 14 15 29
7 13 16 17 31
9 15 18 19 33
11 17 20 21 35
13 19 22 23 37
15 21 24 25 39
17 23 26 27 41
19 25 28 29 43
21 27 30 31 45
23 29 32 33 47
25 31 34 35 49
1 27 33 36 37
3 29 35 38 39
5 31 37 40 41
7 33 39 42 43
4 10 26 31 43
6 12 28 33 45
8 14 30 35 47
10 16 32 37 49
1 12 18 34 39
3 14 20 36 41
5 16 22 38 43
7 18 24 40 45
9 20 26 42 47
11 22 28 44 49
1 13 24 30 46
3 15 26 32 48
0 5 17 28 34
2 7 19 30 36
4 9 21 32 38
6 11 23 34 40
8 13 25 36 42
10 15 27 38 44
12 17 29 40 46
14 19 31 42 48
0 16 21 33 44
2 18 23 35 46
4 20 25 37 48
0 6 22 27 39
2 8 24 29 41
2 8 29 43 48
0 2 26 38 40
4 5 7 20 40
4 12 18 26 40
14 20 22 32 34
18 32 33 38 46
8 16 22 30 44
6 20 34 42 48
10 22 24 36 46
0 14 28 36 42
2 6 15 16 45
12 24 34 38 48
