14 22 28
15 23 29
16 24 30
17 25 31
18 26 32
19 27 33
20 28 34
21 29 35
22 30 36
23 31 37
24 32 38
25 33 39
26 34 40
27 35 41
28 36 42
29 37 43
30 38 44
31 39 45
32 40 46
33 41 47
34 42 48
0 35 43
1 36 44
2 37 45
3 38 46
4 39 47
5 40 48
0 6 41
1 7 42
2 8 43
3 9 44
4 10 45
5 11 46
6 12 47
7 13 48
0 8 14
1 9 15
2 10 16
3 11 17
4 12 18
5 13 19
6 14 20
7 15 21
8 16 22
9 17 23
10 18 24
11 19 25
12 20 26
13 21 27
12 30 39
13 31 40
14 32 41
15 33 42
16 34 43
17 35 44
18 36 45
19 37 46
20 38 47
21 39 48
0 22 40
1 23 41
2 24 42
3 25 43
4 26 44
5 27 45
6 28 46
7 29 47
8 30 48
0 9 31
1 10 32
2 11 33
3 12 34
4 13 35
5 14 36
6 15 37
7 16 38
8 17 39
9 18 40
10 19 41
11 20 42
12 21 43
13 22 44
14 23 45
15 24 46
16 25 47
17 26 48
0 18 27
1 19 28
2 20 29
3 21 30
4 22 31
5 23 32
6 24 33
7 25 34
8 26 35
9 27 36
10 28 37
11 29 38
0 26 47
1 27 48
0 2 28
1 3 29
2 4 30
3 5 31
4 6 32
5 7 33
6 8 34
7 9 35
8 10 36
9 11 37
10 12 38
11 13 39
12 14 40
13 15 41
14 16 42
15 17 43
16 18 44
17 19 45
18 20 46
19 21 47
20 22 48
0 21 23
1 22 24
2 23 25
3 24 26
4 25 27
5 26 28
6 27 29
7 28 30
8 29 31
9 30 32
10 31 33
11 32 34
12 33 35
13 34 36
14 35 37
15 36 38
16 37 39
17 38 40
18 39 41
19 40 42
20 41 43
21 42 44
22 43 45
23 44 46
24 45 47
25 46 48
13 23 26
14 24 27
15 25 28
16 26 29
17 27 30
18 28 31
19 29 32
20 30 33
21 31 34
22 32 35
23 33 36
24 34 37
25 35 38
26 36 39
27 37 40
28 38 41
29 39 42
30 40 43
31 41 44
32 42 45
33 43 46
34 44 47
35 45 48
0 36 46
1 37 47
2 38 48
0 3 39
1 4 40
2 5 41
3 6 42
4 7 43
5 8 44
6 9 45
7 10 46
8 11 47
9 12 48
0 10 13
1 11 14
2 12 15
3 13 16
4 14 17
5 15 18
6 16 19
7 17 20
8 18 21
9 19 22
10 20 23
11 21 24
12 22 25
7 12 37
8 13 38
9 14 39
10 15 40
11 16 41
12 17 42
13 18 43
14 19 44
15 20 45
16 21 46
17 22 47
18 23 48
0 19 24
1 20 25
2 21 26
3 22 27
4 23 28
5 24 29
6 25 30
7 26 31
8 27 32
9 28 33
10 29 34
11 30 35
12 31 36
13 32 37
14 33 38
15 34 39
16 35 40
17 36 41
18 37 42
19 38 43
20 39 44
21 40 45
22 41 46
23 42 47
24 43 48
0 25 44
1 26 45
2 27 46
3 28 47
4 29 48
0 5 30
1 6 31
2 7 32
3 8 33
4 9 34
5 10 35
6 11 36
1 8 46
2 9 47
3 10 48
0 4 11
1 5 12
2 6 13
3 7 14
4 8 15
5 9 16
6 10 17
7 11 18
8 12 19
9 13 20
10 14 21
11 15 22
12 16 23
13 17 24
14 18 25
15 19 26
16 20 27
17 21 28
18 22 29
19 23 30
20 24 31
21 25 32
22 26 33
23 27 34
24 28 35
25 29 36
26 30 37
27 31 38
28 32 39
29 33 40
30 34 41
31 35 42
32 36 43
33 37 44
34 38 45
35 39 46
36 40 47
37 41 48
0 38 42
1 39 43
2 40 44
3 41 45
4 42 46
5 43 47
6 44 48
0 7 45
8 23 24
9 24 25
10 25 26
11 26 27
12 27 28
13 28 29
14 29 30
15 30 31
16 31 32
17 32 33
18 33 34
19 34 35
20 35 36
21 36 37
22 37 38
23 38 39
24 39 40
25 40 41
26 41 42
27 42 43
28 43 44
29 44 45
30 45 46
31 46 47
32 47 48
0 33 48
0 1 34
1 2 35
2 3 36
3 4 37
4 5 38
5 6 39
6 7 40
7 8 41
8 9 42
9 10 43
10 11 44
11 12 45
12 13 46
13 14 47
14 15 48
0 15 16
1 16 17
2 17 18
3 18 19
4 19 20
5 20 21
6 21 22
7 22 23
8 25 37
9 26 38
10 27 39
11 28 40
12 29 41
13 30 42
14 31 43
15 32 44
16 33 45
17 34 46
18 35 47
19 36 48
0 20 37
1 21 38
2 22 39
3 23 40
4 24 41
5 25 42
6 26 43
7 27 44
8 28 45
9 29 46
10 30 47
11 31 48
0 12 32
1 13 33
2 14 34
3 15 35
4 16 36
5 17 37
6 18 38
7 19 39
8 20 40
9 21 41
10 22 42
11 23 43
12 24 44
13 25 45
14 26 46
15 27 47
16 28 48
0 17 29
1 18 30
2 19 31
3 20 32
4 21 33
5 22 34
6 23 35
7 24 36
39 45 49
32 43 49
2 33 49
12 36 49
5 28 49
5 6 49
4 15 49
7 30 49
19 24 49
17 20 49
3 48 49
23 44 49
22 25 49
18 35 49
14 34 49
8 47 49
10 38 49
31 37 49
16 27 49
13 21 49
26 46 49
11 41 49
1 29 49
40 42 49
0 9 49
