2 7 33 49
0 3 8 34
1 4 9 35
2 5 10 36
3 6 11 37
4 7 12 38
5 8 13 39
6 9 14 40
7 10 15 41
8 11 16 42
9 12 17 43
10 13 18 44
11 14 19 45
12 15 20 46
13 16 21 47
14 17 22 48
15 18 23 49
0 16 19 24
1 17 20 25
2 18 21 26
3 19 22 27
4 20 23 28
5 21 24 29
6 22 25 30
7 23 26 31
8 24 27 32
9 25 28 33
10 26 29 34
11 27 30 35
12 28 31 36
13 29 32 37
14 30 33 38
15 31 34 39
16 32 35 40
17 33 36 41
18 34 37 42
19 35 38 43
20 36 39 44
21 37 40 45
22 38 41 46
23 39 42 47
24 40 43 48
25 41 44 49
0 26 42 45
1 27 43 46
2 28 44 47
3 29 45 48
4 30 46 49
0 5 31 47
1 6 32 48
8 10 19 20
9 11 20 21
10 12 21 22
11 13 22 23
12 14 23 24
13 15 24 25
14 16 25 26
15 17 26 27
16 18 27 28
17 19 28 29
18 20 29 30
19 21 30 31
20 22 31 32
21 23 32 33
22 24 33 34
23 25 34 35
24 26 35 36
25 27 36 37
26 28 37 38
27 29 38 39
28 30 39 40
29 31 40 41
30 32 41 42
31 33 42 43
32 34 43 44
33 35 44 45
34 36 45 46
35 37 46 47
36 38 47 48
37 39 48 49
0 38 40 49
0 1 39 41
1 2 40 42
2 3 41 43
3 4 42 44
4 5 43 45
5 6 44 46
6 7 45 47
7 8 46 48
8 9 47 49
0 9 10 48
1 10 11 49
0 2 11 12
1 3 12 13
2 4 13 14
3 5 14 15
4 6 15 16
5 7 16 17
6 8 17 18
7 9 18 19
6 20 26 49
0 7 21 27
1 8 22 28
2 9 23 29
3 10 24 30
4 11 25 31
5 12 26 32
6 13 27 33
7 14 28 34
8 15 29 35
9 16 30 36
10 17 31 37
11 18 32 38
12 19 33 39
13 20 34 40
14 21 35 41
15 22 36 42
16 23 37 43
17 24 38 44
18 25 39 45
19 26 40 46
20 27 41 47
21 28 42 48
22 29 43 49
0 23 30 44
1 24 31 45
2 25 32 46
3 26 33 47
4 27 34 48
5 28 35 49
0 6 29 36
1 7 30 37
2 8 31 38
3 9 32 39
4 10 33 40
5 11 34 41
6 12 35 42
7 13 36 43
8 14 37 44
9 15 38 45
10 16 39 46
11 17 40 47
12 18 41 48
13 19 42 49
0 14 20 43
1 15 21 44
2 16 22 45
3 17 23 46
4 18 24 47
5 19 25 48
0 13 17 35
1 14 18 36
2 15 19 37
3 16 20 38
4 17 21 39
5 18 22 40
6 19 23 41
7 20 24 42
8 21 25 43
9 22 26 44
10 23 27 45
11 24 28 46
12 25 29 47
13 26 30 48
14 27 31 49
0 15 28 32
1 16 29 33
2 17 30 34
3 18 31 35
4 19 32 36
5 20 33 37
6 21 34 38
7 22 35 39
8 23 36 40
9 24 37 41
10 25 38 42
11 26 39 43
12 27 40 44
13 28 41 45
14 29 42 46
15 30 43 47
16 31 44 48
17 32 45 49
0 18 33 46
1 19 34 47
2 20 35 48
3 21 36 49
0 4 22 37
1 5 23 38
2 6 24 39
3 7 25 40
4 8 26 41
5 9 27 42
6 10 28 43
7 11 29 44
8 12 30 45
9 13 31 46
10 14 32 47
11 15 33 48
12 16 34 49
10 24 35 49
9 19 34 44
12 23 37 48
7 14 32 39
13 15 38 40
17 29 36 42
8 11 33 36
0 4 25 29
1 22 26 47
6 21 31 46
5 18 30 43
2 3 27 28
16 20 41 45
