12 34 35 38 45 46
14 36 37 40 47 48
0 16 38 39 42 49
1 2 18 40 41 44
3 4 20 42 43 46
5 6 22 44 45 48
0 7 8 24 46 47
2 9 10 26 48 49
0 1 4 11 12 28
2 3 6 13 14 30
4 5 8 15 16 32
6 7 10 17 18 34
8 9 12 19 20 36
10 11 14 21 22 38
12 13 16 23 24 40
14 15 18 25 26 42
16 17 20 27 28 44
18 19 22 29 30 46
20 21 24 31 32 48
0 22 23 26 33 34
2 24 25 28 35 36
4 26 27 30 37 38
6 28 29 32 39 40
8 30 31 34 41 42
10 32 33 36 43 44
10 16 24 26 35 41
12 18 26 28 37 43
14 20 28 30 39 45
16 22 30 32 41 47
18 24 32 34 43 49
1 20 26 34 36 45
3 22 28 36 38 47
5 24 30 38 40 49
1 7 26 32 40 42
3 9 28 34 42 44
5 11 30 36 44 46
7 13 32 38 46 48
0 9 15 34 40 48
0 2 11 17 36 42
2 4 13 19 38 44
4 6 15 21 40 46
6 8 17 23 42 48
0 8 10 19 25 44
2 10 12 21 27 46
4 12 14 23 29 48
0 6 14 16 25 31
2 8 16 18 27 33
4 10 18 20 29 35
6 12 20 22 31 37
8 14 22 24 33 39
1 5 23 25 37 46
3 7 25 27 39 48
0 5 9 27 29 41
2 7 11 29 31 43
4 9 13 31 33 45
6 11 15 33 35 47
8 13 17 35 37 49
1 10 15 19 37 39
3 12 17 21 39 41
5 14 19 23 41 43
7 16 21 25 43 45
9 18 23 27 45 47
11 20 25 29 47 49
1 13 22 27 31 49
1 3 15 24 29 33
3 5 17 26 31 35
5 7 19 28 33 37
7 9 21 30 35 39
9 11 23 32 37 41
11 13 25 34 39 43
13 15 27 36 41 45
15 17 29 38 43 47
17 19 31 40 45 49
1 19 21 33 42 47
3 21 23 35 44 49
20 25 33 38 40 41
22 27 35 40 42 43
24 29 37 42 44 45
26 31 39 44 46 47
28 33 41 46 48 49
0 1 30 35 43 48
0 2 3 32 37 45
2 4 5 34 39 47
4 6 7 36 41 49
1 6 8 9 38 43
3 8 10 11 40 45
5 10 12 13 42 47
7 12 14 15 44 49
1 9 14 16 17 46
3 11 16 18 19 48
0 5 13 18 20 21
2 7 15 20 22 23
4 9 17 22 24 25
6 11 19 24 26 27
8 13 21 26 28 29
10 15 23 28 30 31
12 17 25 30 32 33
14 19 27 32 34 35
16 21 29 34 36 37
18 23 31 36 38 39
