0 8 9 11 13 16 32 41 43 46
1 10 12 14 21 25 30 32 37 41
0 12 18 19 20 28 31 44 49 50
8 10 16 26 27 35 38 42 45 47
2 5 7 16 17 20 25 28 35 46
1 9 14 16 27 29 31 36 48 49
3 4 8 20 25 33 36 40 43 45
8 10 21 24 28 34 38 46 48 49
0 7 8 11 12 22 29 30 38 50
2 6 12 13 15 19 31 38 45 48
7 10 13 17 18 23 29 32 43 47
6 11 14 16 20 23 27 34 37 50
0 4 17 21 27 35 42 43 44 48
4 5 12 15 16 23 24 26 33 41
5 19 22 26 29 37 38 40 43 44
1 5 11 30 31 33 34 43 44 47
15 20 23 29 32 36 42 44 46 49
0 2 7 8 9 10 33 37 39 44
0 3 6 16 24 25 29 30 40 44
5 10 18 20 22 30 35 36 41 48
7 12 13 14 28 40 41 42 44 45
11 17 19 26 30 39 45 46 49 50
6 9 12 13 17 22 33 34 35 36
2 3 9 19 23 27 28 30 41 42
1 2 24 28 32 33 35 37 45 50
2 4 11 14 18 24 25 31 36 42
0 5 6 8 14 21 22 23 31 47
7 16 19 21 25 33 36 47 48 50
4 9 20 24 29 38 39 41 47 50
7 9 12 15 18 21 24 27 40 43
1 2 13 17 20 21 26 39 40 48
4 10 15 19 31 32 34 39 40 48
5 13 22 24 25 27 32 39 45 49
14 17 18 27 31 33 37 38 41 46
3 7 26 29 31 33 34 35 42 49
2 3 10 11 15 21 22 28 29 45
3 11 12 23 35 39 40 46 47 48
0 4 13 15 28 30 36 37 47 49
3 6 14 26 28 32 36 38 39 43
3 5 9 13 15 25 37 42 48 50
2 6 10 34 40 41 43 47 49 50
0 1 9 18 23 25 26 34 38 45
1 3 8 14 15 17 18 19 24 35
1 4 6 7 16 18 22 39 42 46
