7 9 15 22 27 30 31 41
8 10 16 23 28 31 32 42
9 11 17 24 29 32 33 43
10 12 18 25 30 33 34 44
11 13 19 26 31 34 35 45
12 14 20 27 32 35 36 46
13 15 21 28 33 36 37 47
14 16 22 29 34 37 38 48
15 17 23 30 35 38 39 49
16 18 24 31 36 39 40 50
0 17 19 25 32 37 40 41
1 18 20 26 33 38 41 42
2 19 21 27 34 39 42 43
3 20 22 28 35 40 43 44
4 21 23 29 36 41 44 45
5 22 24 30 37 42 45 46
6 23 25 31 38 43 46 47
7 24 26 32 39 44 47 48
8 25 27 33 40 45 48 49
9 26 28 34 41 46 49 50
0 10 27 29 35 42 47 50
0 1 11 28 30 36 43 48
1 2 12 29 31 37 44 49
2 3 13 30 32 38 45 50
0 3 4 14 31 33 39 46
1 4 5 15 32 34 40 47
2 5 6 16 33 35 41 48
3 6 7 17 34 36 42 49
4 7 8 18 35 37 43 50
0 5 8 9 19 36 38 44
1 6 9 10 20 37 39 45
2 7 10 11 21 38 40 46
3 8 11 12 22 39 41 47
4 9 12 13 23 40 42 48
5 10 13 14 24 41 43 49
6 11 14 15 25 42 44 50
0 7 12 15 16 26 43 45
1 8 13 16 17 27 44 46
2 9 14 17 18 28 45 47
3 10 15 18 19 29 46 48
4 11 16 19 20 30 47 49
5 12 17 20 21 31 48 50
0 6 13 18 21 22 32 49
1 7 14 19 22 23 33 50
0 2 8 15 20 23 24 34
1 3 9 16 21 24 25 35
2 4 10 17 22 25 26 36
3 5 11 18 23 26 27 37
4 6 12 19 24 27 28 38
5 7 13 20 25 28 29 39
6 8 14 21 26 29 30 40
