8 13 25 31 34 36 39 45 48 50
2 8 11 12 19 21 38 40 46 50
5 7 13 14 17 19 24 26 31 47
2 10 20 31 33 37 39 43 44 46
7 9 30 33 36 37 40 41 43 49
4 8 10 16 18 23 24 25 30 42
3 4 12 27 31 35 39 40 42 49
1 2 4 19 24 26 34 41 48 49
3 5 9 10 11 14 20 25 49 50
3 9 10 12 13 19 22 34 36 43
11 16 18 19 23 29 31 32 40 43
5 6 8 18 21 22 28 33 35 37
2 9 15 17 21 22 29 39 42 45
0 2 7 20 22 25 31 35 41 47
3 9 17 23 26 32 34 35 37 38
0 2 14 18 23 27 33 36 38 45
0 10 17 19 28 30 33 42 44 48
1 6 7 19 22 23 25 27 38 44
2 6 12 14 16 25 27 32 37 48
10 11 15 17 21 27 29 31 36 41
6 12 15 20 23 36 41 42 44 50
0 21 24 25 26 28 35 36 43 44
4 14 15 22 25 26 29 33 40 46
7 9 16 20 21 24 27 29 37 48
1 8 11 14 17 20 27 28 42 43
0 1 7 8 9 15 18 32 46 49
5 11 12 21 27 30 33 34 46 47
0 3 6 8 11 16 26 39 45 47
4 5 17 22 32 43 44 45 48 50
1 4 6 9 10 31 32 36 38 47
2 3 5 8 13 16 29 38 41 44
0 4 5 7 11 12 23 29 37 39
11 13 15 16 22 24 32 33 44 49
3 4 7 15 16 28 30 31 34 50
2 13 18 26 27 28 29 30 35 50
14 15 19 30 35 37 44 45 47 49
1 4 13 14 19 20 21 30 32 39
5 15 18 20 26 38 42 43 47 48
1 5 16 17 22 30 35 36 40 46
6 17 24 29 30 38 39 43 46 49
7 10 12 26 28 32 41 42 45 46
3 6 13 21 23 28 46 47 48 49
1 3 12 17 18 24 25 33 45 50
9 14 18 28 34 38 39 40 41 44
6 10 11 20 24 34 35 40 45 48
0 1 13 29 34 37 40 42 47 50
