2 3 5 12 14 19 20 27 33
5 6 8 15 17 22 23 30 36
8 9 11 18 20 25 26 33 39
11 12 14 21 23 28 29 36 42
14 15 17 24 26 31 32 39 45
17 18 20 27 29 34 35 42 48
0 20 21 23 30 32 37 38 45
3 23 24 26 33 35 40 41 48
0 6 26 27 29 36 38 43 44
3 9 29 30 32 39 41 46 47
6 12 32 33 35 42 44 49 50
1 2 9 15 35 36 38 45 47
4 5 12 18 38 39 41 48 50
0 2 7 8 15 21 41 42 44
3 5 10 11 18 24 44 45 47
6 8 13 14 21 27 47 48 50
0 2 9 11 16 17 24 30 50
3 9 19 22 28 42 43 45 50
2 6 12 22 25 31 45 46 48
0 5 9 15 25 28 34 48 49
0 1 3 8 12 18 28 31 37
3 4 6 11 15 21 31 34 40
6 7 9 14 18 24 34 37 43
9 10 12 17 21 27 37 40 46
12 13 15 20 24 30 40 43 49
1 15 16 18 23 27 33 43 46
4 18 19 21 26 30 36 46 49
1 7 21 22 24 29 33 39 49
1 4 10 24 25 27 32 36 42
4 7 13 27 28 30 35 39 45
7 10 16 30 31 33 38 42 48
0 10 13 19 33 34 36 41 45
3 13 16 22 36 37 39 44 48
0 6 16 19 25 39 40 42 47
11 22 27 31 37 38 41 47 49
1 14 25 30 34 40 41 44 50
2 4 17 28 33 37 43 44 47
5 7 20 31 36 40 46 47 50
2 8 10 23 34 39 43 49 50
1 2 5 11 13 26 37 42 46
4 5 8 14 16 29 40 45 49
1 7 8 11 17 19 32 43 48
0 4 10 11 14 20 22 35 46
3 7 13 14 17 23 25 38 49
1 6 10 16 17 20 26 28 41
4 9 13 19 20 23 29 31 44
7 12 16 22 23 26 32 34 47
10 15 19 25 26 29 35 37 50
2 13 18 22 28 29 32 38 40
5 16 21 25 31 32 35 41 43
8 19 24 28 34 35 38 44 46
