13 39 42 46
16 42 45 49
1 19 45 48
0 4 22 48
0 3 7 25
3 6 10 28
6 9 13 31
9 12 16 34
12 15 19 37
15 18 22 40
18 21 25 43
21 24 28 46
24 27 31 49
1 27 30 34
4 30 33 37
7 33 36 40
10 36 39 43
6 16 30 47
9 19 33 50
2 12 22 36
5 15 25 39
8 18 28 42
11 21 31 45
14 24 34 48
0 17 27 37
3 20 30 40
6 23 33 43
9 26 36 46
12 29 39 49
1 15 32 42
4 18 35 45
7 21 38 48
0 10 24 41
3 13 27 44
13 29 33 45
16 32 36 48
0 19 35 39
3 22 38 42
6 25 41 45
9 28 44 48
0 12 31 47
3 15 34 50
2 6 18 37
5 9 21 40
8 12 24 43
11 15 27 46
14 18 30 49
1 17 21 33
4 20 24 36
7 23 27 39
10 26 30 42
5 16 22 23
8 19 25 26
11 22 28 29
14 25 31 32
17 28 34 35
20 31 37 38
23 34 40 41
26 37 43 44
29 40 46 47
32 43 49 50
1 2 35 46
4 5 38 49
1 7 8 41
4 10 11 44
7 13 14 47
10 16 17 50
2 13 19 20
15 30 36 41
18 33 39 44
21 36 42 47
24 39 45 50
2 27 42 48
0 5 30 45
3 8 33 48
0 6 11 36
3 9 14 39
6 12 17 42
9 15 20 45
12 18 23 48
0 15 21 26
3 18 24 29
6 21 27 32
9 24 30 35
12 27 33 38
13 36 37 49
1 16 39 40
4 19 42 43
7 22 45 46
10 25 48 49
0 1 13 28
3 4 16 31
6 7 19 34
9 10 22 37
12 13 25 40
15 16 28 43
18 19 31 46
21 22 34 49
1 24 25 37
4 27 28 40
7 30 31 43
10 33 34 46
2 5 14 28
5 8 17 31
8 11 20 34
11 14 23 37
14 17 26 40
17 20 29 43
20 23 32 46
23 26 35 49
1 26 29 38
4 29 32 41
7 32 35 44
10 35 38 47
13 38 41 50
2 16 41 44
5 19 44 47
8 22 47 50
2 11 25 50
1 23 24 47
4 26 27 50
2 7 29 30
5 10 32 33
8 13 35 36
11 16 38 39
14 19 41 42
17 22 44 45
20 25 47 48
0 23 28 50
2 3 26 31
5 6 29 34
8 9 32 37
11 12 35 40
14 15 38 43
17 18 41 46
20 21 44 49
31 37 40 42
34 40 43 45
37 43 46 48
0 40 46 49
1 3 43 49
1 4 6 46
4 7 9 49
1 7 10 12
4 10 13 15
7 13 16 18
10 16 19 21
13 19 22 24
16 22 25 27
19 25 28 30
22 28 31 33
25 31 34 36
28 34 37 39
2 10 23 45
5 13 26 48
0 8 16 29
3 11 19 32
6 14 22 35
9 17 25 38
12 20 28 41
15 23 31 44
18 26 34 47
21 29 37 50
2 24 32 40
5 27 35 43
8 30 38 46
11 33 41 49
1 14 36 44
4 17 39 47
7 20 42 50
13 21 23 30
16 24 26 33
19 27 29 36
22 30 32 39
25 33 35 42
28 36 38 45
31 39 41 48
0 34 42 44
3 37 45 47
6 40 48 50
0 2 9 43
3 5 12 46
6 8 15 49
1 9 11 18
4 12 14 21
7 15 17 24
10 18 20 27
11 17 30 48
0 14 20 33
3 17 23 36
6 20 26 39
9 23 29 42
12 26 32 45
15 29 35 48
0 18 32 38
3 21 35 41
6 24 38 44
9 27 41 47
12 30 44 50
2 15 33 47
5 18 36 50
2 8 21 39
5 11 24 42
8 14 27 45
11 13 43 47
14 16 46 50
2 17 19 49
1 5 20 22
4 8 23 25
7 11 26 28
10 14 29 31
13 17 32 34
16 20 35 37
19 23 38 40
22 26 41 43
25 29 44 46
28 32 47 49
1 31 35 50
2 4 34 38
5 7 37 41
8 10 40 44
