2 6 9 10 37
5 9 12 13 40
8 12 15 16 43
11 15 18 19 46
14 18 21 22 49
1 17 21 24 25
4 20 24 27 28
7 23 27 30 31
10 26 30 33 34
13 29 33 36 37
16 32 36 39 40
19 35 39 42 43
22 38 42 45 46
25 41 45 48 49
0 1 28 44 48
0 3 4 31 47
3 6 7 34 50
0 8 17 19 32
3 11 20 22 35
6 14 23 25 38
9 17 26 28 41
12 20 29 31 44
15 23 32 34 47
18 26 35 37 50
2 21 29 38 40
5 24 32 41 43
8 27 35 44 46
11 30 38 47 49
1 14 33 41 50
2 4 17 36 44
5 7 20 39 47
8 10 23 42 50
2 11 13 26 45
5 14 16 29 48
4 10 29 43 46
7 13 32 46 49
1 10 16 35 49
1 4 13 19 38
4 7 16 22 41
7 10 19 25 44
10 13 22 28 47
13 16 25 31 50
2 16 19 28 34
5 19 22 31 37
8 22 25 34 40
11 25 28 37 43
14 28 31 40 46
17 31 34 43 49
1 20 34 37 46
4 23 37 40 49
1 7 26 40 43
3 14 26 32 43
6 17 29 35 46
9 20 32 38 49
1 12 23 35 41
4 15 26 38 44
7 18 29 41 47
10 21 32 44 50
2 13 24 35 47
5 16 27 38 50
2 8 19 30 41
5 11 22 33 44
8 14 25 36 47
11 17 28 39 50
2 14 20 31 42
5 17 23 34 45
8 20 26 37 48
0 11 23 29 40
31 32 33 35 45
34 35 36 38 48
0 37 38 39 41
3 40 41 42 44
6 43 44 45 47
9 46 47 48 50
0 2 12 49 50
1 2 3 5 15
4 5 6 8 18
7 8 9 11 21
10 11 12 14 24
13 14 15 17 27
16 17 18 20 30
19 20 21 23 33
22 23 24 26 36
25 26 27 29 39
28 29 30 32 42
2 7 27 33 48
0 5 10 30 36
3 8 13 33 39
6 11 16 36 42
9 14 19 39 45
12 17 22 42 48
0 15 20 25 45
3 18 23 28 48
0 6 21 26 31
3 9 24 29 34
6 12 27 32 37
9 15 30 35 40
12 18 33 38 43
15 21 36 41 46
18 24 39 44 49
1 21 27 42 47
4 24 30 45 50
2 23 39 43 46
5 26 42 46 49
1 8 29 45 49
1 4 11 32 48
0 4 7 14 35
3 7 10 17 38
6 10 13 20 41
9 13 16 23 44
12 16 19 26 47
15 19 22 29 50
2 18 22 25 32
5 21 25 28 35
8 24 28 31 38
11 27 31 34 41
14 30 34 37 44
17 33 37 40 47
20 36 40 43 50
7 12 28 36 45
10 15 31 39 48
0 13 18 34 42
3 16 21 37 45
6 19 24 40 48
0 9 22 27 43
3 12 25 30 46
6 15 28 33 49
1 9 18 31 36
4 12 21 34 39
7 15 24 37 42
10 18 27 40 45
13 21 30 43 48
0 16 24 33 46
3 19 27 36 49
1 6 22 30 39
4 9 25 33 42
