13 15 18 28 40 47
2 18 20 23 33 45
0 7 23 25 28 38
5 12 28 30 33 43
10 17 33 35 38 48
3 15 22 38 40 43
8 20 27 43 45 48
0 3 13 25 32 48
3 5 8 18 30 37
8 10 13 23 35 42
1 14 19 28 39 45
0 6 19 24 33 44
5 11 24 29 38 49
4 10 16 29 34 43
9 15 21 34 39 48
3 14 20 26 39 44
8 19 25 31 44 49
4 13 24 30 36 49
4 9 18 29 35 41
9 14 23 34 40 46
1 22 24 34 35 36
6 27 29 39 40 41
11 32 34 44 45 46
0 1 16 37 39 49
4 5 6 21 42 44
9 10 11 26 47 49
2 4 14 15 16 31
7 9 19 20 21 36
12 14 24 25 26 41
17 19 29 30 31 46
7 9 30 44 47 48
2 3 12 14 35 49
4 7 8 17 19 40
9 12 13 22 24 45
0 14 17 18 27 29
5 19 22 23 32 34
10 24 27 28 37 39
15 29 32 33 42 44
20 34 37 38 47 49
2 4 25 39 42 43
5 13 31 39 47 50
2 10 18 36 44 50
7 15 23 41 49 50
4 12 20 28 46 50
1 9 17 25 33 50
6 14 22 30 38 50
11 19 27 35 43 50
16 24 32 40 48 50
3 21 29 37 45 50
0 8 26 34 42 50
3 6 8 9 16 28
8 11 13 14 21 33
13 16 18 19 26 38
18 21 23 24 31 43
23 26 28 29 36 48
3 28 31 33 34 41
8 33 36 38 39 46
1 13 38 41 43 44
6 18 43 46 48 49
1 3 4 11 23 48
0 11 12 31 36 40
5 16 17 36 41 45
0 10 21 22 41 46
1 5 15 26 27 46
1 6 10 20 31 32
6 11 15 25 36 37
11 16 20 30 41 42
16 21 25 35 46 47
1 2 21 26 30 40
6 7 26 31 35 45
2 9 27 31 38 42
7 14 32 36 43 47
2 12 19 37 41 48
3 7 17 24 42 46
1 8 12 22 29 47
2 6 13 17 27 34
7 11 18 22 32 39
12 16 23 27 37 44
17 21 28 32 42 49
4 22 26 33 37 47
9 17 26 32 37 43
14 22 31 37 42 48
3 19 27 36 42 47
2 8 24 32 41 47
2 7 13 29 37 46
1 7 12 18 34 42
6 12 17 23 39 47
2 11 17 22 28 44
7 16 22 27 33 49
4 12 21 27 32 38
0 23 30 32 35 39
5 28 35 37 40 44
10 33 40 42 45 49
0 4 15 38 45 47
0 2 5 9 20 43
5 7 10 14 25 48
3 10 12 15 19 30
8 15 17 20 24 35
13 20 22 25 29 40
18 25 27 30 34 45
