0 1 20 25 30 31 33 37 41 44
0 2 4 6 15 18 21 30 32 46
0 3 5 12 14 17 29 30 36 48
3 18 20 27 30 36 40 45 47 50
0 7 9 10 13 22 23 24 30 45
0 8 11 28 30 34 38 39 42 47
10 17 18 24 35 37 38 41 42 48
0 16 19 26 30 34 35 43 49 50
1 2 4 11 17 26 39 44 45 48
1 3 7 14 15 34 35 44 46 47
1 5 9 16 18 23 28 29 34 44
1 6 12 13 21 22 38 42 44 50
1 8 10 19 24 27 32 36 43 44
0 6 14 15 16 17 25 27 38 40
2 4 8 9 14 23 37 41 49 50
2 4 5 7 19 20 29 38 42 43
2 4 10 12 16 24 25 33 47 49
5 21 27 33 40 42 44 46 48 49
2 4 13 22 27 28 31 34 35 36
2 3 11 13 19 23 24 35 40 41
6 10 12 14 20 21 24 26 28 34
11 13 14 18 19 22 25 33 39 43
3 14 16 28 31 32 38 42 45 49
3 5 6 8 21 25 29 33 35 45
5 10 11 15 24 29 31 39 46 50
5 13 22 26 27 29 32 37 41 47
6 7 11 16 21 36 37 39 41 49
6 9 17 19 21 23 31 43 47 48
1 7 8 12 18 26 29 31 40 49
7 17 25 28 32 33 34 40 48 50
8 13 15 16 17 20 22 46 48 49
7 9 11 12 20 23 27 32 35 39
9 15 23 25 26 33 36 38 42 46
3 4 9 10 22 26 37 39 40 43
12 15 19 28 34 37 41 43 45 46
