0 4 7 10 18 23 28 30 39
2 6 9 12 20 25 30 32 41
4 8 11 14 22 27 32 34 43
6 10 13 16 24 29 34 36 45
8 12 15 18 26 31 36 38 47
10 14 17 20 28 33 38 40 49
12 16 19 22 30 35 40 42 51
1 14 18 21 24 32 37 42 44
3 16 20 23 26 34 39 44 46
5 18 22 25 28 36 41 46 48
7 20 24 27 30 38 43 48 50
0 9 22 26 29 32 40 45 50
0 2 11 24 28 31 34 42 47
2 4 13 26 30 33 36 44 49
4 6 15 28 32 35 38 46 51
1 6 8 17 30 34 37 40 48
3 8 10 19 32 36 39 42 50
0 5 10 12 21 34 38 41 44
2 7 12 14 23 36 40 43 46
4 9 14 16 25 38 42 45 48
6 11 16 18 27 40 44 47 50
0 8 13 18 20 29 42 46 49
2 10 15 20 22 31 44 48 51
1 4 12 17 22 24 33 46 50
0 3 6 14 19 24 26 35 48
2 5 8 16 21 26 28 37 50
1 7 10 11 21 25 26 46 51
1 3 9 12 13 23 27 28 48
3 5 11 14 15 25 29 30 50
0 5 7 13 16 17 27 31 32
2 7 9 15 18 19 29 33 34
4 9 11 17 20 21 31 35 36
6 11 13 19 22 23 33 37 38
8 13 15 21 24 25 35 39 40
10 15 17 23 26 27 37 41 42
12 17 19 25 28 29 39 43 44
14 19 21 27 30 31 41 45 46
16 21 23 29 32 33 43 47 48
18 23 25 31 34 35 45 49 50
0 20 25 27 33 36 37 47 51
1 2 22 27 29 35 38 39 49
3 4 24 29 31 37 40 41 51
1 5 6 26 31 33 39 42 43
3 7 8 28 33 35 41 44 45
5 9 10 30 35 37 43 46 47
7 11 12 32 37 39 45 48 49
9 13 14 34 39 41 47 50 51
0 1 11 15 16 36 41 43 49
2 3 13 17 18 38 43 45 51
1 4 5 15 19 20 40 45 47
3 6 7 17 21 22 42 47 49
5 8 9 19 23 24 44 49 51
