15 36 40
18 39 43
21 42 46
24 45 49
1 27 48
0 4 30
3 7 33
6 10 36
9 13 39
12 16 42
15 19 45
18 22 48
0 21 25
3 24 28
6 27 31
9 30 34
12 33 37
2 13 23
5 16 26
8 19 29
11 22 32
14 25 35
17 28 38
20 31 41
23 34 44
26 37 47
29 40 50
2 32 43
5 35 46
8 38 49
1 11 41
4 14 44
7 17 47
10 20 50
2 19 27
5 22 30
8 25 33
11 28 36
14 31 39
17 34 42
20 37 45
23 40 48
0 26 43
3 29 46
6 32 49
1 9 35
4 12 38
7 15 41
10 18 44
13 21 47
16 24 50
25 36 39
28 39 42
31 42 45
34 45 48
0 37 48
0 3 40
3 6 43
6 9 46
9 12 49
1 12 15
4 15 18
7 18 21
10 21 24
13 24 27
16 27 30
19 30 33
22 33 36
1 22 45
4 25 48
0 7 28
3 10 31
6 13 34
9 16 37
12 19 40
15 22 43
18 25 46
21 28 49
1 24 31
4 27 34
7 30 37
10 33 40
13 36 43
16 39 46
19 42 49
21 30 36
24 33 39
27 36 42
30 39 45
33 42 48
0 36 45
3 39 48
0 6 42
3 9 45
6 12 48
0 9 15
3 12 18
6 15 21
9 18 24
12 21 27
15 24 30
18 27 33
21 33 50
2 24 36
5 27 39
8 30 42
11 33 45
14 36 48
0 17 39
3 20 42
6 23 45
9 26 48
0 12 29
3 15 32
6 18 35
9 21 38
12 24 41
15 27 44
18 30 47
10 12 22
13 15 25
16 18 28
19 21 31
22 24 34
25 27 37
28 30 40
31 33 43
34 36 46
37 39 49
1 40 42
4 43 45
7 46 48
0 10 49
1 3 13
4 6 16
7 9 19
7 24 25
10 27 28
13 30 31
16 33 34
19 36 37
22 39 40
25 42 43
28 45 46
31 48 49
0 1 34
3 4 37
6 7 40
9 10 43
12 13 46
15 16 49
1 18 19
4 21 22
8 22 37
11 25 40
14 28 43
17 31 46
20 34 49
1 23 37
4 26 40
7 29 43
10 32 46
13 35 49
1 16 38
4 19 41
7 22 44
10 25 47
13 28 50
2 16 31
5 19 34
8 13 20
11 16 23
14 19 26
17 22 29
20 25 32
23 28 35
26 31 38
29 34 41
32 37 44
35 40 47
38 43 50
2 41 46
5 44 49
1 8 47
4 11 50
2 7 14
5 10 17
2 49 50
1 2 5
4 5 8
7 8 11
10 11 14
13 14 17
16 17 20
19 20 23
22 23 26
25 26 29
28 29 32
31 32 35
34 35 38
37 38 41
40 41 44
43 44 47
46 47 50
9 14 29
12 17 32
15 20 35
18 23 38
21 26 41
24 29 44
27 32 47
30 35 50
2 33 38
5 36 41
8 39 44
11 42 47
14 45 50
2 17 48
0 5 20
3 8 23
6 11 26
10 15 34
13 18 37
16 21 40
19 24 43
22 27 46
25 30 49
1 28 33
4 31 36
7 34 39
10 37 42
13 40 45
16 43 48
0 19 46
3 22 49
1 6 25
4 9 28
7 12 31
2 26 28
5 29 31
8 32 34
11 35 37
14 38 40
17 41 43
20 44 46
23 47 49
1 26 50
2 4 29
5 7 32
8 10 35
11 13 38
14 16 41
17 19 44
20 22 47
23 25 50
7 10 38
10 13 41
13 16 44
16 19 47
19 22 50
2 22 25
5 25 28
8 28 31
11 31 34
14 34 37
17 37 40
20 40 43
23 43 46
26 46 49
1 29 49
1 4 32
4 7 35
14 30 32
17 33 35
20 36 38
23 39 41
26 42 44
29 45 47
32 48 50
0 2 35
3 5 38
6 8 41
9 11 44
12 14 47
15 17 50
2 18 20
5 21 23
8 24 26
11 27 29
2 10 30
5 13 33
8 16 36
11 19 39
14 22 42
17 25 45
20 28 48
0 23 31
3 26 34
6 29 37
9 32 40
12 35 43
15 38 46
18 41 49
1 21 44
4 24 47
7 27 50
4 17 49
1 7 20
4 10 23
7 13 26
10 16 29
13 19 32
16 22 35
19 25 38
22 28 41
25 31 44
28 34 47
31 37 50
2 34 40
5 37 43
8 40 46
11 43 49
1 14 46
38 44 48
0 41 47
3 44 50
2 6 47
5 9 50
2 8 12
5 11 15
8 14 18
11 17 21
14 20 24
17 23 27
20 26 30
23 29 33
26 32 36
29 35 39
32 38 42
35 41 45
5 24 51
8 27 51
11 30 51
14 33 51
17 36 51
20 39 51
23 42 51
26 45 51
29 48 51
0 32 51
3 35 51
6 38 51
9 41 51
12 44 51
15 47 51
18 50 51
2 21 51
8 9 17
11 12 20
14 15 23
17 18 26
20 21 29
23 24 32
26 27 35
29 30 38
32 33 41
35 36 44
38 39 47
41 42 50
2 44 45
5 47 48
0 8 50
2 3 11
5 6 14
9 25 41
12 28 44
15 31 47
18 34 50
2 21 37
5 24 40
8 27 43
11 30 46
14 33 49
1 17 36
4 20 39
7 23 42
10 26 45
13 29 48
0 16 32
3 19 35
6 22 38
3 36 47
6 39 50
2 9 42
5 12 45
8 15 48
0 11 18
3 14 21
6 17 24
9 20 27
12 23 30
15 26 33
18 29 36
21 32 39
24 35 42
27 38 45
30 41 48
0 33 44
1 30 43
4 33 46
7 36 49
1 10 39
4 13 42
7 16 45
10 19 48
0 13 22
3 16 25
6 19 28
9 22 31
12 25 34
15 28 37
18 31 40
21 34 43
24 37 46
27 40 49
15 29 42
18 32 45
21 35 48
0 24 38
3 27 41
6 30 44
9 33 47
12 36 50
2 15 39
5 18 42
8 21 45
11 24 48
0 14 27
3 17 30
6 20 33
9 23 36
12 26 39
31 34 51
25 40 51
7 46 51
10 31 51
13 19 51
16 22 51
43 49 51
1 28 51
4 37 51
