0 1 3 13 32 36 43 45
0 1 11 14 30 34 41 50
0 2 8 12 31 35 42 51
0 3 10 19 24 25 27 37
0 4 5 7 17 36 40 47
0 6 15 20 21 23 26 33
7 16 26 30 37 45 46 51
0 9 16 28 32 39 48 49
0 18 22 29 38 43 44 46
1 2 4 14 33 37 40 44
1 5 12 21 26 27 29 39
1 6 7 9 19 38 42 49
1 8 17 22 23 25 27 35
1 10 15 16 18 28 47 51
1 20 24 31 40 45 46 48
2 3 5 15 27 34 38 45
2 6 13 22 27 28 30 40
2 7 8 10 20 39 43 50
2 9 14 18 23 24 26 36
2 11 16 17 19 29 33 48
2 21 25 32 41 46 47 49
3 4 6 14 16 35 39 46
3 7 14 23 28 29 31 41
3 8 9 11 21 40 44 51
3 8 12 17 18 20 30 49
3 22 26 33 42 47 48 50
4 8 11 20 25 26 28 38
4 8 15 24 29 30 32 42
4 9 10 12 22 33 41 45
4 13 18 19 21 26 31 50
4 23 27 34 43 48 49 51
5 6 8 14 18 37 41 48
5 14 19 20 22 32 49 51
5 9 16 25 30 31 33 43
5 10 11 13 23 42 46 49
5 24 28 33 35 44 49 50
6 10 17 26 31 32 34 44
6 11 12 24 31 38 43 47
6 25 29 36 45 49 50 51
7 11 18 27 32 33 35 45
7 12 13 14 15 25 44 48
7 8 13 16 21 22 24 34
8 12 19 28 33 34 36 46
16 20 27 31 36 41 42 44
8 19 23 30 39 44 45 47
9 13 20 29 34 35 37 47
9 14 15 17 27 46 47 50
10 14 21 30 35 36 38 48
11 15 22 31 36 37 39 49
12 16 23 32 37 38 40 50
13 17 24 33 38 39 41 51
14 17 21 28 37 42 43 45
10 18 25 29 34 39 40 42
15 19 26 35 40 41 43 49
