0 7 14 17 24 29 42 43 46 47
0 1 3 8 10 29 33 44 48 51
2 6 8 15 27 28 35 36 41 43
9 11 13 22 24 28 31 32 42 48
10 19 24 33 34 40 41 43 44 45
1 2 20 21 22 23 28 30 47 51
8 12 15 18 19 22 26 29 38 43
0 5 8 10 20 26 31 32 47 50
15 16 25 26 30 31 35 40 45 51
8 9 16 25 27 34 37 42 45 47
2 7 8 11 12 34 35 39 44 47
4 22 26 27 33 35 36 46 49 50
0 1 5 6 17 19 22 34 37 49
4 11 12 16 23 26 41 46 47 48
2 3 5 13 16 18 19 24 36 47
0 9 10 18 20 23 24 27 35 36
3 6 9 16 28 29 37 44 46 50
5 10 11 18 25 28 39 42 44 49
3 7 11 15 20 36 38 40 47 49
3 4 6 7 9 18 23 31 32 45
2 4 9 15 20 21 34 42 44 48
14 17 18 30 34 38 45 46 48 50
3 4 5 17 27 29 30 31 39 41
8 19 20 24 32 39 41 45 46 49
0 13 15 16 17 22 23 33 39 44
2 9 12 14 17 26 28 33 40 49
1 7 13 26 29 30 36 42 44 45
1 4 11 14 16 27 32 38 43 44
3 8 14 19 22 23 25 35 38 42
1 4 5 9 15 24 25 38 39 50
0 4 22 36 37 39 40 43 45 48
7 19 21 25 27 31 43 44 48 50
2 10 13 23 29 31 34 38 43 49
6 11 12 13 17 20 25 29 35 48
7 10 14 16 20 22 30 33 37 41
3 12 16 21 24 25 30 32 43 49
10 12 13 14 15 31 36 37 39 46
6 21 24 26 33 37 38 39 42 51
5 7 9 14 20 35 43 48 49 51
1 12 13 18 27 40 41 42 50 51
0 2 9 11 19 25 30 41 46 51
4 6 8 10 11 13 17 21 30 40
2 11 15 18 23 32 33 37 45 50
1 6 14 18 21 25 31 33 36 47
0 5 7 12 21 28 33 38 41 45
1 5 21 23 29 32 35 37 40 46
3 4 17 19 26 28 32 34 36 51
