0 13 16 22 26 34 37
2 15 18 24 28 36 39
4 17 20 26 30 38 41
6 19 22 28 32 40 43
8 21 24 30 34 42 45
10 23 26 32 36 44 47
12 25 28 34 38 46 49
14 27 30 36 40 48 51
1 16 29 32 38 42 50
0 3 18 31 34 40 44
2 5 20 33 36 42 46
4 7 22 35 38 44 48
6 9 24 37 40 46 50
0 8 11 26 39 42 48
2 10 13 28 41 44 50
0 4 12 15 30 43 46
2 6 14 17 32 45 48
4 8 16 19 34 47 50
0 6 10 18 21 36 49
2 8 12 20 23 38 51
1 4 10 14 22 25 40
3 6 12 16 24 27 42
5 8 14 18 26 29 44
7 10 16 20 28 31 46
9 12 18 22 30 33 48
11 14 20 24 32 35 50
1 4 18 20 21 27 28
3 6 20 22 23 29 30
5 8 22 24 25 31 32
7 10 24 26 27 33 34
9 12 26 28 29 35 36
11 14 28 30 31 37 38
13 16 30 32 33 39 40
15 18 32 34 35 41 42
17 20 34 36 37 43 44
19 22 36 38 39 45 46
21 24 38 40 41 47 48
23 26 40 42 43 49 50
0 25 28 42 44 45 51
1 2 27 30 44 46 47
3 4 29 32 46 48 49
5 6 31 34 48 50 51
0 1 7 8 33 36 50
0 2 3 9 10 35 38
2 4 5 11 12 37 40
4 6 7 13 14 39 42
6 8 9 15 16 41 44
8 10 11 17 18 43 46
10 12 13 19 20 45 48
12 14 15 21 22 47 50
0 14 16 17 23 24 49
2 16 18 19 25 26 51
1 7 12 32 37 41 51
1 3 9 14 34 39 43
3 5 11 16 36 41 45
5 7 13 18 38 43 47
7 9 15 20 40 45 49
9 11 17 22 42 47 51
1 11 13 19 24 44 49
3 13 15 21 26 46 51
1 5 15 17 23 28 48
3 7 17 19 25 30 50
0 5 9 19 21 27 32
2 7 11 21 23 29 34
4 9 13 23 25 31 36
6 11 15 25 27 33 38
8 13 17 27 29 35 40
10 15 19 29 31 37 42
12 17 21 31 33 39 44
14 19 23 33 35 41 46
16 21 25 35 37 43 48
18 23 27 37 39 45 50
0 20 25 29 39 41 47
2 22 27 31 41 43 49
4 24 29 33 43 45 51
1 6 26 31 35 45 47
3 8 28 33 37 47 49
5 10 30 35 39 49 51
