5 6 19 21 41
8 9 22 24 44
11 12 25 27 47
14 15 28 30 50
2 17 18 31 33
5 20 21 34 36
8 23 24 37 39
11 26 27 40 42
14 29 30 43 45
17 32 33 46 48
0 20 35 36 49
1 3 23 38 39
4 6 26 41 42
7 9 29 44 45
10 12 32 47 48
0 13 15 35 50
2 3 16 18 38
0 3 7 25 41
3 6 10 28 44
6 9 13 31 47
9 12 16 34 50
2 12 15 19 37
5 15 18 22 40
8 18 21 25 43
11 21 24 28 46
14 24 27 31 49
1 17 27 30 34
4 20 30 33 37
7 23 33 36 40
10 26 36 39 43
13 29 39 42 46
16 32 42 45 49
1 19 35 45 48
0 4 22 38 48
1 5 20 43 49
1 4 8 23 46
4 7 11 26 49
1 7 10 14 29
4 10 13 17 32
7 13 16 20 35
10 16 19 23 38
13 19 22 26 41
16 22 25 29 44
19 25 28 32 47
22 28 31 35 50
2 25 31 34 38
5 28 34 37 41
8 31 37 40 44
11 34 40 43 47
14 37 43 46 50
2 17 40 46 49
9 14 21 35 38
12 17 24 38 41
15 20 27 41 44
18 23 30 44 47
21 26 33 47 50
2 24 29 36 50
2 5 27 32 39
5 8 30 35 42
8 11 33 38 45
11 14 36 41 48
0 14 17 39 44
3 17 20 42 47
6 20 23 45 50
2 9 23 26 48
0 5 12 26 29
3 8 15 29 32
6 11 18 32 35
1 2 21 42 44
4 5 24 45 47
7 8 27 48 50
0 2 10 11 30
3 5 13 14 33
6 8 16 17 36
9 11 19 20 39
12 14 22 23 42
15 17 25 26 45
18 20 28 29 48
0 21 23 31 32
3 24 26 34 35
6 27 29 37 38
9 30 32 40 41
12 33 35 43 44
15 36 38 46 47
18 39 41 49 50
7 32 34 38 50
2 10 35 37 41
5 13 38 40 44
8 16 41 43 47
11 19 44 46 50
2 14 22 47 49
1 5 17 25 50
2 4 8 20 28
5 7 11 23 31
8 10 14 26 34
11 13 17 29 37
14 16 20 32 40
17 19 23 35 43
20 22 26 38 46
23 25 29 41 49
1 26 28 32 44
4 29 31 35 47
6 14 25 37 51
9 17 28 40 51
12 20 31 43 51
15 23 34 46 51
18 26 37 49 51
1 21 29 40 51
4 24 32 43 51
7 27 35 46 51
10 30 38 49 51
1 13 33 41 51
4 16 36 44 51
7 19 39 47 51
10 22 42 50 51
2 13 25 45 51
5 16 28 48 51
0 8 19 31 51
3 11 22 34 51
7 17 21 22 30
10 20 24 25 33
13 23 27 28 36
16 26 30 31 39
19 29 33 34 42
22 32 36 37 45
25 35 39 40 48
0 28 38 42 43
3 31 41 45 46
6 34 44 48 49
0 1 9 37 47
3 4 12 40 50
2 6 7 15 43
5 9 10 18 46
8 12 13 21 49
1 11 15 16 24
4 14 18 19 27
1 12 18 31 36
4 15 21 34 39
7 18 24 37 42
10 21 27 40 45
13 24 30 43 48
0 16 27 33 46
3 19 30 36 49
1 6 22 33 39
4 9 25 36 42
7 12 28 39 45
10 15 31 42 48
0 13 18 34 45
3 16 21 37 48
0 6 19 24 40
3 9 22 27 43
6 12 25 30 46
9 15 28 33 49
