8 17 22 28 35 43
11 20 25 31 38 46
14 23 28 34 41 49
1 17 26 31 37 44
4 20 29 34 40 47
7 23 32 37 43 50
2 10 26 35 40 46
5 13 29 38 43 49
1 8 16 32 41 46
4 11 19 35 44 49
1 7 14 22 38 47
4 10 17 25 41 50
2 7 13 20 28 44
5 10 16 23 31 47
8 13 19 26 34 50
2 11 16 22 29 37
5 14 19 25 32 40
6 20 21 22 25 51
9 23 24 25 28 51
12 26 27 28 31 51
15 29 30 31 34 51
18 32 33 34 37 51
21 35 36 37 40 51
24 38 39 40 43 51
27 41 42 43 46 51
30 44 45 46 49 51
1 33 47 48 49 51
0 1 4 36 50 51
2 3 4 7 39 51
5 6 7 10 42 51
8 9 10 13 45 51
11 12 13 16 48 51
0 14 15 16 19 51
3 17 18 19 22 51
1 3 5 21 33 46
4 6 8 24 36 49
1 7 9 11 27 39
4 10 12 14 30 42
7 13 15 17 33 45
10 16 18 20 36 48
0 13 19 21 23 39
3 16 22 24 26 42
6 19 25 27 29 45
9 22 28 30 32 48
0 12 25 31 33 35
3 15 28 34 36 38
6 18 31 37 39 41
9 21 34 40 42 44
12 24 37 43 45 47
15 27 40 46 48 50
0 2 18 30 43 49
2 5 17 23 27 36
5 8 20 26 30 39
8 11 23 29 33 42
11 14 26 32 36 45
14 17 29 35 39 48
0 17 20 32 38 42
3 20 23 35 41 45
6 23 26 38 44 48
0 9 26 29 41 47
3 12 29 32 44 50
2 6 15 32 35 47
5 9 18 35 38 50
2 8 12 21 38 41
5 11 15 24 41 44
8 14 18 27 44 47
11 17 21 30 47 50
2 14 20 24 33 50
6 16 28 33 39 50
2 9 19 31 36 42
5 12 22 34 39 45
8 15 25 37 42 48
0 11 18 28 40 45
3 14 21 31 43 48
0 6 17 24 34 46
3 9 20 27 37 49
1 6 12 23 30 40
4 9 15 26 33 43
7 12 18 29 36 46
10 15 21 32 39 49
1 13 18 24 35 42
4 16 21 27 38 45
7 19 24 30 41 48
0 10 22 27 33 44
3 13 25 30 36 47
1 12 15 19 20 43
4 15 18 22 23 46
7 18 21 25 26 49
1 10 21 24 28 29
4 13 24 27 31 32
7 16 27 30 34 35
10 19 30 33 37 38
13 22 33 36 40 41
16 25 36 39 43 44
19 28 39 42 46 47
22 31 42 45 49 50
1 2 25 34 45 48
0 4 5 28 37 48
0 3 7 8 31 40
3 6 10 11 34 43
6 9 13 14 37 46
9 12 16 17 40 49
