3 15 29 32
4 16 30 33
5 17 31 34
6 18 32 35
7 19 33 36
8 20 34 37
9 21 35 38
10 22 36 39
11 23 37 40
12 24 38 41
13 25 39 42
14 26 40 43
15 27 41 44
16 28 42 45
17 29 43 46
18 30 44 47
19 31 45 48
20 32 46 49
21 33 47 50
0 22 34 48
1 23 35 49
2 24 36 50
0 3 25 37
1 4 26 38
2 5 27 39
3 6 28 40
4 7 29 41
5 8 30 42
6 9 31 43
7 10 32 44
8 11 33 45
9 12 34 46
10 13 35 47
11 14 36 48
12 15 37 49
13 16 38 50
0 14 17 39
1 15 18 40
2 16 19 41
3 17 20 42
4 18 21 43
5 19 22 44
6 20 23 45
7 21 24 46
8 22 25 47
9 23 26 48
10 24 27 49
11 25 28 50
0 12 26 29
1 13 27 30
2 14 28 31
22 41 49 50
0 23 42 50
0 1 24 43
1 2 25 44
2 3 26 45
3 4 27 46
4 5 28 47
5 6 29 48
6 7 30 49
7 8 31 50
0 8 9 32
1 9 10 33
2 10 11 34
3 11 12 35
4 12 13 36
5 13 14 37
6 14 15 38
7 15 16 39
8 16 17 40
9 17 18 41
10 18 19 42
11 19 20 43
12 20 21 44
13 21 22 45
14 22 23 46
15 23 24 47
16 24 25 48
17 25 26 49
18 26 27 50
0 19 27 28
1 20 28 29
2 21 29 30
3 22 30 31
4 23 31 32
5 24 32 33
6 25 33 34
7 26 34 35
8 27 35 36
9 28 36 37
10 29 37 38
11 30 38 39
12 31 39 40
13 32 40 41
14 33 41 42
15 34 42 43
16 35 43 44
17 36 44 45
18 37 45 46
19 38 46 47
20 39 47 48
21 40 48 49
15 26 28 33
16 27 29 34
17 28 30 35
18 29 31 36
19 30 32 37
20 31 33 38
21 32 34 39
22 33 35 40
23 34 36 41
24 35 37 42
25 36 38 43
26 37 39 44
27 38 40 45
28 39 41 46
29 40 42 47
30 41 43 48
31 42 44 49
32 43 45 50
0 33 44 46
1 34 45 47
2 35 46 48
3 36 47 49
4 37 48 50
0 5 38 49
1 6 39 50
0 2 7 40
1 3 8 41
2 4 9 42
3 5 10 43
4 6 11 44
5 7 12 45
6 8 13 46
7 9 14 47
8 10 15 48
9 11 16 49
10 12 17 50
0 11 13 18
1 12 14 19
2 13 15 20
3 14 16 21
4 15 17 22
5 16 18 23
6 17 19 24
7 18 20 25
8 19 21 26
9 20 22 27
10 21 23 28
11 22 24 29
12 23 25 30
13 24 26 31
14 25 27 32
8 28 43 49
9 29 44 50
0 10 30 45
1 11 31 46
2 12 32 47
3 13 33 48
4 14 34 49
5 15 35 50
0 6 16 36
1 7 17 37
2 8 18 38
3 9 19 39
4 10 20 40
5 11 21 41
6 12 22 42
7 13 23 43
8 14 24 44
9 15 25 45
10 16 26 46
11 17 27 47
12 18 28 48
13 19 29 49
14 20 30 50
0 15 21 31
1 16 22 32
2 17 23 33
3 18 24 34
4 19 25 35
5 20 26 36
6 21 27 37
7 22 28 38
8 23 29 39
9 24 30 40
10 25 31 41
11 26 32 42
12 27 33 43
13 28 34 44
14 29 35 45
15 30 36 46
16 31 37 47
17 32 38 48
18 33 39 49
19 34 40 50
0 20 35 41
1 21 36 42
2 22 37 43
3 23 38 44
4 24 39 45
5 25 40 46
6 26 41 47
7 27 42 48
26 30 39 51
11 14 15 19
0 4 8 51
38 42 46 51
22 37 41 51
3 7 50 51
41 45 46 50
6 10 14 51
32 35 36 39
9 13 17 21
1 5 9 51
40 44 48 51
21 25 29 51
0 39 43 47
13 34 43 51
17 45 49 51
27 31 36 40
0 1 6 48
19 23 27 51
16 20 24 29
29 33 37 51
15 31 35 51
2 6 49 51
8 12 16 51
7 11 36 51
14 18 22 26
18 20 47 51
24 28 32 51
14 30 34 38
