0 3 6 10 11 19 38 40
1 4 7 11 12 20 39 41
2 5 8 12 13 21 40 42
3 6 9 13 14 22 41 43
4 7 10 14 15 23 42 44
5 8 11 15 16 24 43 45
6 9 12 16 17 25 44 46
7 10 13 17 18 26 45 47
8 11 14 18 19 27 46 48
9 12 15 19 20 28 47 49
10 13 16 20 21 29 48 50
11 14 17 21 22 30 49 51
0 12 15 18 22 23 31 50
1 13 16 19 23 24 32 51
0 2 14 17 20 24 25 33
1 3 15 18 21 25 26 34
2 4 16 19 22 26 27 35
3 5 17 20 23 27 28 36
4 6 18 21 24 28 29 37
5 7 19 22 25 29 30 38
6 8 20 23 26 30 31 39
7 9 21 24 27 31 32 40
8 10 22 25 28 32 33 41
9 11 23 26 29 33 34 42
10 12 24 27 30 34 35 43
11 13 25 28 31 35 36 44
12 14 26 29 32 36 37 45
13 15 27 30 33 37 38 46
14 16 28 31 34 38 39 47
15 17 29 32 35 39 40 48
16 18 30 33 36 40 41 49
17 19 31 34 37 41 42 50
18 20 32 35 38 42 43 51
0 19 21 33 36 39 43 44
1 20 22 34 37 40 44 45
2 21 23 35 38 41 45 46
3 22 24 36 39 42 46 47
4 23 25 37 40 43 47 48
5 24 26 38 41 44 48 49
6 25 27 39 42 45 49 50
7 26 28 40 43 46 50 51
0 8 27 29 41 44 47 51
0 1 9 28 30 42 45 48
1 2 10 29 31 43 46 49
2 3 11 30 32 44 47 50
3 4 12 31 33 45 48 51
0 4 5 13 32 34 46 49
1 5 6 14 33 35 47 50
2 6 7 15 34 36 48 51
0 3 7 8 16 35 37 49
1 4 8 9 17 36 38 50
2 5 9 10 18 37 39 51
7 11 23 33 34 35 49 52
5 6 19 20 34 40 45 46
2 3 13 15 19 30 41 52
9 14 18 23 27 40 49 52
16 20 22 36 42 46 48 52
0 2 6 12 26 28 32 52
17 19 21 32 43 45 47 52
1 3 12 16 27 29 38 52
4 18 24 28 30 44 50 52
0 1 10 11 36 37 47 52
4 5 9 10 22 31 35 52
8 13 25 34 38 39 51 52
