4 8 9 21 24 26 32 35 42
5 9 10 22 25 27 33 36 43
6 10 11 23 26 28 34 37 44
7 11 12 24 27 29 35 38 45
8 12 13 25 28 30 36 39 46
9 13 14 26 29 31 37 40 47
10 14 15 27 30 32 38 41 48
11 15 16 28 31 33 39 42 49
12 16 17 29 32 34 40 43 50
13 17 18 30 33 35 41 44 51
14 18 19 31 34 36 42 45 52
0 15 19 20 32 35 37 43 46
1 16 20 21 33 36 38 44 47
2 17 21 22 34 37 39 45 48
3 18 22 23 35 38 40 46 49
4 19 23 24 36 39 41 47 50
5 20 24 25 37 40 42 48 51
6 21 25 26 38 41 43 49 52
0 7 22 26 27 39 42 44 50
1 8 23 27 28 40 43 45 51
2 9 24 28 29 41 44 46 52
0 3 10 25 29 30 42 45 47
1 4 11 26 30 31 43 46 48
2 5 12 27 31 32 44 47 49
3 6 13 28 32 33 45 48 50
4 7 14 29 33 34 46 49 51
5 8 15 30 34 35 47 50 52
0 6 9 16 31 35 36 48 51
1 7 10 17 32 36 37 49 52
0 2 8 11 18 33 37 38 50
1 3 9 12 19 34 38 39 51
2 4 10 13 20 35 39 40 52
0 3 5 11 14 21 36 40 41
1 4 6 12 15 22 37 41 42
2 5 7 13 16 23 38 42 43
3 6 8 14 17 24 39 43 44
4 7 9 15 18 25 40 44 45
5 8 10 16 19 26 41 45 46
6 9 11 17 20 27 42 46 47
7 10 12 18 21 28 43 47 48
8 11 13 19 22 29 44 48 49
9 12 14 20 23 30 45 49 50
10 13 15 21 24 31 46 50 51
11 14 16 22 25 32 47 51 52
0 12 15 17 23 26 33 48 52
0 1 13 16 18 24 27 34 49
1 2 14 17 19 25 28 35 50
2 3 15 18 20 26 29 36 51
3 4 16 19 21 27 30 37 52
0 4 5 17 20 22 28 31 38
1 5 6 18 21 23 29 32 39
2 6 7 19 22 24 30 33 40
3 7 8 20 23 25 31 34 41
