0 10 30
1 11 31
2 12 32
3 13 33
4 14 34
5 15 35
6 16 36
7 17 37
8 18 38
9 19 39
10 20 40
11 21 41
12 22 42
13 23 43
14 24 44
15 25 45
16 26 46
17 27 47
18 28 48
19 29 49
20 30 50
21 31 51
22 32 52
0 23 33
1 24 34
2 25 35
3 26 36
4 27 37
5 28 38
6 29 39
7 30 40
8 31 41
9 32 42
10 33 43
11 34 44
12 35 45
13 36 46
14 37 47
15 38 48
16 39 49
17 40 50
18 41 51
19 42 52
0 20 43
1 21 44
2 22 45
3 23 46
4 24 47
5 25 48
6 26 49
7 27 50
8 28 51
9 29 52
17 23 38
18 24 39
19 25 40
20 26 41
21 27 42
22 28 43
23 29 44
24 30 45
25 31 46
26 32 47
27 33 48
28 34 49
29 35 50
30 36 51
31 37 52
0 32 38
1 33 39
2 34 40
3 35 41
4 36 42
5 37 43
6 38 44
7 39 45
8 40 46
9 41 47
10 42 48
11 43 49
12 44 50
13 45 51
14 46 52
0 15 47
1 16 48
2 17 49
3 18 50
4 19 51
5 20 52
0 6 21
1 7 22
2 8 23
3 9 24
4 10 25
5 11 26
6 12 27
7 13 28
8 14 29
9 15 30
10 16 31
11 17 32
12 18 33
13 19 34
14 20 35
15 21 36
16 22 37
19 32 48
20 33 49
21 34 50
22 35 51
23 36 52
0 24 37
1 25 38
2 26 39
3 27 40
4 28 41
5 29 42
6 30 43
7 31 44
8 32 45
9 33 46
10 34 47
11 35 48
12 36 49
13 37 50
14 38 51
15 39 52
0 16 40
1 17 41
2 18 42
3 19 43
4 20 44
5 21 45
6 22 46
7 23 47
8 24 48
9 25 49
10 26 50
11 27 51
12 28 52
0 13 29
1 14 30
2 15 31
3 16 32
4 17 33
5 18 34
6 19 35
7 20 36
8 21 37
9 22 38
10 23 39
11 24 40
12 25 41
13 26 42
14 27 43
15 28 44
16 29 45
17 30 46
18 31 47
22 26 44
23 27 45
24 28 46
25 29 47
26 30 48
27 31 49
28 32 50
29 33 51
30 34 52
0 31 35
1 32 36
2 33 37
3 34 38
4 35 39
5 36 40
6 37 41
7 38 42
8 39 43
9 40 44
10 41 45
11 42 46
12 43 47
13 44 48
14 45 49
15 46 50
16 47 51
17 48 52
0 18 49
1 19 50
2 20 51
3 21 52
0 4 22
1 5 23
2 6 24
3 7 25
4 8 26
5 9 27
6 10 28
7 11 29
8 12 30
9 13 31
10 14 32
11 15 33
12 16 34
13 17 35
14 18 36
15 19 37
16 20 38
17 21 39
18 22 40
19 23 41
20 24 42
21 25 43
22 27 36
23 28 37
24 29 38
25 30 39
26 31 40
27 32 41
28 33 42
29 34 43
30 35 44
31 36 45
32 37 46
33 38 47
34 39 48
35 40 49
36 41 50
37 42 51
38 43 52
0 39 44
1 40 45
2 41 46
3 42 47
4 43 48
5 44 49
6 45 50
7 46 51
8 47 52
0 9 48
1 10 49
2 11 50
3 12 51
4 13 52
0 5 14
1 6 15
2 7 16
3 8 17
4 9 18
5 10 19
6 11 20
7 12 21
8 13 22
9 14 23
10 15 24
11 16 25
12 17 26
13 18 27
14 19 28
15 20 29
16 21 30
17 22 31
18 23 32
19 24 33
20 25 34
21 26 35
7 35 43
8 36 44
9 37 45
10 38 46
11 39 47
12 40 48
13 41 49
14 42 50
15 43 51
16 44 52
0 17 45
1 18 46
2 19 47
3 20 48
4 21 49
5 22 50
6 23 51
7 24 52
0 8 25
1 9 26
2 10 27
3 11 28
4 12 29
5 13 30
6 14 31
7 15 32
8 16 33
9 17 34
10 18 35
11 19 36
12 20 37
13 21 38
14 22 39
15 23 40
16 24 41
17 25 42
18 26 43
19 27 44
20 28 45
21 29 46
22 30 47
23 31 48
24 32 49
25 33 50
26 34 51
27 35 52
0 28 36
1 29 37
2 30 38
3 31 39
4 32 40
5 33 41
6 34 42
5 6 8
6 7 9
7 8 10
8 9 11
9 10 12
10 11 13
11 12 14
12 13 15
13 14 16
14 15 17
15 16 18
16 17 19
17 18 20
18 19 21
19 20 22
20 21 23
21 22 24
22 23 25
23 24 26
24 25 27
25 26 28
26 27 29
27 28 30
28 29 31
29 30 32
30 31 33
31 32 34
32 33 35
33 34 36
34 35 37
35 36 38
36 37 39
37 38 40
38 39 41
39 40 42
40 41 43
41 42 44
42 43 45
43 44 46
44 45 47
45 46 48
46 47 49
47 48 50
48 49 51
49 50 52
0 50 51
1 51 52
0 2 52
0 1 3
1 2 4
2 3 5
3 4 6
4 5 7
4 11 23
5 12 24
6 13 25
7 14 26
8 15 27
9 16 28
10 17 29
11 18 30
12 19 31
13 20 32
14 21 33
15 22 34
16 23 35
17 24 36
18 25 37
19 26 38
20 27 39
21 28 40
22 29 41
23 30 42
24 31 43
25 32 44
26 33 45
27 34 46
28 35 47
29 36 48
30 37 49
31 38 50
32 39 51
33 40 52
0 34 41
1 35 42
2 36 43
3 37 44
4 38 45
5 39 46
6 40 47
7 41 48
8 42 49
9 43 50
10 44 51
11 45 52
0 12 46
1 13 47
2 14 48
3 15 49
4 16 50
5 17 51
6 18 52
0 7 19
1 8 20
2 9 21
3 10 22
4 30 46
5 31 47
6 32 48
7 33 49
8 34 50
9 35 51
10 36 52
0 11 37
1 12 38
2 13 39
3 14 40
4 15 41
5 16 42
6 17 43
7 18 44
8 19 45
9 20 46
10 21 47
11 22 48
12 23 49
13 24 50
14 25 51
15 26 52
0 16 27
1 17 28
2 18 29
3 19 30
4 20 31
5 21 32
6 22 33
7 23 34
8 24 35
9 25 36
10 26 37
11 27 38
12 28 39
13 29 40
14 30 41
15 31 42
16 32 43
17 33 44
18 34 45
19 35 46
20 36 47
21 37 48
22 38 49
23 39 50
24 40 51
25 41 52
0 26 42
1 27 43
2 28 44
3 29 45
