3 5 16 28 33 36 37 48 50 51
0 3 5 6 12 18 19 21 22 24
3 8 11 15 19 20 23 30 33 52
4 5 6 9 24 25 27 32 37 38
0 8 13 29 30 36 37 38 46 49
3 8 10 21 25 26 31 42 48 49
0 17 22 23 26 31 32 33 43 44
12 25 30 32 39 40 44 47 48 51
10 12 20 24 31 35 36 38 40 45
3 4 14 16 17 27 40 41 42 47
9 17 18 21 23 28 29 30 38 50
2 3 13 16 20 21 32 38 43 45
1 3 5 7 10 11 29 30 32 44
2 6 7 21 23 34 36 40 47 49
4 6 11 13 18 31 44 45 51 52
12 19 25 29 35 37 43 44 47 50
1 6 10 14 26 28 38 43 46 47
4 20 22 26 29 32 34 37 39 51
5 9 13 15 16 26 30 31 45 47
5 8 9 14 18 40 41 43 49 51
1 2 8 12 16 22 23 37 42 47
0 1 4 7 11 16 17 18 25 36
11 18 21 27 33 35 43 46 47 51
5 8 13 14 17 23 24 35 39 48
4 7 8 9 10 24 33 34 44 50
11 22 23 24 25 28 45 46 49 51
2 4 14 19 22 30 35 36 43 48
0 1 15 24 29 34 40 43 45 48
5 16 17 19 34 38 44 46 49 52
2 5 11 12 26 27 34 36 42 50
6 8 10 16 22 27 28 29 31 39
2 11 14 15 21 28 31 37 40 44
1 7 21 31 39 41 43 46 50 52
3 15 18 25 27 30 34 35 39 49
1 6 14 20 27 32 33 45 49 50
7 13 15 22 38 40 42 43 50 51
3 6 7 9 12 15 17 20 46 48
4 10 15 18 19 23 32 36 41 46
6 16 24 26 30 35 36 41 42 44
10 12 13 14 25 29 33 34 41 52
9 11 22 33 36 38 39 41 48 52
0 2 10 17 19 37 39 41 45 51
0 4 5 12 20 21 28 41 49 50
7 18 19 23 26 27 37 40 48 52
1 9 13 19 28 31 34 35 42 51
2 18 20 25 29 33 39 40 42 46
0 7 8 14 28 32 35 42 45 52
0 2 9 13 20 24 27 44 47 52
