13 15 20 40 51 52
0 14 16 21 41 52
0 1 15 17 22 42
1 2 16 18 23 43
2 3 17 19 24 44
3 4 18 20 25 45
4 5 19 21 26 46
5 6 20 22 27 47
6 7 21 23 28 48
7 8 22 24 29 49
8 9 23 25 30 50
9 10 24 26 31 51
10 11 25 27 32 52
0 11 12 26 28 33
1 12 13 27 29 34
2 13 14 28 30 35
3 14 15 29 31 36
4 15 16 30 32 37
5 16 17 31 33 38
6 17 18 32 34 39
7 18 19 33 35 40
8 19 20 34 36 41
9 20 21 35 37 42
10 21 22 36 38 43
11 22 23 37 39 44
12 23 24 38 40 45
13 24 25 39 41 46
14 25 26 40 42 47
15 26 27 41 43 48
16 27 28 42 44 49
17 28 29 43 45 50
18 29 30 44 46 51
19 30 31 45 47 52
0 20 31 32 46 48
1 21 32 33 47 49
2 22 33 34 48 50
3 23 34 35 49 51
4 24 35 36 50 52
0 5 25 36 37 51
1 6 26 37 38 52
0 2 7 27 38 39
1 3 8 28 39 40
2 4 9 29 40 41
3 5 10 30 41 42
4 6 11 31 42 43
5 7 12 32 43 44
6 8 13 33 44 45
7 9 14 34 45 46
8 10 15 35 46 47
9 11 16 36 47 48
10 12 17 37 48 49
11 13 18 38 49 50
12 14 19 39 50 51
1 20 36 41 44 50
2 21 37 42 45 51
3 22 38 43 46 52
0 4 23 39 44 47
1 5 24 40 45 48
2 6 25 41 46 49
3 7 26 42 47 50
4 8 27 43 48 51
5 9 28 44 49 52
0 6 10 29 45 50
1 7 11 30 46 51
2 8 12 31 47 52
0 3 9 13 32 48
1 4 10 14 33 49
2 5 11 15 34 50
3 6 12 16 35 51
4 7 13 17 36 52
0 5 8 14 18 37
1 6 9 15 19 38
2 7 10 16 20 39
3 8 11 17 21 40
4 9 12 18 22 41
5 10 13 19 23 42
6 11 14 20 24 43
7 12 15 21 25 44
8 13 16 22 26 45
9 14 17 23 27 46
10 15 18 24 28 47
11 16 19 25 29 48
12 17 20 26 30 49
13 18 21 27 31 50
14 19 22 28 32 51
15 20 23 29 33 52
0 16 21 24 30 34
1 17 22 25 31 35
2 18 23 26 32 36
3 19 24 27 33 37
4 20 25 28 34 38
5 21 26 29 35 39
6 22 27 30 36 40
7 23 28 31 37 41
8 24 29 32 38 42
9 25 30 33 39 43
10 26 31 34 40 44
11 27 32 35 41 45
12 28 33 36 42 46
13 29 34 37 43 47
14 30 35 38 44 48
15 31 36 39 45 49
16 32 37 40 46 50
17 33 38 41 47 51
18 34 39 42 48 52
0 19 35 40 43 49
