16 18 23 41 49
1 20 22 27 45
5 24 26 31 49
1 9 28 30 35
5 13 32 34 39
9 17 36 38 43
13 21 40 42 47
17 25 44 46 51
3 21 29 48 50
0 2 7 25 33
4 6 11 29 37
8 10 15 33 41
12 14 19 37 45
25 36 41 42 45
29 40 45 46 49
1 33 44 49 50
1 2 5 37 48
0 5 6 9 41
4 9 10 13 45
8 13 14 17 49
1 12 17 18 21
5 16 21 22 25
9 20 25 26 29
13 24 29 30 33
17 28 33 34 37
21 32 37 38 41
2 8 24 39 45
6 12 28 43 49
1 10 16 32 47
5 14 20 36 51
3 9 18 24 40
7 13 22 28 44
11 17 26 32 48
0 15 21 30 36
4 19 25 34 40
8 23 29 38 44
12 27 33 42 48
0 16 31 37 46
4 20 35 41 50
7 9 31 43 50
2 11 13 35 47
6 15 17 39 51
3 10 19 21 43
7 14 23 25 47
11 18 27 29 51
3 15 22 31 33
7 19 26 35 37
11 23 30 39 41
15 27 34 43 45
19 31 38 47 49
1 23 35 42 51
3 5 27 39 46
10 17 29 31 42
14 21 33 35 46
18 25 37 39 50
2 22 29 41 43
6 26 33 45 47
10 30 37 49 51
1 3 14 34 41
5 7 18 38 45
9 11 22 42 49
1 13 15 26 46
5 17 19 30 50
2 9 21 23 34
6 13 25 27 38
4 22 30 34 48
0 8 26 34 38
4 12 30 38 42
8 16 34 42 46
12 20 38 46 50
2 16 24 42 50
2 6 20 28 46
6 10 24 32 50
2 10 14 28 36
6 14 18 32 40
10 18 22 36 44
14 22 26 40 48
0 18 26 30 44
2 3 26 38 51
3 6 7 30 42
7 10 11 34 46
11 14 15 38 50
2 15 18 19 42
6 19 22 23 46
10 23 26 27 50
2 14 27 30 31
6 18 31 34 35
10 22 35 38 39
14 26 39 42 43
18 30 43 46 47
22 34 47 50 51
4 5 23 33 43
8 9 27 37 47
12 13 31 41 51
3 16 17 35 45
7 20 21 39 49
1 11 24 25 43
5 15 28 29 47
9 19 32 33 51
3 13 23 36 37
7 17 27 40 41
11 21 31 44 45
15 25 35 48 49
0 1 19 29 39
7 22 24 37 52
11 26 28 41 52
15 30 32 45 52
19 34 36 49 52
1 23 38 40 52
5 27 42 44 52
9 31 46 48 52
0 13 35 50 52
2 4 17 39 52
6 8 21 43 52
10 12 25 47 52
14 16 29 51 52
3 18 20 33 52
8 11 19 20 30
12 15 23 24 34
16 19 27 28 38
20 23 31 32 42
24 27 35 36 46
28 31 39 40 50
2 32 35 43 44
6 36 39 47 48
0 10 40 43 51
3 4 14 44 47
7 8 18 48 51
0 3 11 12 22
4 7 15 16 26
1 4 8 31 36
5 8 12 35 40
9 12 16 39 44
13 16 20 43 48
0 17 20 24 47
4 21 24 28 51
3 8 25 28 32
7 12 29 32 36
11 16 33 36 40
15 20 37 40 44
19 24 41 44 48
0 23 28 45 48
0 4 27 32 49
4 13 18 19 46
8 17 22 23 50
2 12 21 26 27
6 16 25 30 31
10 20 29 34 35
14 24 33 38 39
18 28 37 42 43
22 32 41 46 47
26 36 45 50 51
2 3 30 40 49
1 6 7 34 44
5 10 11 38 48
0 9 14 15 42
