0 13 21 23 35 42 43
1 2 6 11 22 29 51
2 7 12 17 28 45 47
3 4 8 23 26 29 31
1 5 21 24 25 32 47
9 15 21 26 36 44 51
2 4 10 20 32 33 44
6 8 14 37 44 47 52
5 15 18 27 37 40 50
5 6 7 16 26 43 46
15 16 31 32 39 48 52
1 8 10 36 39 41 45
8 11 13 18 28 30 46
6 17 19 27 32 38 46
3 11 16 25 28 33 34
2 5 9 13 28 39 41
5 12 20 23 30 48 51
0 14 15 25 33 45 46
3 12 19 36 39 43 44
7 29 33 38 41 42 50
4 9 11 14 24 27 49
1 4 14 16 17 18 42
0 2 26 34 49 50 52
12 13 20 25 29 50 52
1 7 10 19 30 35 52
19 22 24 26 28 42 48
11 19 20 31 37 42 45
11 12 26 32 35 37 41
9 17 19 23 34 48 50
5 6 28 31 33 35 36
0 3 5 38 44 45 52
14 21 30 31 34 41 43
18 22 25 31 38 43 51
1 15 20 23 28 38 49
6 25 30 39 40 42 49
11 14 22 23 39 46 47
3 10 14 28 35 50 51
1 8 9 27 33 43 52
4 8 10 17 25 26 43
2 3 4 21 27 30 38
4 6 13 34 45 48 51
28 29 32 37 43 45 49
5 10 21 29 34 46 47
8 15 20 22 32 34 42
2 5 8 16 19 49 51
4 15 19 25 35 41 47
7 13 18 24 31 44 49
2 14 18 25 29 36 48
17 23 24 33 37 46 51
3 6 9 17 18 20 47
12 27 31 36 42 47 51
4 7 21 28 37 39 50
11 15 17 29 30 41 44
1 12 14 24 34 38 40
1 3 13 25 36 37 46
18 23 27 34 35 39 45
2 6 10 15 24 40 43
0 3 10 22 30 31 37
0 4 7 11 20 34 36
13 26 30 33 38 39 47
6 8 12 21 23 44 50
7 9 14 20 26 35 45
0 6 12 16 18 32 41
1 2 31 35 44 46 50
11 16 36 38 43 47 50
12 13 15 16 21 22 45
7 9 23 25 31 32 38
0 1 26 27 28 44 48
16 20 24 27 29 35 39
18 19 20 21 26 33 40
17 21 22 35 36 49 52
2 8 35 37 38 40 48
5 10 11 18 38 42 52
3 5 13 14 17 32 40
0 9 19 29 40 43 47
20 41 43 46 48 49 50
9 16 30 34 37 42 44
4 28 40 41 46 51 52
4 5 9 12 22 33 49
9 10 12 29 42 46 48
3 7 15 33 47 48 49
11 17 21 31 40 45 48
0 10 16 23 36 40 49
7 22 25 27 40 41 44
2 3 23 24 41 42 52
0 7 8 17 24 39 51
10 13 14 19 27 32 51
22 24 30 32 36 45 50
