6 21 40 42
10 25 44 46
14 29 48 50
0 2 18 33
4 6 22 37
8 10 26 41
12 14 30 45
16 18 34 49
1 20 22 38
5 24 26 42
9 28 30 46
13 32 34 50
2 17 36 38
16 20 25 28
20 24 29 32
24 28 33 36
28 32 37 40
32 36 41 44
36 40 45 48
0 40 44 49
1 4 44 48
0 5 8 48
0 4 9 12
4 8 13 16
8 12 17 20
12 16 21 24
31 41 46 50
2 35 45 50
2 6 39 49
1 6 10 43
5 10 14 47
9 14 18 51
3 13 18 22
7 17 22 26
11 21 26 30
15 25 30 34
19 29 34 38
23 33 38 42
27 37 42 46
18 21 29 44
22 25 33 48
0 26 29 37
4 30 33 41
8 34 37 45
12 38 41 49
1 16 42 45
5 20 46 49
1 9 24 50
2 5 13 28
6 9 17 32
10 13 21 36
14 17 25 40
13 29 33 46
17 33 37 50
2 21 37 41
6 25 41 45
10 29 45 49
1 14 33 49
1 5 18 37
5 9 22 41
9 13 26 45
13 17 30 49
1 17 21 34
5 21 25 38
9 25 29 42
0 13 42 51
3 4 17 46
7 8 21 50
2 11 12 25
6 15 16 29
10 19 20 33
14 23 24 37
18 27 28 41
22 31 32 45
26 35 36 49
1 30 39 40
5 34 43 44
9 38 47 48
1 35 41 51
3 5 39 45
7 9 43 49
1 11 13 47
5 15 17 51
3 9 19 21
7 13 23 25
11 17 27 29
15 21 31 33
19 25 35 37
23 29 39 41
27 33 43 45
31 37 47 49
12 19 26 52
16 23 30 52
20 27 34 52
24 31 38 52
28 35 42 52
32 39 46 52
36 43 50 52
2 40 47 52
6 44 51 52
3 10 48 52
0 7 14 52
4 11 18 52
8 15 22 52
18 19 38 46
22 23 42 50
2 26 27 46
6 30 31 50
2 10 34 35
6 14 38 39
10 18 42 43
14 22 46 47
18 26 50 51
2 3 22 30
6 7 26 34
10 11 30 38
14 15 34 42
26 33 39 44
30 37 43 48
0 34 41 47
4 38 45 51
3 8 42 49
1 7 12 46
5 11 16 50
2 9 15 20
6 13 19 24
10 17 23 28
14 21 27 32
18 25 31 36
22 29 35 40
1 3 29 36
5 7 33 40
9 11 37 44
13 15 41 48
0 17 19 45
4 21 23 49
1 8 25 27
5 12 29 31
9 16 33 35
13 20 37 39
17 24 41 43
21 28 45 47
25 32 49 51
3 20 26 31
7 24 30 35
11 28 34 39
15 32 38 43
19 36 42 47
23 40 46 51
3 27 44 50
2 7 31 48
0 6 11 35
4 10 15 39
8 14 19 43
12 18 23 47
16 22 27 51
2 4 32 42
6 8 36 46
10 12 40 50
2 14 16 44
6 18 20 48
0 10 22 24
4 14 26 28
8 18 30 32
12 22 34 36
16 26 38 40
20 30 42 44
24 34 46 48
0 28 38 50
2 8 24 51
3 6 12 28
7 10 16 32
11 14 20 36
15 18 24 40
19 22 28 44
23 26 32 48
0 27 30 36
4 31 34 40
8 35 38 44
12 39 42 48
0 16 43 46
4 20 47 50
13 14 31 35
17 18 35 39
21 22 39 43
25 26 43 47
29 30 47 51
3 33 34 51
3 7 37 38
7 11 41 42
11 15 45 46
15 19 49 50
1 2 19 23
5 6 23 27
9 10 27 31
15 16 36 37
19 20 40 41
23 24 44 45
27 28 48 49
0 1 31 32
4 5 35 36
8 9 39 40
12 13 43 44
16 17 47 48
0 20 21 51
3 4 24 25
7 8 28 29
11 12 32 33
6 8 33 47
10 12 37 51
3 14 16 41
7 18 20 45
11 22 24 49
1 15 26 28
5 19 30 32
9 23 34 36
13 27 38 40
17 31 42 44
21 35 46 48
0 25 39 50
2 4 29 43
7 15 44 47
11 19 48 51
0 3 15 23
4 7 19 27
8 11 23 31
12 15 27 35
16 19 31 39
20 23 35 43
24 27 39 47
28 31 43 51
3 32 35 47
7 36 39 51
3 11 40 43
5 13 29 52
7 17 33 52
1 25 49 52
1 21 41 52
9 37 45 52
