2 15 16 17 21 25 27 38 41
4 17 18 19 23 27 29 40 43
6 19 20 21 25 29 31 42 45
8 21 22 23 27 31 33 44 47
10 23 24 25 29 33 35 46 49
12 25 26 27 31 35 37 48 51
14 27 28 29 33 37 39 50 53
1 16 29 30 31 35 39 41 52
0 3 18 31 32 33 37 41 43
2 5 20 33 34 35 39 43 45
4 7 22 35 36 37 41 45 47
6 9 24 37 38 39 43 47 49
8 11 26 39 40 41 45 49 51
10 13 28 41 42 43 47 51 53
1 12 15 30 43 44 45 49 53
1 3 14 17 32 45 46 47 51
3 5 16 19 34 47 48 49 53
1 5 7 18 21 36 49 50 51
3 7 9 20 23 38 51 52 53
0 1 5 9 11 22 25 40 53
1 2 3 7 11 13 24 27 42
3 4 5 9 13 15 26 29 44
5 6 7 11 15 17 28 31 46
7 8 9 13 17 19 30 33 48
9 10 11 15 19 21 32 35 50
11 12 13 17 21 23 34 37 52
0 13 14 15 19 23 25 36 39
2 10 17 20 24 26 31 36 53
1 4 12 19 22 26 28 33 38
3 6 14 21 24 28 30 35 40
5 8 16 23 26 30 32 37 42
7 10 18 25 28 32 34 39 44
9 12 20 27 30 34 36 41 46
11 14 22 29 32 36 38 43 48
13 16 24 31 34 38 40 45 50
15 18 26 33 36 40 42 47 52
0 17 20 28 35 38 42 44 49
2 19 22 30 37 40 44 46 51
4 21 24 32 39 42 46 48 53
1 6 23 26 34 41 44 48 50
3 8 25 28 36 43 46 50 52
0 5 10 27 30 38 45 48 52
0 2 7 12 29 32 40 47 50
2 4 9 14 31 34 42 49 52
0 4 6 11 16 33 36 44 51
2 6 8 13 18 35 38 46 53
1 4 8 10 15 20 37 40 48
3 6 10 12 17 22 39 42 50
5 8 12 14 19 24 41 44 52
0 7 10 14 16 21 26 43 46
2 9 12 16 18 23 28 45 48
4 11 14 18 20 25 30 47 50
6 13 16 20 22 27 32 49 52
0 8 15 18 22 24 29 34 51
