14 15 21
16 17 23
18 19 25
20 21 27
22 23 29
24 25 31
26 27 33
28 29 35
30 31 37
32 33 39
34 35 41
36 37 43
38 39 45
40 41 47
42 43 49
44 45 51
46 47 53
1 48 49
3 50 51
5 52 53
0 1 7
2 3 9
4 5 11
6 7 13
8 9 15
10 11 17
12 13 19
0 27 29
2 29 31
4 31 33
6 33 35
8 35 37
10 37 39
12 39 41
14 41 43
16 43 45
18 45 47
20 47 49
22 49 51
24 51 53
1 26 53
1 3 28
3 5 30
5 7 32
7 9 34
9 11 36
11 13 38
13 15 40
15 17 42
17 19 44
19 21 46
21 23 48
23 25 50
25 27 52
10 18 24
12 20 26
14 22 28
16 24 30
18 26 32
20 28 34
22 30 36
24 32 38
26 34 40
28 36 42
30 38 44
32 40 46
34 42 48
36 44 50
38 46 52
0 40 48
2 42 50
4 44 52
0 6 46
2 8 48
4 10 50
6 12 52
0 8 14
2 10 16
4 12 18
6 14 20
8 16 22
9 24 44
11 26 46
13 28 48
15 30 50
17 32 52
0 19 34
2 21 36
4 23 38
6 25 40
8 27 42
10 29 44
12 31 46
14 33 48
16 35 50
18 37 52
0 20 39
2 22 41
4 24 43
6 26 45
8 28 47
10 30 49
12 32 51
14 34 53
1 16 36
3 18 38
5 20 40
7 22 42
11 32 43
13 34 45
15 36 47
17 38 49
19 40 51
21 42 53
1 23 44
3 25 46
5 27 48
7 29 50
9 31 52
0 11 33
2 13 35
4 15 37
6 17 39
8 19 41
10 21 43
12 23 45
14 25 47
16 27 49
18 29 51
20 31 53
1 22 33
3 24 35
5 26 37
7 28 39
9 30 41
16 42 46
18 44 48
20 46 50
22 48 52
0 24 50
2 26 52
0 4 28
2 6 30
4 8 32
6 10 34
8 12 36
10 14 38
12 16 40
14 18 42
16 20 44
18 22 46
20 24 48
22 26 50
24 28 52
0 26 30
2 28 32
4 30 34
6 32 36
8 34 38
10 36 40
12 38 42
14 40 44
3 34 44
5 36 46
7 38 48
9 40 50
11 42 52
0 13 44
2 15 46
4 17 48
6 19 50
8 21 52
0 10 23
2 12 25
4 14 27
6 16 29
8 18 31
10 20 33
12 22 35
14 24 37
16 26 39
18 28 41
20 30 43
22 32 45
24 34 47
26 36 49
28 38 51
30 40 53
1 32 42
7 15 27
9 17 29
11 19 31
13 21 33
15 23 35
17 25 37
19 27 39
21 29 41
23 31 43
25 33 45
27 35 47
29 37 49
31 39 51
33 41 53
1 35 43
3 37 45
5 39 47
7 41 49
9 43 51
11 45 53
1 13 47
3 15 49
5 17 51
7 19 53
1 9 21
3 11 23
5 13 25
16 21 37
18 23 39
20 25 41
22 27 43
24 29 45
26 31 47
28 33 49
30 35 51
32 37 53
1 34 39
3 36 41
5 38 43
7 40 45
9 42 47
11 44 49
13 46 51
15 48 53
1 17 50
3 19 52
0 5 21
2 7 23
4 9 25
6 11 27
8 13 29
10 15 31
12 17 33
14 19 35
11 47 48
13 49 50
15 51 52
0 17 53
1 2 19
3 4 21
5 6 23
7 8 25
9 10 27
11 12 29
13 14 31
15 16 33
17 18 35
19 20 37
21 22 39
23 24 41
25 26 43
27 28 45
29 30 47
31 32 49
33 34 51
35 36 53
1 37 38
3 39 40
5 41 42
7 43 44
9 45 46
16 28 53
1 18 30
3 20 32
5 22 34
7 24 36
9 26 38
11 28 40
13 30 42
15 32 44
17 34 46
19 36 48
21 38 50
23 40 52
0 25 42
2 27 44
4 29 46
6 31 48
8 33 50
10 35 52
0 12 37
2 14 39
4 16 41
6 18 43
8 20 45
10 22 47
12 24 49
14 26 51
24 39 42
26 41 44
28 43 46
30 45 48
32 47 50
34 49 52
0 36 51
2 38 53
1 4 40
3 6 42
5 8 44
7 10 46
9 12 48
11 14 50
13 16 52
0 15 18
2 17 20
4 19 22
6 21 24
8 23 26
10 25 28
12 27 30
14 29 32
16 31 34
18 33 36
20 35 38
22 37 40
15 22 25
17 24 27
19 26 29
21 28 31
23 30 33
25 32 35
27 34 37
29 36 39
31 38 41
33 40 43
35 42 45
37 44 47
39 46 49
41 48 51
43 50 53
1 45 52
0 3 47
2 5 49
4 7 51
6 9 53
1 8 11
3 10 13
5 12 15
7 14 17
9 16 19
11 18 21
13 20 23
13 17 41
15 19 43
17 21 45
19 23 47
21 25 49
23 27 51
25 29 53
1 27 31
3 29 33
5 31 35
7 33 37
9 35 39
11 37 41
13 39 43
15 41 45
17 43 47
19 45 49
21 47 51
23 49 53
1 25 51
3 27 53
1 5 29
3 7 31
5 9 33
7 11 35
9 13 37
11 15 39
0 2 45
2 4 47
4 6 49
6 8 51
8 10 53
1 10 12
3 12 14
5 14 16
7 16 18
9 18 20
11 20 22
13 22 24
15 24 26
17 26 28
19 28 30
21 30 32
23 32 34
25 34 36
27 36 38
29 38 40
31 40 42
33 42 44
35 44 46
37 46 48
39 48 50
41 50 52
0 43 52
18 27 40
20 29 42
22 31 44
24 33 46
26 35 48
28 37 50
30 39 52
0 32 41
2 34 43
4 36 45
6 38 47
8 40 49
10 42 51
12 44 53
1 14 46
3 16 48
5 18 50
7 20 52
0 9 22
2 11 24
4 13 26
6 15 28
8 17 30
10 19 32
12 21 34
14 23 36
16 25 38
14 30 45
16 32 47
18 34 49
20 36 51
22 38 53
1 24 40
3 26 42
5 28 44
7 30 46
9 32 48
11 34 50
13 36 52
0 15 38
2 17 40
4 19 42
6 21 44
8 23 46
10 25 48
12 27 50
14 29 52
0 16 31
2 18 33
4 20 35
6 22 37
8 24 39
10 26 41
12 28 43
5 19 24
7 21 26
9 23 28
11 25 30
13 27 32
15 29 34
17 31 36
19 33 38
21 35 40
23 37 42
25 39 44
27 41 46
29 43 48
31 45 50
33 47 52
0 35 49
2 37 51
4 39 53
1 6 41
3 8 43
5 10 45
7 12 47
9 14 49
11 16 51
13 18 53
1 15 20
3 17 22
