2 9 25 36 44 53
1 4 11 27 38 46
3 6 13 29 40 48
5 8 15 31 42 50
7 10 17 33 44 52
0 9 12 19 35 46
2 11 14 21 37 48
4 13 16 23 39 50
6 15 18 25 41 52
0 8 17 20 27 43
2 10 19 22 29 45
4 12 21 24 31 47
6 14 23 26 33 49
8 16 25 28 35 51
10 18 27 30 37 53
1 12 20 29 32 39
3 14 22 31 34 41
5 16 24 33 36 43
7 18 26 35 38 45
9 20 28 37 40 47
11 22 30 39 42 49
13 24 32 41 44 51
15 26 34 43 46 53
1 17 28 36 45 48
3 19 30 38 47 50
5 21 32 40 49 52
0 7 23 34 42 51
3 7 9 16 37 49
5 9 11 18 39 51
7 11 13 20 41 53
1 9 13 15 22 43
3 11 15 17 24 45
5 13 17 19 26 47
7 15 19 21 28 49
9 17 21 23 30 51
11 19 23 25 32 53
1 13 21 25 27 34
3 15 23 27 29 36
5 17 25 29 31 38
7 19 27 31 33 40
9 21 29 33 35 42
11 23 31 35 37 44
13 25 33 37 39 46
15 27 35 39 41 48
17 29 37 41 43 50
19 31 39 43 45 52
0 21 33 41 45 47
2 23 35 43 47 49
4 25 37 45 49 51
6 27 39 47 51 53
1 8 29 41 49 53
1 3 10 31 43 51
3 5 12 33 45 53
1 5 7 14 35 47
1 18 22 23 24 40
3 20 24 25 26 42
5 22 26 27 28 44
7 24 28 29 30 46
9 26 30 31 32 48
11 28 32 33 34 50
13 30 34 35 36 52
0 15 32 36 37 38
2 17 34 38 39 40
4 19 36 40 41 42
6 21 38 42 43 44
8 23 40 44 45 46
10 25 42 46 47 48
12 27 44 48 49 50
14 29 46 50 51 52
0 16 31 48 52 53
0 1 2 18 33 50
2 3 4 20 35 52
0 4 5 6 22 37
2 6 7 8 24 39
4 8 9 10 26 41
6 10 11 12 28 43
8 12 13 14 30 45
10 14 15 16 32 47
12 16 17 18 34 49
14 18 19 20 36 51
16 20 21 22 38 53
1 6 16 19 30 44
3 8 18 21 32 46
5 10 20 23 34 48
7 12 22 25 36 50
9 14 24 27 38 52
0 11 16 26 29 40
2 13 18 28 31 42
4 15 20 30 33 44
6 17 22 32 35 46
8 19 24 34 37 48
10 21 26 36 39 50
12 23 28 38 41 52
0 14 25 30 40 43
2 16 27 32 42 45
4 18 29 34 44 47
6 20 31 36 46 49
8 22 33 38 48 51
10 24 35 40 50 53
1 12 26 37 42 52
0 3 14 28 39 44
2 5 16 30 41 46
4 7 18 32 43 48
6 9 20 34 45 50
8 11 22 36 47 52
0 10 13 24 38 49
2 12 15 26 40 51
4 14 17 28 42 53
