0 22 27 31 32 36 45 50 52 53
13 16 18 22 27 33 38 46 47 53
0 5 11 13 15 17 20 25 33 45
4 7 15 35 39 42 47 49 50 51
6 16 21 23 26 29 33 36 50 52
10 28 30 32 33 36 37 41 44 47
15 19 20 22 28 29 32 34 43 47
3 5 6 8 13 20 29 30 39 46
4 6 16 17 30 40 43 44 49 53
7 14 15 19 25 26 27 30 43 53
4 5 18 19 26 38 44 45 48 51
8 15 16 19 24 31 36 40 41 51
6 9 10 15 16 34 37 38 48 52
7 17 18 29 31 37 39 41 43 45
3 12 15 18 21 32 35 40 44 52
5 6 7 24 28 33 40 45 47 52
3 17 21 27 28 30 34 35 45 51
10 12 13 17 22 23 24 30 48 49
0 1 2 18 19 24 30 33 34 50
4 8 14 20 21 27 34 37 47 49
11 14 19 22 31 33 35 37 46 48
0 5 9 12 16 20 35 41 51 53
8 9 18 25 32 33 41 42 48 49
1 3 6 22 25 27 41 44 48 50
2 20 27 33 35 36 39 40 43 48
4 10 13 19 21 28 39 41 52 53
6 9 10 13 14 18 20 31 43 50
4 5 7 12 23 31 32 34 36 46
12 14 16 17 25 28 32 38 39 50
1 13 16 19 23 32 37 40 42 45
0 6 11 12 19 27 29 42 44 49
5 10 21 24 37 38 42 43 46 50
2 4 5 9 14 22 28 29 40 42
2 7 8 10 11 12 16 21 22 45
0 1 7 13 14 29 36 38 49 51
0 10 22 25 26 34 39 40 46 51
1 6 11 15 18 25 28 35 36 46
4 9 10 23 24 25 27 29 35 45
1 3 5 10 16 26 27 28 31 49
1 7 8 9 17 20 44 46 52 53
2 3 9 12 17 19 26 36 42 47
1 9 11 21 29 30 39 47 48 53
3 14 18 23 24 34 39 42 44 53
1 3 4 11 12 33 37 43 51 52
0 2 4 13 21 25 31 37 44 47
0 2 3 7 8 23 28 38 43 48
8 11 13 26 34 35 38 40 41 50
2 11 14 15 23 41 45 46 49 52
2 6 11 20 24 26 32 37 51 53
20 23 25 30 31 38 42 47 51 52
