4 21 25 49 52
1 7 24 28 52
1 4 10 27 31
4 7 13 30 34
7 10 16 33 37
10 13 19 36 40
13 16 22 39 43
16 19 25 42 46
19 22 28 45 49
22 25 31 48 52
1 25 28 34 51
0 4 28 31 37
3 7 31 34 40
6 10 34 37 43
9 13 37 40 46
12 16 40 43 49
15 19 43 46 52
1 18 22 46 49
21 30 31 32 38
24 33 34 35 41
27 36 37 38 44
30 39 40 41 47
33 42 43 44 50
36 45 46 47 53
2 39 48 49 50
5 42 51 52 53
0 1 2 8 45
3 4 5 11 48
6 7 8 14 51
0 9 10 11 17
3 12 13 14 20
6 15 16 17 23
9 18 19 20 26
12 21 22 23 29
15 24 25 26 32
18 27 28 29 35
2 14 17 30 36
5 17 20 33 39
8 20 23 36 42
11 23 26 39 45
14 26 29 42 48
17 29 32 45 51
0 20 32 35 48
3 23 35 38 51
0 6 26 38 41
3 9 29 41 44
6 12 32 44 47
9 15 35 47 50
12 18 38 50 53
2 15 21 41 53
2 5 18 24 44
5 8 21 27 47
8 11 24 30 50
11 14 27 33 53
10 23 34 44 52
1 13 26 37 47
4 16 29 40 50
7 19 32 43 53
2 10 22 35 46
5 13 25 38 49
8 16 28 41 52
1 11 19 31 44
4 14 22 34 47
7 17 25 37 50
10 20 28 40 53
2 13 23 31 43
5 16 26 34 46
8 19 29 37 49
11 22 32 40 52
1 14 25 35 43
4 17 28 38 46
7 20 31 41 49
8 12 13 26 35
11 15 16 29 38
14 18 19 32 41
17 21 22 35 44
20 24 25 38 47
23 27 28 41 50
26 30 31 44 53
2 29 33 34 47
5 32 36 37 50
8 35 39 40 53
2 11 38 42 43
5 14 41 45 46
8 17 44 48 49
11 20 47 51 52
0 1 14 23 50
3 4 17 26 53
2 6 7 20 29
5 9 10 23 32
7 22 26 33 36
10 25 29 36 39
13 28 32 39 42
16 31 35 42 45
19 34 38 45 48
22 37 41 48 51
0 25 40 44 51
0 3 28 43 47
3 6 31 46 50
6 9 34 49 53
2 9 12 37 52
1 5 12 15 40
4 8 15 18 43
7 11 18 21 46
10 14 21 24 49
13 17 24 27 52
1 16 20 27 30
4 19 23 30 33
11 30 35 37 49
14 33 38 40 52
1 17 36 41 43
4 20 39 44 46
7 23 42 47 49
10 26 45 50 52
1 13 29 48 53
2 4 16 32 51
0 5 7 19 35
3 8 10 22 38
6 11 13 25 41
9 14 16 28 44
12 17 19 31 47
15 20 22 34 50
18 23 25 37 53
2 21 26 28 40
5 24 29 31 43
8 27 32 34 46
0 7 12 27 48
3 10 15 30 51
0 6 13 18 33
3 9 16 21 36
6 12 19 24 39
9 15 22 27 42
12 18 25 30 45
15 21 28 33 48
18 24 31 36 51
0 21 27 34 39
3 24 30 37 42
6 27 33 40 45
9 30 36 43 48
12 33 39 46 51
0 15 36 42 49
3 18 39 45 52
1 6 21 42 48
4 9 24 45 51
1 3 32 33 49
4 6 35 36 52
1 7 9 38 39
4 10 12 41 42
7 13 15 44 45
10 16 18 47 48
13 19 21 50 51
0 16 22 24 53
2 3 19 25 27
5 6 22 28 30
8 9 25 31 33
11 12 28 34 36
14 15 31 37 39
17 18 34 40 42
20 21 37 43 45
23 24 40 46 48
26 27 43 49 51
0 29 30 46 52
