4 5 10 20 31 38 50
6 7 12 22 33 40 52
0 8 9 14 24 35 42
2 10 11 16 26 37 44
4 12 13 18 28 39 46
6 14 15 20 30 41 48
8 16 17 22 32 43 50
10 18 19 24 34 45 52
0 12 20 21 26 36 47
2 14 22 23 28 38 49
4 16 24 25 30 40 51
6 18 26 27 32 42 53
1 8 20 28 29 34 44
3 10 22 30 31 36 46
5 12 24 32 33 38 48
7 14 26 34 35 40 50
9 16 28 36 37 42 52
0 11 18 30 38 39 44
2 13 20 32 40 41 46
4 15 22 34 42 43 48
6 17 24 36 44 45 50
8 19 26 38 46 47 52
0 10 21 28 40 48 49
2 12 23 30 42 50 51
4 14 25 32 44 52 53
0 1 6 16 27 34 46
2 3 8 18 29 36 48
3 11 12 15 17 28 35
5 13 14 17 19 30 37
7 15 16 19 21 32 39
9 17 18 21 23 34 41
11 19 20 23 25 36 43
13 21 22 25 27 38 45
15 23 24 27 29 40 47
17 25 26 29 31 42 49
19 27 28 31 33 44 51
21 29 30 33 35 46 53
1 23 31 32 35 37 48
3 25 33 34 37 39 50
5 27 35 36 39 41 52
0 7 29 37 38 41 43
2 9 31 39 40 43 45
4 11 33 41 42 45 47
6 13 35 43 44 47 49
8 15 37 45 46 49 51
10 17 39 47 48 51 53
1 12 19 41 49 50 53
1 3 14 21 43 51 52
0 3 5 16 23 45 53
1 2 5 7 18 25 47
3 4 7 9 20 27 49
5 6 9 11 22 29 51
7 8 11 13 24 31 53
1 9 10 13 15 26 33
0 2 17 20 27 33 52
0 2 4 19 22 29 35
2 4 6 21 24 31 37
4 6 8 23 26 33 39
6 8 10 25 28 35 41
8 10 12 27 30 37 43
10 12 14 29 32 39 45
12 14 16 31 34 41 47
14 16 18 33 36 43 49
16 18 20 35 38 45 51
18 20 22 37 40 47 53
1 20 22 24 39 42 49
3 22 24 26 41 44 51
5 24 26 28 43 46 53
1 7 26 28 30 45 48
3 9 28 30 32 47 50
5 11 30 32 34 49 52
0 7 13 32 34 36 51
2 9 15 34 36 38 53
1 4 11 17 36 38 40
3 6 13 19 38 40 42
5 8 15 21 40 42 44
7 10 17 23 42 44 46
9 12 19 25 44 46 48
11 14 21 27 46 48 50
13 16 23 29 48 50 52
0 15 18 25 31 50 52
