6 25 26 48
8 27 28 50
10 29 30 52
0 12 31 32
2 14 33 34
4 16 35 36
6 18 37 38
8 20 39 40
10 22 41 42
12 24 43 44
14 26 45 46
16 28 47 48
18 30 49 50
20 32 51 52
0 22 34 53
1 2 24 36
3 4 26 38
5 6 28 40
7 8 30 42
9 10 32 44
11 12 34 46
13 14 36 48
15 16 38 50
17 18 40 52
0 19 20 42
2 21 22 44
4 23 24 46
37 45 48 52
0 39 47 50
2 41 49 52
0 4 43 51
2 6 45 53
1 4 8 47
3 6 10 49
5 8 12 51
7 10 14 53
1 9 12 16
3 11 14 18
5 13 16 20
7 15 18 22
9 17 20 24
11 19 22 26
13 21 24 28
15 23 26 30
17 25 28 32
19 27 30 34
21 29 32 36
23 31 34 38
25 33 36 40
27 35 38 42
29 37 40 44
31 39 42 46
33 41 44 48
35 43 46 50
6 11 24 50
8 13 26 52
0 10 15 28
2 12 17 30
4 14 19 32
6 16 21 34
8 18 23 36
10 20 25 38
12 22 27 40
14 24 29 42
16 26 31 44
18 28 33 46
20 30 35 48
22 32 37 50
24 34 39 52
0 26 36 41
2 28 38 43
4 30 40 45
6 32 42 47
8 34 44 49
10 36 46 51
12 38 48 53
1 14 40 50
3 16 42 52
0 5 18 44
2 7 20 46
4 9 22 48
7 35 37 51
9 37 39 53
1 11 39 41
3 13 41 43
5 15 43 45
7 17 45 47
9 19 47 49
11 21 49 51
13 23 51 53
1 15 25 53
1 3 17 27
3 5 19 29
5 7 21 31
7 9 23 33
9 11 25 35
11 13 27 37
13 15 29 39
15 17 31 41
17 19 33 43
19 21 35 45
21 23 37 47
23 25 39 49
25 27 41 51
27 29 43 53
1 29 31 45
3 31 33 47
5 33 35 49
2 18 26 51
4 20 28 53
1 6 22 30
3 8 24 32
5 10 26 34
7 12 28 36
9 14 30 38
11 16 32 40
13 18 34 42
15 20 36 44
17 22 38 46
19 24 40 48
21 26 42 50
23 28 44 52
0 25 30 46
2 27 32 48
4 29 34 50
6 31 36 52
0 8 33 38
2 10 35 40
4 12 37 42
6 14 39 44
8 16 41 46
10 18 43 48
12 20 45 50
14 22 47 52
0 16 24 49
7 39 43 52
0 9 41 45
2 11 43 47
4 13 45 49
6 15 47 51
8 17 49 53
1 10 19 51
3 12 21 53
1 5 14 23
3 7 16 25
5 9 18 27
7 11 20 29
9 13 22 31
11 15 24 33
13 17 26 35
15 19 28 37
17 21 30 39
19 23 32 41
21 25 34 43
23 27 36 45
25 29 38 47
27 31 40 49
29 33 42 51
31 35 44 53
1 33 37 46
3 35 39 48
5 37 41 50
22 28 39 51
24 30 41 53
1 26 32 43
3 28 34 45
5 30 36 47
7 32 38 49
9 34 40 51
11 36 42 53
1 13 38 44
3 15 40 46
5 17 42 48
7 19 44 50
9 21 46 52
0 11 23 48
2 13 25 50
4 15 27 52
0 6 17 29
2 8 19 31
4 10 21 33
6 12 23 35
8 14 25 37
10 16 27 39
12 18 29 41
14 20 31 43
16 22 33 45
18 24 35 47
20 26 37 49
29 46 48 49
31 48 50 51
33 50 52 53
0 1 35 52
0 2 3 37
2 4 5 39
4 6 7 41
6 8 9 43
8 10 11 45
10 12 13 47
12 14 15 49
14 16 17 51
16 18 19 53
1 18 20 21
3 20 22 23
5 22 24 25
7 24 26 27
9 26 28 29
11 28 30 31
13 30 32 33
15 32 34 35
17 34 36 37
19 36 38 39
21 38 40 41
23 40 42 43
25 42 44 45
27 44 46 47
1 7 34 48
3 9 36 50
5 11 38 52
0 7 13 40
2 9 15 42
4 11 17 44
6 13 19 46
8 15 21 48
10 17 23 50
12 19 25 52
0 14 21 27
2 16 23 29
4 18 25 31
6 20 27 33
8 22 29 35
10 24 31 37
12 26 33 39
14 28 35 41
16 30 37 43
18 32 39 45
20 34 41 47
22 36 43 49
24 38 45 51
26 40 47 53
1 28 42 49
3 30 44 51
5 32 46 53
