14 32 39 43
16 34 41 45
18 36 43 47
20 38 45 49
22 40 47 51
24 42 49 53
1 26 44 51
3 28 46 53
1 5 30 48
3 7 32 50
5 9 34 52
0 7 11 36
2 9 13 38
4 11 15 40
6 13 17 42
8 15 19 44
10 17 21 46
12 19 23 48
14 21 25 50
16 23 27 52
0 18 25 29
2 20 27 31
4 22 29 33
6 24 31 35
8 26 33 37
10 28 35 39
12 30 37 41
21 34 39 50
23 36 41 52
0 25 38 43
2 27 40 45
4 29 42 47
6 31 44 49
8 33 46 51
10 35 48 53
1 12 37 50
3 14 39 52
0 5 16 41
2 7 18 43
4 9 20 45
6 11 22 47
8 13 24 49
10 15 26 51
12 17 28 53
1 14 19 30
3 16 21 32
5 18 23 34
7 20 25 36
9 22 27 38
11 24 29 40
13 26 31 42
15 28 33 44
17 30 35 46
19 32 37 48
38 39 48 54
40 41 50 54
42 43 52 54
0 44 45 54
2 46 47 54
4 48 49 54
6 50 51 54
8 52 53 54
0 1 10 54
2 3 12 54
4 5 14 54
6 7 16 54
8 9 18 54
10 11 20 54
12 13 22 54
14 15 24 54
16 17 26 54
18 19 28 54
20 21 30 54
22 23 32 54
24 25 34 54
26 27 36 54
28 29 38 54
30 31 40 54
32 33 42 54
34 35 44 54
36 37 46 54
5 38 40 53
1 7 40 42
3 9 42 44
5 11 44 46
7 13 46 48
9 15 48 50
11 17 50 52
0 13 19 52
0 2 15 21
2 4 17 23
4 6 19 25
6 8 21 27
8 10 23 29
10 12 25 31
12 14 27 33
14 16 29 35
16 18 31 37
18 20 33 39
20 22 35 41
22 24 37 43
24 26 39 45
26 28 41 47
28 30 43 49
30 32 45 51
32 34 47 53
1 34 36 49
3 36 38 51
5 20 28 37
7 22 30 39
9 24 32 41
11 26 34 43
13 28 36 45
15 30 38 47
17 32 40 49
19 34 42 51
21 36 44 53
1 23 38 46
3 25 40 48
5 27 42 50
7 29 44 52
0 9 31 46
2 11 33 48
4 13 35 50
6 15 37 52
0 8 17 39
2 10 19 41
4 12 21 43
6 14 23 45
8 16 25 47
10 18 27 49
12 20 29 51
14 22 31 53
1 16 24 33
3 18 26 35
11 13 16 32
13 15 18 34
15 17 20 36
17 19 22 38
19 21 24 40
21 23 26 42
23 25 28 44
25 27 30 46
27 29 32 48
29 31 34 50
31 33 36 52
0 33 35 38
2 35 37 40
4 37 39 42
6 39 41 44
8 41 43 46
10 43 45 48
12 45 47 50
14 47 49 52
0 16 49 51
2 18 51 53
1 4 20 53
1 3 6 22
3 5 8 24
5 7 10 26
7 9 12 28
9 11 14 30
8 30 44 50
10 32 46 52
0 12 34 48
2 14 36 50
4 16 38 52
0 6 18 40
2 8 20 42
4 10 22 44
6 12 24 46
8 14 26 48
10 16 28 50
12 18 30 52
0 14 20 32
2 16 22 34
4 18 24 36
6 20 26 38
8 22 28 40
10 24 30 42
12 26 32 44
14 28 34 46
16 30 36 48
18 32 38 50
20 34 40 52
0 22 36 42
2 24 38 44
4 26 40 46
6 28 42 48
5 19 29 36
7 21 31 38
9 23 33 40
11 25 35 42
13 27 37 44
15 29 39 46
17 31 41 48
19 33 43 50
21 35 45 52
0 23 37 47
2 25 39 49
4 27 41 51
6 29 43 53
1 8 31 45
3 10 33 47
5 12 35 49
7 14 37 51
9 16 39 53
1 11 18 41
3 13 20 43
5 15 22 45
7 17 24 47
9 19 26 49
11 21 28 51
13 23 30 53
1 15 25 32
3 17 27 34
18 42 45 46
20 44 47 48
22 46 49 50
24 48 51 52
0 26 50 53
1 2 28 52
0 3 4 30
2 5 6 32
4 7 8 34
6 9 10 36
8 11 12 38
10 13 14 40
12 15 16 42
14 17 18 44
16 19 20 46
18 21 22 48
20 23 24 50
22 25 26 52
0 24 27 28
2 26 29 30
4 28 31 32
6 30 33 34
8 32 35 36
10 34 37 38
12 36 39 40
14 38 41 42
16 40 43 44
9 17 25 37
11 19 27 39
13 21 29 41
15 23 31 43
17 25 33 45
19 27 35 47
21 29 37 49
23 31 39 51
25 33 41 53
1 27 35 43
3 29 37 45
5 31 39 47
7 33 41 49
9 35 43 51
11 37 45 53
1 13 39 47
3 15 41 49
5 17 43 51
7 19 45 53
1 9 21 47
3 11 23 49
5 13 25 51
7 15 27 53
1 9 17 29
3 11 19 31
5 13 21 33
7 15 23 35
