0 2 5 7 10 17 29 35 52
3 10 12 16 23 26 44 48 49
2 3 18 23 27 33 47 52 53
10 13 19 23 27 41 44 45 54
0 3 6 7 13 25 38 39 47
15 25 26 28 30 35 37 41 52
15 24 25 27 33 34 43 46 47
3 4 12 17 19 30 34 42 53
2 5 11 24 25 36 41 42 44
9 17 21 30 36 39 43 45 54
1 4 10 11 18 24 30 39 40
10 11 16 29 31 37 43 47 50
2 8 20 22 26 39 41 43 48
2 6 9 12 22 30 31 47 49
11 15 17 18 32 38 44 45 48
0 21 23 31 35 38 40 43 53
7 13 14 18 22 25 42 43 44
7 13 16 31 34 40 41 45 52
3 5 7 24 28 43 45 50 51
4 6 23 25 29 33 40 45 49
4 5 12 14 15 27 31 35 39
9 11 13 14 27 28 29 48 49
2 6 14 15 20 45 50 53 54
3 11 16 25 29 35 46 51 54
2 4 9 16 19 28 33 37 38
3 8 9 20 32 35 40 44 50
1 5 6 7 11 20 21 33 48
14 18 19 20 26 36 40 47 51
0 4 20 21 28 29 34 44 47
1 7 26 30 31 33 44 51 54
13 17 19 24 33 35 39 49 50
0 24 27 30 37 41 48 51 53
0 9 10 15 32 33 41 42 51
1 2 14 23 28 34 39 42 51
0 12 26 27 38 40 42 50 54
6 10 14 34 35 36 37 38 48
4 17 23 31 36 42 46 48 50
2 10 12 13 15 21 40 46 51
9 12 18 25 34 48 50 51 52
1 6 17 22 27 37 40 44 51
1 5 9 13 26 29 36 38 53
0 8 11 12 22 28 33 36 45
5 19 28 32 40 46 47 48 54
4 6 11 13 26 32 34 43 52
10 17 20 25 28 31 32 49 53
0 1 3 15 19 36 43 49 52
4 7 8 17 38 41 47 49 51
6 8 15 18 19 24 29 31 42
3 21 26 31 37 39 42 45 46
7 9 11 15 19 22 23 46 53
8 14 16 33 39 44 46 52 53
1 8 10 19 21 25 27 34 50
4 10 21 22 24 28 38 52 54
7 12 20 23 24 29 32 37 39
3 14 21 22 29 30 32 41 50
5 8 13 15 16 20 23 30 37
1 16 22 32 35 42 45 47 53
11 20 27 30 38 42 46 49 52
2 7 16 18 21 27 32 36 49
1 6 12 18 28 35 41 43 46
0 5 8 18 22 34 37 49 54
0 6 9 14 16 17 24 26 46
