1 29 32 52 54
0 3 31 34 54
2 5 33 36 54
4 7 35 38 54
6 9 37 40 54
8 11 39 42 54
10 13 41 44 54
12 15 43 46 54
14 17 45 48 54
16 19 47 50 54
18 21 49 52 54
0 20 23 51 54
2 22 25 53 54
1 4 24 27 54
3 6 26 29 54
5 8 28 31 54
7 10 30 33 54
9 12 32 35 54
11 14 34 37 54
13 16 36 39 54
15 18 38 41 54
17 20 40 43 54
19 22 42 45 54
21 24 44 47 54
23 26 46 49 54
25 28 48 51 54
27 30 50 53 54
14 26 27 40 44
16 28 29 42 46
18 30 31 44 48
20 32 33 46 50
22 34 35 48 52
0 24 36 37 50
2 26 38 39 52
0 4 28 40 41
2 6 30 42 43
4 8 32 44 45
6 10 34 46 47
8 12 36 48 49
10 14 38 50 51
12 16 40 52 53
0 1 14 18 42
2 3 16 20 44
4 5 18 22 46
6 7 20 24 48
8 9 22 26 50
10 11 24 28 52
0 12 13 26 30
2 14 15 28 32
4 16 17 30 34
6 18 19 32 36
8 20 21 34 38
10 22 23 36 40
12 24 25 38 42
20 29 38 45 49
22 31 40 47 51
24 33 42 49 53
1 26 35 44 51
3 28 37 46 53
1 5 30 39 48
3 7 32 41 50
5 9 34 43 52
0 7 11 36 45
2 9 13 38 47
4 11 15 40 49
6 13 17 42 51
8 15 19 44 53
1 10 17 21 46
3 12 19 23 48
5 14 21 25 50
7 16 23 27 52
0 9 18 25 29
2 11 20 27 31
4 13 22 29 33
6 15 24 31 35
8 17 26 33 37
10 19 28 35 39
12 21 30 37 41
14 23 32 39 43
16 25 34 41 45
18 27 36 43 47
20 25 37 39 47
22 27 39 41 49
24 29 41 43 51
26 31 43 45 53
1 28 33 45 47
3 30 35 47 49
5 32 37 49 51
7 34 39 51 53
1 9 36 41 53
1 3 11 38 43
3 5 13 40 45
5 7 15 42 47
7 9 17 44 49
9 11 19 46 51
11 13 21 48 53
1 13 15 23 50
3 15 17 25 52
0 5 17 19 27
2 7 19 21 29
4 9 21 23 31
6 11 23 25 33
8 13 25 27 35
10 15 27 29 37
12 17 29 31 39
14 19 31 33 41
16 21 33 35 43
18 23 35 37 45
11 26 41 47 48
13 28 43 49 50
15 30 45 51 52
0 17 32 47 53
1 2 19 34 49
3 4 21 36 51
5 6 23 38 53
1 7 8 25 40
3 9 10 27 42
5 11 12 29 44
7 13 14 31 46
9 15 16 33 48
11 17 18 35 50
13 19 20 37 52
0 15 21 22 39
2 17 23 24 41
4 19 25 26 43
6 21 27 28 45
8 23 29 30 47
10 25 31 32 49
12 27 33 34 51
14 29 35 36 53
1 16 31 37 38
3 18 33 39 40
5 20 35 41 42
7 22 37 43 44
9 24 39 45 46
9 14 20 28 30
11 16 22 30 32
13 18 24 32 34
15 20 26 34 36
17 22 28 36 38
19 24 30 38 40
21 26 32 40 42
23 28 34 42 44
25 30 36 44 46
27 32 38 46 48
29 34 40 48 50
31 36 42 50 52
0 33 38 44 52
0 2 35 40 46
2 4 37 42 48
4 6 39 44 50
6 8 41 46 52
0 8 10 43 48
2 10 12 45 50
4 12 14 47 52
0 6 14 16 49
2 8 16 18 51
4 10 18 20 53
1 6 12 20 22
3 8 14 22 24
5 10 16 24 26
7 12 18 26 28
