4 7 19 20 39 50 52
0 2 9 12 24 25 44
5 7 14 17 29 30 49
10 12 19 22 34 35 54
4 15 17 24 27 39 40
9 20 22 29 32 44 45
14 25 27 34 37 49 50
0 19 30 32 39 42 54
4 5 24 35 37 44 47
9 10 29 40 42 49 52
2 14 15 34 45 47 54
23 26 32 33 34 49 51
1 28 31 37 38 39 54
4 6 33 36 42 43 44
9 11 38 41 47 48 49
14 16 43 46 52 53 54
2 3 4 19 21 48 51
1 7 8 9 24 26 53
3 6 12 13 14 29 31
8 11 17 18 19 34 36
13 16 22 23 24 39 41
18 21 27 28 29 44 46
5 7 10 13 50 51 54
0 1 4 10 12 15 18
5 6 9 15 17 20 23
10 11 14 20 22 25 28
15 16 19 25 27 30 33
20 21 24 30 32 35 38
25 26 29 35 37 40 43
30 31 34 40 42 45 48
35 36 39 45 47 50 53
0 3 40 41 44 50 52
0 2 5 8 45 46 49
3 14 18 23 24 42 50
0 8 19 23 28 29 47
5 13 24 28 33 34 52
2 10 18 29 33 38 39
7 15 23 34 38 43 44
12 20 28 39 43 48 49
17 25 33 44 48 53 54
3 4 22 30 38 49 53
3 8 9 27 35 43 54
4 8 13 14 32 40 48
9 13 18 19 37 45 53
7 9 25 31 39 46 51
1 12 14 30 36 44 51
1 6 17 19 35 41 49
6 11 22 24 40 46 54
4 11 16 27 29 45 51
1 9 16 21 32 34 50
0 6 14 21 26 37 39
5 11 19 26 31 42 44
10 16 24 31 36 47 49
15 21 29 36 41 52 54
2 4 20 26 34 41 46
12 18 22 26 30 47 52
2 17 23 27 31 35 52
2 7 22 28 32 36 40
7 12 27 33 37 41 45
12 17 32 38 42 46 50
0 17 22 37 43 47 51
1 5 22 27 42 48 52
2 6 10 27 32 47 53
3 7 11 15 32 37 52
2 8 12 16 20 37 42
7 13 17 21 25 42 47
10 19 21 24 43 45 46
15 24 26 29 48 50 51
0 1 20 29 31 34 53
3 5 6 25 34 36 39
8 10 11 30 39 41 44
13 15 16 35 44 46 49
18 20 21 40 49 51 54
1 4 23 25 26 45 54
4 6 9 28 30 31 50
0 9 11 14 33 35 36
5 14 16 19 38 40 41
5 18 25 31 32 41 43
10 23 30 36 37 46 48
15 28 35 41 42 51 53
1 3 20 33 40 46 47
6 8 25 38 45 51 52
1 2 11 13 30 43 50
0 6 7 16 18 35 48
5 11 12 21 23 40 53
3 10 16 17 26 28 45
8 15 21 22 31 33 50
0 13 20 26 27 36 38
