3 29 39 46 51 54
1 4 8 34 44 51
1 6 9 13 39 49
6 11 14 18 44 54
4 11 16 19 23 49
9 16 21 24 28 54
4 14 21 26 29 33
9 19 26 31 34 38
14 24 31 36 39 43
19 29 36 41 44 48
24 34 41 46 49 53
8 11 20 32 36 46
13 16 25 37 41 51
1 18 21 30 42 46
6 23 26 35 47 51
1 11 28 31 40 52
2 6 16 33 36 45
7 11 21 38 41 50
0 12 16 26 43 46
5 17 21 31 48 51
1 10 22 26 36 53
3 6 15 27 31 41
6 21 22 28 29 38
11 26 27 33 34 43
16 31 32 38 39 48
21 36 37 43 44 53
3 26 41 42 48 49
8 31 46 47 53 54
3 4 13 36 51 52
1 2 8 9 18 41
6 7 13 14 23 46
11 12 18 19 28 51
1 16 17 23 24 33
0 1 20 37 38 47
5 6 25 42 43 52
2 10 11 30 47 48
7 15 16 35 52 53
2 3 12 20 21 40
7 8 17 25 26 45
12 13 22 30 31 50
0 17 18 27 35 36
5 22 23 32 40 41
10 27 28 37 45 46
15 32 33 42 50 51
16 18 29 39 47 52
2 21 23 34 44 52
2 7 26 28 39 49
7 12 31 33 44 54
4 12 17 36 38 49
9 17 22 41 43 54
4 14 22 27 46 48
9 19 27 32 51 53
1 3 14 24 32 37
6 8 19 29 37 42
11 13 24 34 42 47
0 9 10 44 49 51
1 5 14 15 49 54
4 6 10 19 20 54
4 9 11 15 24 25
9 14 16 20 29 30
14 19 21 25 34 35
19 24 26 30 39 40
24 29 31 35 44 45
29 34 36 40 49 50
0 34 39 41 45 54
4 5 39 44 46 50
4 12 39 42 45 53
3 9 17 44 47 50
0 8 14 22 49 52
2 5 13 19 27 54
4 7 10 18 24 32
9 12 15 23 29 37
14 17 20 28 34 42
19 22 25 33 39 47
24 27 30 38 44 52
2 29 32 35 43 49
7 34 37 40 48 54
0 10 13 15 21 39
5 15 18 20 26 44
10 20 23 25 31 49
15 25 28 30 36 54
4 20 30 33 35 41
9 25 35 38 40 46
14 30 40 43 45 51
1 19 35 45 48 50
0 6 24 40 50 53
0 3 5 11 29 45
5 8 10 16 34 50
0 3 7 19 30 43
5 8 12 24 35 48
10 13 17 29 40 53
3 15 18 22 34 45
8 20 23 27 39 50
0 13 25 28 32 44
5 18 30 33 37 49
10 23 35 38 42 54
4 15 28 40 43 47
9 20 33 45 48 52
2 14 25 38 50 53
5 28 33 38 41 53
3 10 33 38 43 46
8 15 38 43 48 51
1 13 20 43 48 53
3 6 18 25 48 53
3 8 11 23 30 53
3 8 13 16 28 35
8 13 18 21 33 40
13 18 23 26 38 45
18 23 28 31 43 50
0 23 28 33 36 48
10 12 14 41 47 52
2 15 17 19 46 52
2 7 20 22 24 51
1 7 12 25 27 29
6 12 17 30 32 34
11 17 22 35 37 39
16 22 27 40 42 44
21 27 32 45 47 49
26 32 37 50 52 54
0 2 4 31 37 42
5 7 9 36 42 47
