0 1 3 13 17 19 24 29 38 50
1 2 5 14 27 30 31 32 47 48
5 16 19 22 23 30 33 35 36 43
2 6 20 22 39 42 43 48 50 54
1 7 8 11 15 20 37 41 43 51
7 13 15 18 23 24 42 47 50 51
7 10 15 17 21 28 32 35 40 53
0 5 6 7 10 19 27 34 45 54
1 18 22 25 26 27 29 34 35 37
3 8 20 23 25 28 45 47 49 52
2 8 11 13 16 17 27 40 47 54
1 2 6 7 25 36 38 40 44 49
3 12 18 31 35 38 41 46 53 54
0 15 16 18 29 36 45 48 49 53
6 17 18 19 27 28 39 43 49 52
1 7 9 21 23 26 36 48 52 54
3 6 11 13 33 35 37 42 45 48
0 7 9 13 16 20 25 28 30 46
0 2 8 9 10 14 18 28 35 50
4 8 12 16 18 24 30 32 44 48
4 7 8 19 25 31 32 33 36 50
0 1 8 22 33 39 41 46 47 53
0 4 22 24 31 37 40 43 44 52
0 14 17 20 26 31 35 44 49 51
9 10 17 23 30 31 37 38 39 53
2 4 14 17 24 35 41 45 46 52
4 9 10 11 13 22 26 32 41 49
4 5 6 9 18 20 29 33 40 51
6 10 14 16 29 32 38 43 46 47
4 13 20 21 34 35 36 38 39 47
1 9 12 19 30 34 40 42 45 49
12 19 21 25 37 40 41 47 48 50
4 11 14 15 19 23 25 39 53 54
12 24 27 28 33 36 37 38 41 54
3 24 30 32 33 34 39 49 51 54
5 9 11 18 21 24 25 31 43 45
1 6 10 12 20 23 24 26 27 53
3 10 17 25 27 36 42 46 48 51
1 3 4 14 16 21 22 28 31 42
2 13 19 28 31 34 43 44 51 53
4 5 15 21 27 37 44 46 49 50
5 8 11 26 30 38 42 50 52 53
11 14 23 28 34 38 40 44 46 48
14 16 26 34 36 37 39 44 45 50
0 2 11 12 21 29 36 39 51 52
5 7 12 13 14 17 22 33 34 52
2 3 9 12 15 26 33 43 44 47
10 16 21 29 33 41 42 44 52 54
3 5 7 24 26 28 29 39 40 41
0 2 19 20 23 26 32 37 42 46
9 15 16 22 27 32 38 45 51 52
6 8 15 21 23 29 30 31 34 41
