1 4 13 42 50
2 5 14 43 51
3 6 15 44 52
4 7 16 45 53
5 8 17 46 54
6 9 18 47 55
0 7 10 19 48
1 8 11 20 49
2 9 12 21 50
3 10 13 22 51
4 11 14 23 52
5 12 15 24 53
6 13 16 25 54
7 14 17 26 55
0 8 15 18 27
1 9 16 19 28
2 10 17 20 29
3 11 18 21 30
4 12 19 22 31
5 13 20 23 32
6 14 21 24 33
7 15 22 25 34
8 16 23 26 35
9 17 24 27 36
10 18 25 28 37
11 19 26 29 38
12 20 27 30 39
13 21 28 31 40
14 22 29 32 41
15 23 30 33 42
16 24 31 34 43
17 25 32 35 44
18 26 33 36 45
19 27 34 37 46
20 28 35 38 47
21 29 36 39 48
22 30 37 40 49
23 31 38 41 50
24 32 39 42 51
25 33 40 43 52
26 34 41 44 53
27 35 42 45 54
28 36 43 46 55
0 29 37 44 47
1 30 38 45 48
2 31 39 46 49
3 32 40 47 50
4 33 41 48 51
5 34 42 49 52
6 35 43 50 53
7 36 44 51 54
8 37 45 52 55
0 9 38 46 53
1 10 39 47 54
2 11 40 48 55
0 3 12 41 49
1 18 41 43 54
2 19 42 44 55
0 3 20 43 45
1 4 21 44 46
2 5 22 45 47
3 6 23 46 48
4 7 24 47 49
5 8 25 48 50
6 9 26 49 51
7 10 27 50 52
8 11 28 51 53
9 12 29 52 54
10 13 30 53 55
0 11 14 31 54
1 12 15 32 55
0 2 13 16 33
1 3 14 17 34
2 4 15 18 35
3 5 16 19 36
4 6 17 20 37
5 7 18 21 38
6 8 19 22 39
7 9 20 23 40
8 10 21 24 41
9 11 22 25 42
10 12 23 26 43
11 13 24 27 44
12 14 25 28 45
13 15 26 29 46
14 16 27 30 47
15 17 28 31 48
16 18 29 32 49
17 19 30 33 50
18 20 31 34 51
19 21 32 35 52
20 22 33 36 53
21 23 34 37 54
22 24 35 38 55
0 23 25 36 39
1 24 26 37 40
2 25 27 38 41
3 26 28 39 42
4 27 29 40 43
5 28 30 41 44
6 29 31 42 45
7 30 32 43 46
8 31 33 44 47
9 32 34 45 48
10 33 35 46 49
11 34 36 47 50
12 35 37 48 51
13 36 38 49 52
14 37 39 50 53
15 38 40 51 54
16 39 41 52 55
0 17 40 42 53
16 22 46 50 51
17 23 47 51 52
18 24 48 52 53
19 25 49 53 54
20 26 50 54 55
0 21 27 51 55
0 1 22 28 52
1 2 23 29 53
2 3 24 30 54
3 4 25 31 55
0 4 5 26 32
1 5 6 27 33
2 6 7 28 34
3 7 8 29 35
4 8 9 30 36
5 9 10 31 37
6 10 11 32 38
7 11 12 33 39
8 12 13 34 40
9 13 14 35 41
10 14 15 36 42
11 15 16 37 43
12 16 17 38 44
13 17 18 39 45
14 18 19 40 46
15 19 20 41 47
16 20 21 42 48
17 21 22 43 49
18 22 23 44 50
19 23 24 45 51
20 24 25 46 52
21 25 26 47 53
22 26 27 48 54
23 27 28 49 55
0 24 28 29 50
1 25 29 30 51
2 26 30 31 52
3 27 31 32 53
4 28 32 33 54
5 29 33 34 55
0 6 30 34 35
1 7 31 35 36
2 8 32 36 37
3 9 33 37 38
4 10 34 38 39
5 11 35 39 40
6 12 36 40 41
7 13 37 41 42
8 14 38 42 43
9 15 39 43 44
10 16 40 44 45
11 17 41 45 46
12 18 42 46 47
13 19 43 47 48
14 20 44 48 49
15 21 45 49 50
