1 14 25 31 33 34 42 43 47
3 16 27 33 35 36 44 45 49
5 18 29 35 37 38 46 47 51
7 20 31 37 39 40 48 49 53
9 22 33 39 41 42 50 51 55
1 11 24 35 41 43 44 52 53
3 13 26 37 43 45 46 54 55
0 1 5 15 28 39 45 47 48
2 3 7 17 30 41 47 49 50
4 5 9 19 32 43 49 51 52
6 7 11 21 34 45 51 53 54
0 8 9 13 23 36 47 53 55
1 2 10 11 15 25 38 49 55
1 3 4 12 13 17 27 40 51
3 5 6 14 15 19 29 42 53
5 7 8 16 17 21 31 44 55
1 7 9 10 18 19 23 33 46
3 9 11 12 20 21 25 35 48
5 11 13 14 22 23 27 37 50
7 13 15 16 24 25 29 39 52
9 15 17 18 26 27 31 41 54
0 11 17 19 20 28 29 33 43
2 13 19 21 22 30 31 35 45
4 15 21 23 24 32 33 37 47
6 17 23 25 26 34 35 39 49
8 19 25 27 28 36 37 41 51
10 21 27 29 30 38 39 43 53
12 23 29 31 32 40 41 45 55
1 6 9 12 16 28 30 37 38
3 8 11 14 18 30 32 39 40
5 10 13 16 20 32 34 41 42
7 12 15 18 22 34 36 43 44
9 14 17 20 24 36 38 45 46
11 16 19 22 26 38 40 47 48
13 18 21 24 28 40 42 49 50
15 20 23 26 30 42 44 51 52
17 22 25 28 32 44 46 53 54
0 19 24 27 30 34 46 48 55
1 2 21 26 29 32 36 48 50
3 4 23 28 31 34 38 50 52
5 6 25 30 33 36 40 52 54
0 7 8 27 32 35 38 42 54
0 2 9 10 29 34 37 40 44
2 4 11 12 31 36 39 42 46
4 6 13 14 33 38 41 44 48
6 8 15 16 35 40 43 46 50
8 10 17 18 37 42 45 48 52
10 12 19 20 39 44 47 50 54
0 12 14 21 22 41 46 49 52
2 14 16 23 24 43 48 51 54
0 4 16 18 25 26 45 50 53
2 6 18 20 27 28 47 52 55
1 4 8 20 22 29 30 49 54
0 3 6 10 22 24 31 32 51
2 5 8 12 24 26 33 34 53
4 7 10 14 26 28 35 36 55
