6 8 16 17 34 35 49 51
1 3 14 16 24 25 42 43
9 11 22 24 32 33 50 51
2 3 17 19 30 32 40 41
10 11 25 27 38 40 48 49
0 1 18 19 33 35 46 48
0 8 9 26 27 41 43 54
10 19 26 31 32 45 51 53
3 5 18 27 34 39 40 53
5 11 13 26 35 42 47 48
0 13 19 21 34 43 50 55
2 7 8 21 27 29 42 51
3 10 15 16 29 35 37 50
2 11 18 23 24 37 43 45
2 9 13 28 29 35 38 39
10 17 21 36 37 43 46 47
18 25 29 44 45 51 54 55
3 6 7 26 33 37 52 53
4 5 11 14 15 34 41 45
12 13 19 22 23 42 49 53
1 5 20 21 27 30 31 50
9 21 22 25 30 35 45 52
4 17 29 30 33 38 43 53
5 12 25 37 38 41 46 51
3 13 20 33 45 46 49 54
1 6 11 21 28 41 53 54
5 6 9 14 19 29 36 49
1 13 14 17 22 27 37 44
6 15 20 22 39 43 48 51
0 3 14 23 28 30 47 51
3 8 11 22 31 36 38 55
7 11 16 19 30 39 44 46
15 19 24 27 38 47 52 54
4 6 23 27 32 35 46 55
7 12 14 31 35 40 43 54
4 7 18 22 41 47 49 50
1 2 12 15 26 30 49 55
1 7 9 10 20 23 34 38
9 15 17 18 28 31 42 46
17 23 25 26 36 39 50 54
2 6 25 31 33 34 44 47
10 14 33 39 41 42 52 55
5 10 28 32 43 44 49 52
1 4 13 18 36 40 51 52
3 4 9 12 21 26 44 48
0 11 12 17 20 29 34 52
4 8 19 20 25 28 37 42
12 16 27 28 33 36 45 50
2 20 24 35 36 41 44 53
0 4 21 24 31 37 39 49
1 8 12 29 32 39 45 47
9 16 20 37 40 47 53 55
5 7 17 24 28 45 48 55
0 7 13 15 25 32 36 53
5 8 15 21 23 33 40 44
13 16 23 29 31 41 48 52
2 8 14 46 48 50 52 53
0 2 4 5 10 16 22 54
6 8 10 12 13 18 24 30
14 16 18 20 21 26 32 38
22 24 26 28 29 34 40 46
30 32 34 36 37 42 48 54
0 6 38 40 42 44 45 50
