17 32 42
18 33 43
19 34 44
20 35 45
21 36 46
22 37 47
23 38 48
24 39 49
25 40 50
26 41 51
27 42 52
28 43 53
29 44 54
0 30 45
1 31 46
2 32 47
3 33 48
4 34 49
5 35 50
6 36 51
7 37 52
8 38 53
9 39 54
0 10 40
1 11 41
2 12 42
3 13 43
4 14 44
5 15 45
6 16 46
7 17 47
8 18 48
9 19 49
10 20 50
11 21 51
12 22 52
13 23 53
14 24 54
0 15 25
1 16 26
2 17 27
3 18 28
4 19 29
5 20 30
6 21 31
7 22 32
8 23 33
9 24 34
10 25 35
11 26 36
12 27 37
13 28 38
14 29 39
15 30 40
16 31 41
18 29 52
19 30 53
20 31 54
0 21 32
1 22 33
2 23 34
3 24 35
4 25 36
5 26 37
6 27 38
7 28 39
8 29 40
9 30 41
10 31 42
11 32 43
12 33 44
13 34 45
14 35 46
15 36 47
16 37 48
17 38 49
18 39 50
19 40 51
20 41 52
21 42 53
22 43 54
0 23 44
1 24 45
2 25 46
3 26 47
4 27 48
5 28 49
6 29 50
7 30 51
8 31 52
9 32 53
10 33 54
0 11 34
1 12 35
2 13 36
3 14 37
4 15 38
5 16 39
6 17 40
7 18 41
8 19 42
9 20 43
10 21 44
11 22 45
12 23 46
13 24 47
14 25 48
15 26 49
16 27 50
17 28 51
26 32 48
27 33 49
28 34 50
29 35 51
30 36 52
31 37 53
32 38 54
0 33 39
1 34 40
2 35 41
3 36 42
4 37 43
5 38 44
6 39 45
7 40 46
8 41 47
9 42 48
10 43 49
11 44 50
12 45 51
13 46 52
14 47 53
15 48 54
0 16 49
1 17 50
2 18 51
3 19 52
4 20 53
5 21 54
0 6 22
1 7 23
2 8 24
3 9 25
4 10 26
5 11 27
6 12 28
7 13 29
8 14 30
9 15 31
10 16 32
11 17 33
12 18 34
13 19 35
14 20 36
15 21 37
16 22 38
17 23 39
18 24 40
19 25 41
20 26 42
21 27 43
22 28 44
23 29 45
24 30 46
25 31 47
0 1 8
1 2 9
2 3 10
3 4 11
4 5 12
5 6 13
6 7 14
7 8 15
8 9 16
9 10 17
10 11 18
11 12 19
12 13 20
13 14 21
14 15 22
15 16 23
16 17 24
17 18 25
18 19 26
19 20 27
20 21 28
21 22 29
22 23 30
23 24 31
24 25 32
25 26 33
26 27 34
27 28 35
28 29 36
29 30 37
30 31 38
31 32 39
32 33 40
33 34 41
34 35 42
35 36 43
36 37 44
37 38 45
38 39 46
39 40 47
40 41 48
41 42 49
42 43 50
43 44 51
44 45 52
45 46 53
46 47 54
0 47 48
1 48 49
2 49 50
3 50 51
4 51 52
5 52 53
6 53 54
0 7 54
27 31 40
28 32 41
29 33 42
30 34 43
31 35 44
32 36 45
33 37 46
34 38 47
35 39 48
36 40 49
37 41 50
38 42 51
39 43 52
40 44 53
41 45 54
0 42 46
1 43 47
2 44 48
3 45 49
4 46 50
5 47 51
6 48 52
7 49 53
8 50 54
0 9 51
1 10 52
2 11 53
3 12 54
0 4 13
1 5 14
2 6 15
3 7 16
4 8 17
5 9 18
6 10 19
7 11 20
8 12 21
9 13 22
10 14 23
11 15 24
12 16 25
13 17 26
14 18 27
15 19 28
16 20 29
17 21 30
18 22 31
19 23 32
20 24 33
21 25 34
22 26 35
23 27 36
24 28 37
25 29 38
26 30 39
8 43 45
9 44 46
10 45 47
11 46 48
12 47 49
13 48 50
14 49 51
15 50 52
16 51 53
17 52 54
0 18 53
1 19 54
0 2 20
1 3 21
2 4 22
3 5 23
4 6 24
5 7 25
6 8 26
7 9 27
8 10 28
9 11 29
10 12 30
11 13 31
12 14 32
13 15 33
14 16 34
15 17 35
16 18 36
17 19 37
18 20 38
19 21 39
20 22 40
21 23 41
22 24 42
23 25 43
24 26 44
25 27 45
26 28 46
27 29 47
28 30 48
29 31 49
30 32 50
31 33 51
32 34 52
33 35 53
34 36 54
0 35 37
1 36 38
2 37 39
3 38 40
4 39 41
5 40 42
6 41 43
7 42 44
16 28 45
17 29 46
18 30 47
19 31 48
20 32 49
21 33 50
22 34 51
23 35 52
24 36 53
25 37 54
0 26 38
1 27 39
2 28 40
3 29 41
4 30 42
5 31 43
6 32 44
7 33 45
8 34 46
9 35 47
10 36 48
11 37 49
12 38 50
13 39 51
14 40 52
15 41 53
16 42 54
0 17 43
1 18 44
2 19 45
3 20 46
4 21 47
5 22 48
6 23 49
7 24 50
8 25 51
9 26 52
10 27 53
11 28 54
0 12 29
1 13 30
2 14 31
3 15 32
4 16 33
5 17 34
6 18 35
7 19 36
8 20 37
9 21 38
10 22 39
11 23 40
12 24 41
13 25 42
14 26 43
15 27 44
32 37 51
33 38 52
34 39 53
35 40 54
0 36 41
1 37 42
2 38 43
3 39 44
4 40 45
5 41 46
6 42 47
7 43 48
8 44 49
9 45 50
10 46 51
11 47 52
12 48 53
13 49 54
0 14 50
1 15 51
2 16 52
3 17 53
4 18 54
0 5 19
1 6 20
2 7 21
3 8 22
4 9 23
5 10 24
6 11 25
7 12 26
8 13 27
9 14 28
10 15 29
11 16 30
12 17 31
13 18 32
14 19 33
15 20 34
16 21 35
17 22 36
18 23 37
19 24 38
20 25 39
21 26 40
22 27 41
23 28 42
24 29 43
25 30 44
26 31 45
27 32 46
28 33 47
29 34 48
30 35 49
31 36 50
1 4 32
2 5 33
3 6 34
4 7 35
5 8 36
6 9 37
7 10 38
8 11 39
9 12 40
10 13 41
11 14 42
12 15 43
13 16 44
14 17 45
15 18 46
16 19 47
17 20 48
18 21 49
19 22 50
20 23 51
21 24 52
22 25 53
23 26 54
0 24 27
1 25 28
2 26 29
3 27 30
4 28 31
5 29 32
6 30 33
7 31 34
8 32 35
9 33 36
10 34 37
11 35 38
12 36 39
13 37 40
14 38 41
15 39 42
16 40 43
17 41 44
18 42 45
19 43 46
20 44 47
21 45 48
22 46 49
23 47 50
24 48 51
25 49 52
26 50 53
27 51 54
0 28 52
1 29 53
2 30 54
0 3 31
49 54 55
23 28 55
10 26 55
5 21 55
4 27 55
41 44 55
17 20 55
45 53 55
12 39 55
1 36 55
22 29 55
14 32 55
18 42 55
47 51 55
0 8 55
15 25 55
16 48 55
28 40 55
6 9 55
7 50 55
30 37 55
34 38 55
2 31 55
35 43 55
24 52 55
3 33 55
11 13 55
19 46 55
