20 23 29 30 33 36 41 43 45 46
5 9 15 16 24 31 34 40 46 49
3 4 7 8 21 23 26 29 37 51
16 17 18 22 23 26 35 38 45 47
4 8 13 32 33 44 46 48 53 55
6 7 8 10 16 30 36 42 53 54
11 14 15 17 23 37 39 42 50 53
0 2 22 24 28 29 37 44 45 53
0 2 6 18 26 30 32 46 49 50
4 6 7 12 13 22 29 31 50 52
5 6 11 28 29 41 44 48 49 51
13 19 21 23 27 30 31 34 42 44
7 9 14 24 26 36 39 43 44 52
21 25 28 33 35 44 46 50 52 54
4 11 13 14 22 26 27 40 41 54
1 2 8 11 19 25 31 32 47 52
2 5 7 12 14 26 27 46 47 53
1 15 17 29 40 42 43 46 47 48
2 9 12 16 18 21 37 43 44 54
14 20 27 31 38 45 48 51 52 54
3 5 13 19 24 37 45 46 50 51
1 4 9 10 27 28 30 37 40 52
4 8 16 20 24 27 35 41 47 50
1 9 10 13 14 18 20 23 25 29
8 9 11 12 29 34 38 45 50 55
2 4 10 17 25 33 34 38 43 51
3 7 8 17 18 27 28 49 52 55
3 6 25 31 37 38 40 41 43 55
7 17 18 19 24 28 36 38 40 42
5 8 10 15 19 22 39 43 51 54
2 13 19 20 35 40 43 49 53 55
0 1 10 17 21 27 41 43 45 50
4 5 12 25 30 35 39 42 45 49
0 8 18 31 36 39 40 44 47 51
1 12 16 24 25 26 42 48 51 55
12 21 22 23 25 32 36 40 48 50
6 8 14 15 21 24 32 33 40 45
0 7 13 15 16 25 27 28 33 39
2 4 5 11 15 18 23 33 36 52
1 7 14 21 22 33 34 37 47 49
2 3 9 20 22 33 39 41 42 48
0 5 6 9 13 17 23 47 54 55
15 20 26 28 30 34 36 37 47 55
7 9 17 30 31 32 35 41 51 53
0 3 11 12 14 16 28 32 43 55
1 3 12 13 15 36 38 41 44 49
10 11 21 22 24 30 38 39 46 55
0 3 4 9 14 19 30 34 35 48
7 10 11 15 20 32 35 37 45 48
16 18 19 25 29 34 41 48 52 53
1 6 27 29 32 34 35 36 39 54
6 10 12 17 19 20 26 31 33 44
0 1 5 20 21 32 38 42 52 53
3 10 23 24 28 31 47 49 53 54
