26 28 34 38 41 54
2 30 32 38 42 45
6 34 36 42 46 49
10 38 40 46 50 53
1 14 42 44 50 54
2 5 18 46 48 54
2 6 9 22 50 52
0 6 10 13 26 54
2 4 10 14 17 30
6 8 14 18 21 34
10 12 18 22 25 38
14 16 22 26 29 42
18 20 26 30 33 46
22 24 30 34 37 50
0 23 28 40 45 55
3 4 27 32 44 49
7 8 31 36 48 53
1 11 12 35 40 52
0 5 15 16 39 44
4 9 19 20 43 48
8 13 23 24 47 52
0 12 17 27 28 51
4 16 21 31 32 55
3 8 20 25 35 36
7 12 24 29 39 40
11 16 28 33 43 44
15 20 32 37 47 48
19 24 36 41 51 52
19 23 39 41 47 50
23 27 43 45 51 54
2 27 31 47 49 55
3 6 31 35 51 53
1 7 10 35 39 55
3 5 11 14 39 43
7 9 15 18 43 47
11 13 19 22 47 51
15 17 23 26 51 55
3 19 21 27 30 55
3 7 23 25 31 34
7 11 27 29 35 38
11 15 31 33 39 42
15 19 35 37 43 46
3 26 37 45 46 52
0 7 30 41 49 50
4 11 34 45 53 54
1 2 8 15 38 49
5 6 12 19 42 53
1 9 10 16 23 46
5 13 14 20 27 50
9 17 18 24 31 54
2 13 21 22 28 35
6 17 25 26 32 39
10 21 29 30 36 43
14 25 33 34 40 47
18 29 37 38 44 51
22 33 41 42 48 55
2 23 29 32 33 53
1 6 27 33 36 37
5 10 31 37 40 41
9 14 35 41 44 45
13 18 39 45 48 49
17 22 43 49 52 53
0 1 21 26 47 53
1 4 5 25 30 51
5 8 9 29 34 55
3 9 12 13 33 38
7 13 16 17 37 42
11 17 20 21 41 46
15 21 24 25 45 50
19 25 28 29 49 54
0 2 9 11 25 37
4 6 13 15 29 41
8 10 17 19 33 45
12 14 21 23 37 49
16 18 25 27 41 53
1 20 22 29 31 45
5 24 26 33 35 49
9 28 30 37 39 53
1 13 32 34 41 43
5 17 36 38 45 47
9 21 40 42 49 51
13 25 44 46 53 55
1 3 17 29 48 50
5 7 21 33 52 54
2 10 20 34 39 51
6 14 24 38 43 55
3 10 18 28 42 47
7 14 22 32 46 51
11 18 26 36 50 55
3 15 22 30 40 54
2 7 19 26 34 44
6 11 23 30 38 48
10 15 27 34 42 52
0 14 19 31 38 46
4 18 23 35 42 50
8 22 27 39 46 54
2 12 26 31 43 50
6 16 30 35 47 54
5 10 24 32 44 48
9 14 28 36 48 52
0 13 18 32 40 52
0 4 17 22 36 44
4 8 21 26 40 48
8 12 25 30 44 52
0 12 16 29 34 48
4 16 20 33 38 52
0 8 20 24 37 42
4 12 24 28 41 46
8 16 28 32 45 50
12 20 32 36 49 54
2 16 24 36 40 53
1 6 20 28 40 44
17 19 32 34 35 40
21 23 36 38 39 44
25 27 40 42 43 48
29 31 44 46 47 52
0 33 35 48 50 51
4 37 39 52 54 55
0 2 3 8 41 43
4 6 7 12 45 47
8 10 11 16 49 51
12 14 15 20 53 55
1 3 16 18 19 24
5 7 20 22 23 28
9 11 24 26 27 32
13 15 28 30 31 36
