0 8 11 23 27 38 54
0 2 10 13 25 29 40
2 4 12 15 27 31 42
4 6 14 17 29 33 44
6 8 16 19 31 35 46
8 10 18 21 33 37 48
10 12 20 23 35 39 50
12 14 22 25 37 41 52
14 16 24 27 39 43 54
0 16 18 26 29 41 45
2 18 20 28 31 43 47
4 20 22 30 33 45 49
6 22 24 32 35 47 51
8 24 26 34 37 49 53
10 26 28 36 39 51 55
1 12 28 30 38 41 53
3 14 30 32 40 43 55
1 5 16 32 34 42 45
3 7 18 34 36 44 47
5 9 20 36 38 46 49
7 11 22 38 40 48 51
9 13 24 40 42 50 53
11 15 26 42 44 52 55
1 13 17 28 44 46 54
0 3 15 19 30 46 48
2 5 17 21 32 48 50
4 7 19 23 34 50 52
6 9 21 25 36 52 54
0 4 21 28 34 35 40
2 6 23 30 36 37 42
4 8 25 32 38 39 44
6 10 27 34 40 41 46
8 12 29 36 42 43 48
10 14 31 38 44 45 50
12 16 33 40 46 47 52
14 18 35 42 48 49 54
0 16 20 37 44 50 51
2 18 22 39 46 52 53
4 20 24 41 48 54 55
0 1 6 22 26 43 50
2 3 8 24 28 45 52
4 5 10 26 30 47 54
0 6 7 12 28 32 49
2 8 9 14 30 34 51
4 10 11 16 32 36 53
6 12 13 18 34 38 55
1 8 14 15 20 36 40
3 10 16 17 22 38 42
5 12 18 19 24 40 44
7 14 20 21 26 42 46
9 16 22 23 28 44 48
11 18 24 25 30 46 50
13 20 26 27 32 48 52
15 22 28 29 34 50 54
0 17 24 30 31 36 52
2 19 26 32 33 38 54
1 11 31 33 34 39 48
3 13 33 35 36 41 50
5 15 35 37 38 43 52
7 17 37 39 40 45 54
0 9 19 39 41 42 47
2 11 21 41 43 44 49
4 13 23 43 45 46 51
6 15 25 45 47 48 53
8 17 27 47 49 50 55
1 10 19 29 49 51 52
3 12 21 31 51 53 54
0 5 14 23 33 53 55
1 2 7 16 25 35 55
1 3 4 9 18 27 37
3 5 6 11 20 29 39
5 7 8 13 22 31 41
7 9 10 15 24 33 43
9 11 12 17 26 35 45
11 13 14 19 28 37 47
13 15 16 21 30 39 49
15 17 18 23 32 41 51
17 19 20 25 34 43 53
19 21 22 27 36 45 55
1 21 23 24 29 38 47
3 23 25 26 31 40 49
5 25 27 28 33 42 51
7 27 29 30 35 44 53
9 29 31 32 37 46 55
