6 47 48 49
8 49 50 51
10 51 52 53
12 53 54 55
0 1 14 55
1 2 3 16
3 4 5 18
5 6 7 20
7 8 9 22
9 10 11 24
11 12 13 26
13 14 15 28
15 16 17 30
17 18 19 32
19 20 21 34
21 22 23 36
23 24 25 38
25 26 27 40
27 28 29 42
29 30 31 44
31 32 33 46
33 34 35 48
35 36 37 50
37 38 39 52
39 40 41 54
0 41 42 43
2 43 44 45
4 45 46 47
10 26 37 47
12 28 39 49
14 30 41 51
16 32 43 53
18 34 45 55
1 20 36 47
3 22 38 49
5 24 40 51
7 26 42 53
9 28 44 55
1 11 30 46
3 13 32 48
5 15 34 50
7 17 36 52
9 19 38 54
0 11 21 40
2 13 23 42
4 15 25 44
6 17 27 46
8 19 29 48
10 21 31 50
12 23 33 52
14 25 35 54
0 16 27 37
2 18 29 39
4 20 31 41
6 22 33 43
8 24 35 45
21 32 39 45
23 34 41 47
25 36 43 49
27 38 45 51
29 40 47 53
31 42 49 55
1 33 44 51
3 35 46 53
5 37 48 55
1 7 39 50
3 9 41 52
5 11 43 54
0 7 13 45
2 9 15 47
4 11 17 49
6 13 19 51
8 15 21 53
10 17 23 55
1 12 19 25
3 14 21 27
5 16 23 29
7 18 25 31
9 20 27 33
11 22 29 35
13 24 31 37
15 26 33 39
17 28 35 41
19 30 37 43
2 7 38 55
1 4 9 40
3 6 11 42
5 8 13 44
7 10 15 46
9 12 17 48
11 14 19 50
13 16 21 52
15 18 23 54
0 17 20 25
2 19 22 27
4 21 24 29
6 23 26 31
8 25 28 33
10 27 30 35
12 29 32 37
14 31 34 39
16 33 36 41
18 35 38 43
20 37 40 45
22 39 42 47
24 41 44 49
26 43 46 51
28 45 48 53
30 47 50 55
1 32 49 52
3 34 51 54
0 5 36 53
26 30 38 48
28 32 40 50
30 34 42 52
32 36 44 54
0 34 38 46
2 36 40 48
4 38 42 50
6 40 44 52
8 42 46 54
0 10 44 48
2 12 46 50
4 14 48 52
6 16 50 54
0 8 18 52
2 10 20 54
0 4 12 22
2 6 14 24
4 8 16 26
6 10 18 28
8 12 20 30
10 14 22 32
12 16 24 34
14 18 26 36
16 20 28 38
18 22 30 40
20 24 32 42
22 26 34 44
24 28 36 46
1 22 41 53
3 24 43 55
1 5 26 45
3 7 28 47
5 9 30 49
7 11 32 51
9 13 34 53
11 15 36 55
1 13 17 38
3 15 19 40
5 17 21 42
7 19 23 44
9 21 25 46
11 23 27 48
13 25 29 50
15 27 31 52
17 29 33 54
0 19 31 35
2 21 33 37
4 23 35 39
6 25 37 41
8 27 39 43
10 29 41 45
12 31 43 47
14 33 45 49
16 35 47 51
18 37 49 53
20 39 51 55
8 14 17 47
10 16 19 49
12 18 21 51
14 20 23 53
16 22 25 55
1 18 24 27
3 20 26 29
5 22 28 31
7 24 30 33
9 26 32 35
11 28 34 37
13 30 36 39
15 32 38 41
17 34 40 43
19 36 42 45
21 38 44 47
23 40 46 49
25 42 48 51
27 44 50 53
29 46 52 55
1 31 48 54
0 3 33 50
2 5 35 52
4 7 37 54
0 6 9 39
2 8 11 41
4 10 13 43
6 12 15 45
12 35 42 44
14 37 44 46
16 39 46 48
18 41 48 50
20 43 50 52
22 45 52 54
0 24 47 54
0 2 26 49
2 4 28 51
4 6 30 53
6 8 32 55
1 8 10 34
3 10 12 36
5 12 14 38
7 14 16 40
9 16 18 42
11 18 20 44
13 20 22 46
15 22 24 48
17 24 26 50
19 26 28 52
21 28 30 54
0 23 30 32
2 25 32 34
4 27 34 36
6 29 36 38
8 31 38 40
10 33 40 42
3 17 39 44
5 19 41 46
7 21 43 48
9 23 45 50
11 25 47 52
13 27 49 54
0 15 29 51
2 17 31 53
4 19 33 55
1 6 21 35
3 8 23 37
5 10 25 39
7 12 27 41
9 14 29 43
11 16 31 45
13 18 33 47
15 20 35 49
17 22 37 51
19 24 39 53
21 26 41 55
1 23 28 43
3 25 30 45
5 27 32 47
7 29 34 49
9 31 36 51
11 33 38 53
13 35 40 55
1 15 37 42
4 22 32 50
0 25 28 53
13 20 41 48
10 15 38 43
8 23 36 51
11 18 39 46
12 27 40 55
1 16 29 44
7 21 35 49
3 24 31 52
6 9 34 37
14 19 42 47
2 5 30 33
17 26 45 54
