14 23 26 31 33 46
15 24 27 32 34 47
16 25 28 33 35 48
17 26 29 34 36 49
18 27 30 35 37 50
19 28 31 36 38 51
20 29 32 37 39 52
21 30 33 38 40 53
22 31 34 39 41 54
23 32 35 40 42 55
0 24 33 36 41 43
1 25 34 37 42 44
2 26 35 38 43 45
3 27 36 39 44 46
4 28 37 40 45 47
5 29 38 41 46 48
6 30 39 42 47 49
7 31 40 43 48 50
8 32 41 44 49 51
9 33 42 45 50 52
10 34 43 46 51 53
11 35 44 47 52 54
12 36 45 48 53 55
0 13 37 46 49 54
1 14 38 47 50 55
0 2 15 39 48 51
1 3 16 40 49 52
2 4 17 41 50 53
3 5 18 42 51 54
4 6 19 43 52 55
0 5 7 20 44 53
1 6 8 21 45 54
2 7 9 22 46 55
0 3 8 10 23 47
1 4 9 11 24 48
2 5 10 12 25 49
3 6 11 13 26 50
4 7 12 14 27 51
5 8 13 15 28 52
6 9 14 16 29 53
7 10 15 17 30 54
8 11 16 18 31 55
0 9 12 17 19 32
1 10 13 18 20 33
2 11 14 19 21 34
3 12 15 20 22 35
4 13 16 21 23 36
5 14 17 22 24 37
6 15 18 23 25 38
7 16 19 24 26 39
8 17 20 25 27 40
9 18 21 26 28 41
10 19 22 27 29 42
11 20 23 28 30 43
12 21 24 29 31 44
13 22 25 30 32 45
8 19 24 25 46 50
9 20 25 26 47 51
10 21 26 27 48 52
11 22 27 28 49 53
12 23 28 29 50 54
13 24 29 30 51 55
0 14 25 30 31 52
1 15 26 31 32 53
2 16 27 32 33 54
3 17 28 33 34 55
0 4 18 29 34 35
1 5 19 30 35 36
2 6 20 31 36 37
3 7 21 32 37 38
4 8 22 33 38 39
5 9 23 34 39 40
6 10 24 35 40 41
7 11 25 36 41 42
8 12 26 37 42 43
9 13 27 38 43 44
10 14 28 39 44 45
11 15 29 40 45 46
12 16 30 41 46 47
13 17 31 42 47 48
14 18 32 43 48 49
15 19 33 44 49 50
16 20 34 45 50 51
17 21 35 46 51 52
18 22 36 47 52 53
19 23 37 48 53 54
20 24 38 49 54 55
0 21 25 39 50 55
0 1 22 26 40 51
1 2 23 27 41 52
2 3 24 28 42 53
3 4 25 29 43 54
4 5 26 30 44 55
0 5 6 27 31 45
1 6 7 28 32 46
2 7 8 29 33 47
3 8 9 30 34 48
4 9 10 31 35 49
5 10 11 32 36 50
6 11 12 33 37 51
7 12 13 34 38 52
8 13 14 35 39 53
9 14 15 36 40 54
10 15 16 37 41 55
0 11 16 17 38 42
1 12 17 18 39 43
2 13 18 19 40 44
3 14 19 20 41 45
4 15 20 21 42 46
5 16 21 22 43 47
6 17 22 23 44 48
7 18 23 24 45 49
6 10 20 34 48 56
3 4 10 31 32 38
16 18 28 44 46 56
7 9 11 35 39 56
0 19 26 28 47 56
3 13 25 41 53 56
9 17 24 37 45 56
1 2 29 30 38 56
22 24 31 50 52 56
4 8 14 36 42 56
5 15 33 39 43 56
21 27 34 49 55 56
23 37 44 51 52 56
12 26 32 40 54 56
