4 7 25 27 30 37 39 44 45
7 10 28 30 33 40 42 47 48
10 13 31 33 36 43 45 50 51
13 16 34 36 39 46 48 53 54
0 16 19 37 39 42 49 51 56
2 3 19 22 40 42 45 52 54
0 5 6 22 25 43 45 48 55
1 3 8 9 25 28 46 48 51
4 6 11 12 28 31 49 51 54
0 7 9 14 15 31 34 52 54
0 3 10 12 17 18 34 37 55
1 3 6 13 15 20 21 37 40
4 6 9 16 18 23 24 40 43
7 9 12 19 21 26 27 43 46
10 12 15 22 24 29 30 46 49
13 15 18 25 27 32 33 49 52
16 18 21 28 30 35 36 52 55
1 19 21 24 31 33 38 39 55
1 4 22 24 27 34 36 41 42
0 3 7 11 23 29 32 36 38
3 6 10 14 26 32 35 39 41
6 9 13 17 29 35 38 42 44
9 12 16 20 32 38 41 45 47
12 15 19 23 35 41 44 48 50
15 18 22 26 38 44 47 51 53
18 21 25 29 41 47 50 54 56
0 2 21 24 28 32 44 50 53
3 5 24 27 31 35 47 53 56
2 6 8 27 30 34 38 50 56
2 5 9 11 30 33 37 41 53
5 8 12 14 33 36 40 44 56
2 8 11 15 17 36 39 43 47
5 11 14 18 20 39 42 46 50
8 14 17 21 23 42 45 49 53
11 17 20 24 26 45 48 52 56
2 14 20 23 27 29 48 51 55
1 5 17 23 26 30 32 51 54
0 4 8 20 26 29 33 35 54
6 23 33 34 37 44 46 47 52
9 26 36 37 40 47 49 50 55
1 12 29 39 40 43 50 52 53
4 15 32 42 43 46 53 55 56
1 2 7 18 35 45 46 49 56
2 4 5 10 21 38 48 49 52
5 7 8 13 24 41 51 52 55
1 8 10 11 16 27 44 54 55
0 1 4 11 13 14 19 30 47
3 4 7 14 16 17 22 33 50
6 7 10 17 19 20 25 36 53
9 10 13 20 22 23 28 39 56
2 12 13 16 23 25 26 31 42
5 15 16 19 26 28 29 34 45
8 18 19 22 29 31 32 37 48
11 21 22 25 32 34 35 40 51
14 24 25 28 35 37 38 43 54
0 17 27 28 31 38 40 41 46
3 20 30 31 34 41 43 44 49
