12 24 33 39
15 27 36 42
18 30 39 45
21 33 42 48
24 36 45 51
27 39 48 54
0 30 42 51
3 33 45 54
0 6 36 48
3 9 39 51
6 12 42 54
0 9 15 45
3 12 18 48
6 15 21 51
9 18 24 54
0 12 21 27
3 15 24 30
6 18 27 33
9 21 30 36
13 16 32 48
16 19 35 51
19 22 38 54
0 22 25 41
3 25 28 44
6 28 31 47
9 31 34 50
12 34 37 53
15 37 40 56
2 18 40 43
5 21 43 46
8 24 46 49
11 27 49 52
14 30 52 55
1 17 33 55
1 4 20 36
4 7 23 39
7 10 26 42
10 13 29 45
16 18 34 49
19 21 37 52
22 24 40 55
1 25 27 43
4 28 30 46
7 31 33 49
10 34 36 52
13 37 39 55
1 16 40 42
4 19 43 45
7 22 46 48
10 25 49 51
13 28 52 54
0 16 31 55
1 3 19 34
4 6 22 37
7 9 25 40
10 12 28 43
13 15 31 46
12 13 23 52
15 16 26 55
1 18 19 29
4 21 22 32
7 24 25 35
10 27 28 38
13 30 31 41
16 33 34 44
19 36 37 47
22 39 40 50
25 42 43 53
28 45 46 56
2 31 48 49
5 34 51 52
8 37 54 55
0 1 11 40
3 4 14 43
6 7 17 46
9 10 20 49
8 11 19 44
11 14 22 47
14 17 25 50
17 20 28 53
20 23 31 56
2 23 26 34
5 26 29 37
8 29 32 40
11 32 35 43
14 35 38 46
17 38 41 49
20 41 44 52
23 44 47 55
1 26 47 50
4 29 50 53
7 32 53 56
2 10 35 56
2 5 13 38
5 8 16 41
14 26 30 48
17 29 33 51
20 32 36 54
0 23 35 39
3 26 38 42
6 29 41 45
9 32 44 48
12 35 47 51
15 38 50 54
0 18 41 53
3 21 44 56
2 6 24 47
5 9 27 50
8 12 30 53
11 15 33 56
2 14 18 36
5 17 21 39
8 20 24 42
11 23 27 45
33 37 38 44
36 40 41 47
39 43 44 50
42 46 47 53
45 49 50 56
2 48 52 53
5 51 55 56
1 2 8 54
0 4 5 11
3 7 8 14
6 10 11 17
9 13 14 20
12 16 17 23
15 19 20 26
18 22 23 29
21 25 26 32
24 28 29 35
27 31 32 38
30 34 35 41
13 25 29 42
16 28 32 45
19 31 35 48
22 34 38 51
25 37 41 54
0 28 40 44
3 31 43 47
6 34 46 50
9 37 49 53
12 40 52 56
2 15 43 55
1 5 18 46
4 8 21 49
7 11 24 52
10 14 27 55
1 13 17 30
4 16 20 33
7 19 23 36
10 22 26 39
13 26 36 56
2 16 29 39
5 19 32 42
8 22 35 45
11 25 38 48
14 28 41 51
17 31 44 54
0 20 34 47
3 23 37 50
6 26 40 53
9 29 43 56
2 12 32 46
5 15 35 49
8 18 38 52
11 21 41 55
1 14 24 44
4 17 27 47
7 20 30 50
10 23 33 53
15 22 44 53
18 25 47 56
2 21 28 50
5 24 31 53
8 27 34 56
2 11 30 37
5 14 33 40
8 17 36 43
11 20 39 46
14 23 42 49
17 26 45 52
20 29 48 55
1 23 32 51
4 26 35 54
0 7 29 38
3 10 32 41
6 13 35 44
9 16 38 47
12 19 41 50
8 48 50 51
11 51 53 54
0 14 54 56
0 2 3 17
3 5 6 20
6 8 9 23
9 11 12 26
12 14 15 29
15 17 18 32
18 20 21 35
21 23 24 38
24 26 27 41
27 29 30 44
30 32 33 47
33 35 36 50
36 38 39 53
39 41 42 56
2 42 44 45
5 45 47 48
2 4 9 41
5 7 12 44
8 10 15 47
11 13 18 50
14 16 21 53
17 19 24 56
2 20 22 27
5 23 25 30
8 26 28 33
11 29 31 36
14 32 34 39
17 35 37 42
20 38 40 45
23 41 43 48
26 44 46 51
29 47 49 54
0 32 50 52
3 35 53 55
1 6 38 56
7 16 43 54
0 10 19 46
3 13 22 49
6 16 25 52
9 19 28 55
1 12 22 31
4 15 25 34
7 18 28 37
10 21 31 40
13 24 34 43
16 27 37 46
19 30 40 49
22 33 43 52
25 36 46 55
1 28 39 49
4 31 42 52
7 34 45 55
1 10 37 48
4 13 40 51
18 42 50 55
1 21 45 53
4 24 48 56
2 7 27 51
5 10 30 54
0 8 13 33
3 11 16 36
6 14 19 39
9 17 22 42
12 20 25 45
15 23 28 48
18 26 31 51
21 29 34 54
0 24 32 37
3 27 35 40
6 30 38 43
9 33 41 46
12 36 44 49
15 39 47 52
11 28 34 42
14 31 37 45
17 34 40 48
20 37 43 51
23 40 46 54
0 26 43 49
3 29 46 52
6 32 49 55
1 9 35 52
4 12 38 55
1 7 15 41
4 10 18 44
7 13 21 47
10 16 24 50
13 19 27 53
16 22 30 56
2 19 25 33
5 22 28 36
8 25 31 39
