2 21 30 32 42
5 24 33 35 45
8 27 36 38 48
11 30 39 41 51
14 33 42 44 54
0 17 36 45 47
3 20 39 48 50
6 23 42 51 53
9 26 45 54 56
0 2 12 29 48
3 5 15 32 51
6 8 18 35 54
0 9 11 21 38
3 12 14 24 41
6 15 17 27 44
9 18 20 30 47
12 21 23 33 50
15 24 26 36 53
18 27 29 39 56
5 10 11 29 54
0 8 13 14 32
3 11 16 17 35
6 14 19 20 38
9 17 22 23 41
12 20 25 26 44
15 23 28 29 47
18 26 31 32 50
21 29 34 35 53
24 32 37 38 56
2 27 35 40 41
5 30 38 43 44
8 33 41 46 47
11 36 44 49 50
14 39 47 52 53
17 42 50 55 56
1 2 20 45 53
4 5 23 48 56
2 7 8 26 51
1 13 18 21 51
4 16 21 24 54
0 7 19 24 27
3 10 22 27 30
6 13 25 30 33
9 16 28 33 36
12 19 31 36 39
15 22 34 39 42
18 25 37 42 45
21 28 40 45 48
24 31 43 48 51
27 34 46 51 54
0 30 37 49 54
0 3 33 40 52
3 6 36 43 55
1 6 9 39 46
4 9 12 42 49
7 12 15 45 52
10 15 18 48 55
2 23 46 49 55
1 5 26 49 52
4 8 29 52 55
1 7 11 32 55
1 4 10 14 35
4 7 13 17 38
7 10 16 20 41
10 13 19 23 44
13 16 22 26 47
16 19 25 29 50
19 22 28 32 53
22 25 31 35 56
2 25 28 34 38
5 28 31 37 41
8 31 34 40 44
11 34 37 43 47
14 37 40 46 50
17 40 43 49 53
20 43 46 52 56
6 10 21 26 37
9 13 24 29 40
12 16 27 32 43
15 19 30 35 46
18 22 33 38 49
21 25 36 41 52
24 28 39 44 55
1 27 31 42 47
4 30 34 45 50
7 33 37 48 53
10 36 40 51 56
2 13 39 43 54
0 5 16 42 46
3 8 19 45 49
6 11 22 48 52
9 14 25 51 55
1 12 17 28 54
0 4 15 20 31
3 7 18 23 34
1 15 16 38 40
4 18 19 41 43
7 21 22 44 46
10 24 25 47 49
13 27 28 50 52
16 30 31 53 55
1 19 33 34 56
2 4 22 36 37
5 7 25 39 40
8 10 28 42 43
11 13 31 45 46
14 16 34 48 49
17 19 37 51 52
20 22 40 54 55
0 1 23 25 43
3 4 26 28 46
6 7 29 31 49
9 10 32 34 52
12 13 35 37 55
5 8 9 17 30
8 11 12 20 33
11 14 15 23 36
14 17 18 26 39
17 20 21 29 42
20 23 24 32 45
23 26 27 35 48
26 29 30 38 51
29 32 33 41 54
0 32 35 36 44
3 35 38 39 47
6 38 41 42 50
9 41 44 45 53
12 44 47 48 56
2 15 47 50 51
5 18 50 53 54
0 8 21 53 56
2 3 11 24 56
2 5 6 14 27
0 6 11 18 28
3 9 14 21 31
6 12 17 24 34
9 15 20 27 37
12 18 23 30 40
15 21 26 33 43
18 24 29 36 46
21 27 32 39 49
24 30 35 42 52
27 33 38 45 55
1 30 36 41 48
4 33 39 44 51
7 36 42 47 54
0 10 39 45 50
3 13 42 48 53
6 16 45 51 56
2 9 19 48 54
0 5 12 22 51
3 8 15 25 54
1 8 22 24 50
4 11 25 27 53
7 14 28 30 56
2 10 17 31 33
5 13 20 34 36
8 16 23 37 39
11 19 26 40 42
14 22 29 43 45
17 25 32 46 48
20 28 35 49 51
23 31 38 52 54
0 26 34 41 55
1 3 29 37 44
4 6 32 40 47
7 9 35 43 50
10 12 38 46 53
13 15 41 49 56
2 16 18 44 52
5 19 21 47 55
