5 17 28 32 33 35 52
0 9 21 32 36 37 39
4 13 25 36 40 41 43
8 17 29 40 44 45 47
12 21 33 44 48 49 51
16 25 37 48 52 53 55
0 1 3 20 29 41 52
0 4 5 7 24 33 45
4 8 9 11 28 37 49
8 12 13 15 32 41 53
1 12 16 17 19 36 45
5 16 20 21 23 40 49
9 20 24 25 27 44 53
1 13 24 28 29 31 48
2 3 9 12 17 23 55
3 6 7 13 16 21 27
7 10 11 17 20 25 31
11 14 15 21 24 29 35
15 18 19 25 28 33 39
19 22 23 29 32 37 43
23 26 27 33 36 41 47
27 30 31 37 40 45 51
31 34 35 41 44 49 55
3 35 38 39 45 48 53
1 7 39 42 43 49 52
0 5 11 43 46 47 53
1 4 9 15 47 50 51
5 8 13 19 51 54 55
2 29 33 34 36 50 53
1 6 33 37 38 40 54
2 5 10 37 41 42 44
6 9 14 41 45 46 48
10 13 18 45 49 50 52
0 14 17 22 49 53 54
1 2 4 18 21 26 53
1 5 6 8 22 25 30
5 9 10 12 26 29 34
9 13 14 16 30 33 38
13 17 18 20 34 37 42
17 21 22 24 38 41 46
21 25 26 28 42 45 50
25 29 30 32 46 49 54
5 15 18 27 38 42 55
3 9 19 22 31 42 46
7 13 23 26 35 46 50
11 17 27 30 39 50 54
2 15 21 31 34 43 54
2 6 19 25 35 38 47
6 10 23 29 39 42 51
10 14 27 33 43 46 55
3 14 18 31 37 47 50
7 18 22 35 41 51 54
2 11 22 26 39 45 55
3 6 15 26 30 43 49
7 10 19 30 34 47 53
1 11 14 23 34 38 51
6 17 18 32 34 40 55
3 10 21 22 36 38 44
7 14 25 26 40 42 48
11 18 29 30 44 46 52
0 15 22 33 34 48 50
4 19 26 37 38 52 54
0 2 8 23 30 41 42
4 6 12 27 34 45 46
8 10 16 31 38 49 50
12 14 20 35 42 53 54
1 2 16 18 24 39 46
5 6 20 22 28 43 50
9 10 24 26 32 47 54
2 13 14 28 30 36 51
4 20 21 30 47 48 55
3 8 24 25 34 51 52
0 7 12 28 29 38 55
3 4 11 16 32 33 42
7 8 15 20 36 37 46
11 12 19 24 40 41 50
15 16 23 28 44 45 54
2 19 20 27 32 48 49
6 23 24 31 36 52 53
0 1 10 27 28 35 40
4 5 14 31 32 39 44
8 9 18 35 36 43 48
12 13 22 39 40 47 52
0 16 17 26 43 44 51
24 36 42 47 49 55 56
3 28 40 46 51 53 56
1 7 32 44 50 55 56
3 5 11 36 48 54 56
2 7 9 15 40 52 56
0 6 11 13 19 44 56
4 10 15 17 23 48 56
8 14 19 21 27 52 56
0 12 18 23 25 31 56
4 16 22 27 29 35 56
8 20 26 31 33 39 56
12 24 30 35 37 43 56
16 28 34 39 41 47 56
20 32 38 43 45 51 56
