0 4 12 13 17 24 27 37 44 48
0 1 2 6 11 14 25 28 38 44
2 6 8 19 20 21 24 30 35 54
3 8 9 11 15 18 21 37 39 51
3 5 17 21 27 34 36 46 47 55
0 10 24 29 34 38 39 49 51 53
0 1 15 21 28 35 43 46 49 56
2 4 15 25 27 31 36 40 50 53
2 12 14 15 23 29 37 40 49 54
6 10 11 12 15 22 26 30 36 46
2 5 7 11 16 18 43 45 48 55
2 9 20 26 29 40 44 45 46 52
12 18 25 28 30 34 35 41 43 52
8 10 21 23 28 31 33 43 48 52
1 3 4 6 20 22 37 38 43 45
1 30 33 34 42 44 50 51 54 55
3 7 10 19 20 28 34 36 37 40
5 13 19 23 30 37 38 46 50 52
10 11 13 20 24 25 31 49 50 55
5 13 14 15 20 25 32 33 39 52
24 26 28 33 35 37 45 50 53 56
11 20 27 30 32 41 46 48 51 53
0 9 16 18 20 23 33 36 38 54
10 14 17 18 19 26 27 39 42 43
4 6 7 9 12 23 30 39 53 55
6 9 17 31 32 34 35 48 49 50
4 8 10 14 18 34 42 45 46 50
14 22 35 38 39 40 41 47 48 55
2 7 22 23 24 32 33 34 46 47
3 7 14 18 21 22 32 44 49 53
5 9 10 16 22 23 25 27 35 44
1 2 7 10 13 15 17 37 41 55
6 13 21 32 36 40 43 45 47 51
5 6 7 8 12 17 25 29 33 46
4 5 13 18 26 28 29 47 53 54
0 8 9 13 22 26 42 43 49 55
1 8 15 16 26 34 36 48 52 53
1 19 23 27 28 29 31 32 39 55
0 2 3 12 16 19 39 45 50 51
4 7 16 21 26 29 32 38 41 50
3 17 23 25 26 31 41 45 51 54
0 1 5 18 24 30 31 37 40 47
16 24 31 36 39 43 44 46 54 56
8 15 27 30 33 38 44 45 47 49
11 19 22 29 41 43 44 47 50 53
2 3 13 29 30 35 36 42 48 56
4 11 13 16 19 33 34 40 49 56
14 16 17 22 28 30 31 38 51 56
6 16 17 20 37 42 47 49 52 53
9 10 12 25 32 37 47 48 54 56
3 6 18 24 27 33 41 52 55 56
1 5 9 12 14 24 36 41 49 51
0 8 11 17 23 32 40 41 42 56
5 7 12 20 21 26 31 38 42 56
9 15 19 21 24 25 28 42 45 48
0 4 7 11 22 27 35 51 52 54
