3 4 10 17 22 30 32 46 57
1 5 6 12 19 24 32 34 48
3 7 8 14 21 26 34 36 50
5 9 10 16 23 28 36 38 52
7 11 12 18 25 30 38 40 54
9 13 14 20 27 32 40 42 56
0 11 15 16 22 29 34 42 44
2 13 17 18 24 31 36 44 46
4 15 19 20 26 33 38 46 48
6 17 21 22 28 35 40 48 50
8 19 23 24 30 37 42 50 52
10 21 25 26 32 39 44 52 54
12 23 27 28 34 41 46 54 56
0 14 25 29 30 36 43 48 56
0 2 16 27 31 32 38 45 50
2 4 18 29 33 34 40 47 52
4 6 20 31 35 36 42 49 54
6 8 22 33 37 38 44 51 56
0 8 10 24 35 39 40 46 53
2 10 12 26 37 41 42 48 55
4 12 14 28 39 43 44 50 57
1 6 14 16 30 41 45 46 52
3 8 16 18 32 43 47 48 54
5 10 18 20 34 45 49 50 56
0 7 12 20 22 36 47 51 52
2 9 14 22 24 38 49 53 54
4 11 16 24 26 40 51 55 56
0 6 13 18 26 28 42 53 57
1 2 8 15 20 28 30 44 55
1 10 13 19 27 29 50 51 54
3 12 15 21 29 31 52 53 56
0 5 14 17 23 31 33 54 55
2 7 16 19 25 33 35 56 57
0 1 4 9 18 21 27 35 37
2 3 6 11 20 23 29 37 39
4 5 8 13 22 25 31 39 41
6 7 10 15 24 27 33 41 43
8 9 12 17 26 29 35 43 45
10 11 14 19 28 31 37 45 47
12 13 16 21 30 33 39 47 49
14 15 18 23 32 35 41 49 51
16 17 20 25 34 37 43 51 53
18 19 22 27 36 39 45 53 55
20 21 24 29 38 41 47 55 57
1 22 23 26 31 40 43 49 57
1 3 24 25 28 33 42 45 51
3 5 26 27 30 35 44 47 53
5 7 28 29 32 37 46 49 55
7 9 30 31 34 39 48 51 57
1 9 11 32 33 36 41 50 53
3 11 13 34 35 38 43 52 55
5 13 15 36 37 40 45 54 57
1 7 15 17 38 39 42 47 56
0 3 9 17 19 40 41 44 49
2 5 11 19 21 42 43 46 51
4 7 13 21 23 44 45 48 53
6 9 15 23 25 46 47 50 55
8 11 17 25 27 48 49 52 57
