20 22 24 46 56 57
2 23 25 27 49 57
5 26 28 30 52 57
8 29 31 33 55 57
1 11 32 34 36 57
4 14 35 37 39 57
7 17 38 40 42 57
10 20 41 43 45 57
13 23 44 46 48 57
16 26 47 49 51 57
19 29 50 52 54 57
0 22 32 53 55 57
1 3 25 35 56 57
2 4 6 28 38 57
5 7 9 31 41 57
8 10 12 34 44 57
11 13 15 37 47 57
14 16 18 40 50 57
17 19 21 43 53 57
3 5 11 13 40 51
6 8 14 16 43 54
0 9 11 17 19 46
3 12 14 20 22 49
6 15 17 23 25 52
9 18 20 26 28 55
1 12 21 23 29 31
4 15 24 26 32 34
7 18 27 29 35 37
10 21 30 32 38 40
13 24 33 35 41 43
16 27 36 38 44 46
19 30 39 41 47 49
22 33 42 44 50 52
25 36 45 47 53 55
1 28 39 48 50 56
2 4 31 42 51 53
5 7 34 45 54 56
0 2 8 10 37 48
25 30 31 43 46 50
28 33 34 46 49 53
31 36 37 49 52 56
2 34 39 40 52 55
1 5 37 42 43 55
1 4 8 40 45 46
4 7 11 43 48 49
7 10 14 46 51 52
10 13 17 49 54 55
0 1 13 16 20 52
3 4 16 19 23 55
1 6 7 19 22 26
4 9 10 22 25 29
7 12 13 25 28 32
10 15 16 28 31 35
13 18 19 31 34 38
16 21 22 34 37 41
19 24 25 37 40 44
22 27 28 40 43 47
17 18 24 42 45 49
20 21 27 45 48 52
23 24 30 48 51 55
1 26 27 33 51 54
0 4 29 30 36 54
0 3 7 32 33 39
3 6 10 35 36 42
6 9 13 38 39 45
9 12 16 41 42 48
12 15 19 44 45 51
15 18 22 47 48 54
0 18 21 25 50 51
3 21 24 28 53 54
0 6 24 27 31 56
2 3 9 27 30 34
5 6 12 30 33 37
8 9 15 33 36 40
11 12 18 36 39 43
14 15 21 39 42 46
6 9 23 32 43 51
9 12 26 35 46 54
0 12 15 29 38 49
3 15 18 32 41 52
6 18 21 35 44 55
1 9 21 24 38 47
4 12 24 27 41 50
7 15 27 30 44 53
10 18 30 33 47 56
2 13 21 33 36 50
5 16 24 36 39 53
8 19 27 39 42 56
2 11 22 30 42 45
5 14 25 33 45 48
8 17 28 36 48 51
11 20 31 39 51 54
0 14 23 34 42 54
0 3 17 26 37 45
3 6 20 29 40 48
3 8 24 38 43 52
6 11 27 41 46 55
1 9 14 30 44 49
4 12 17 33 47 52
7 15 20 36 50 55
1 10 18 23 39 53
4 13 21 26 42 56
2 7 16 24 29 45
5 10 19 27 32 48
8 13 22 30 35 51
11 16 25 33 38 54
0 14 19 28 36 41
3 17 22 31 39 44
6 20 25 34 42 47
9 23 28 37 45 50
12 26 31 40 48 53
15 29 34 43 51 56
2 18 32 37 46 54
0 5 21 35 40 49
4 5 8 18 20 44
7 8 11 21 23 47
10 11 14 24 26 50
13 14 17 27 29 53
16 17 20 30 32 56
2 19 20 23 33 35
5 22 23 26 36 38
8 25 26 29 39 41
11 28 29 32 42 44
14 31 32 35 45 47
17 34 35 38 48 50
20 37 38 41 51 53
23 40 41 44 54 56
0 2 26 43 44 47
3 5 29 46 47 50
6 8 32 49 50 53
9 11 35 52 53 56
2 12 14 38 55 56
1 2 5 15 17 41
