22 29 31 50
25 32 34 53
28 35 37 56
2 31 38 40
5 34 41 43
8 37 44 46
11 40 47 49
14 43 50 52
17 46 53 55
1 20 49 56
2 4 23 52
5 7 26 55
1 8 10 29
4 11 13 32
7 14 16 35
10 17 19 38
13 20 22 41
16 23 25 44
19 26 28 47
0 22 40 42
3 25 43 45
6 28 46 48
9 31 49 51
12 34 52 54
0 15 37 55
1 3 18 40
4 6 21 43
7 9 24 46
10 12 27 49
13 15 30 52
16 18 33 55
1 19 21 36
4 22 24 39
7 25 27 42
10 28 30 45
13 31 33 48
16 34 36 51
19 37 39 54
6 18 23 54
0 9 21 26
3 12 24 29
6 15 27 32
9 18 30 35
12 21 33 38
15 24 36 41
18 27 39 44
21 30 42 47
24 33 45 50
27 36 48 53
30 39 51 56
2 33 42 54
0 5 36 45
3 8 39 48
6 11 42 51
9 14 45 54
0 12 17 48
3 15 20 51
0 8 24 25
3 11 27 28
6 14 30 31
9 17 33 34
12 20 36 37
15 23 39 40
18 26 42 43
21 29 45 46
24 32 48 49
27 35 51 52
30 38 54 55
0 1 33 41
3 4 36 44
6 7 39 47
9 10 42 50
12 13 45 53
15 16 48 56
2 18 19 51
5 21 22 54
23 24 27 55
1 26 27 30
4 29 30 33
7 32 33 36
10 35 36 39
13 38 39 42
16 41 42 45
19 44 45 48
22 47 48 51
25 50 51 54
0 28 53 54
0 3 31 56
2 3 6 34
5 6 9 37
8 9 12 40
11 12 15 43
14 15 18 46
17 18 21 49
20 21 24 52
10 14 32 44
13 17 35 47
16 20 38 50
19 23 41 53
22 26 44 56
2 25 29 47
5 28 32 50
8 31 35 53
11 34 38 56
2 14 37 41
5 17 40 44
8 20 43 47
11 23 46 50
14 26 49 53
17 29 52 56
2 20 32 55
1 5 23 35
4 8 26 38
7 11 29 41
8 13 23 49
11 16 26 52
14 19 29 55
1 17 22 32
4 20 25 35
7 23 28 38
10 26 31 41
13 29 34 44
16 32 37 47
19 35 40 50
22 38 43 53
25 41 46 56
2 28 44 49
5 31 47 52
8 34 50 55
1 11 37 53
4 14 40 56
2 7 17 43
5 10 20 46
1 28 42 52
4 31 45 55
1 7 34 48
4 10 37 51
7 13 40 54
0 10 16 43
3 13 19 46
6 16 22 49
9 19 25 52
12 22 28 55
1 15 25 31
4 18 28 34
7 21 31 37
10 24 34 40
13 27 37 43
16 30 40 46
19 33 43 49
22 36 46 52
25 39 49 55
18 36 38 47
21 39 41 50
24 42 44 53
27 45 47 56
2 30 48 50
5 33 51 53
8 36 54 56
0 2 11 39
3 5 14 42
6 8 17 45
9 11 20 48
12 14 23 51
15 17 26 54
0 18 20 29
3 21 23 32
6 24 26 35
9 27 29 38
12 30 32 41
15 33 35 44
4 15 53 57
7 18 56 57
2 10 21 57
5 13 24 57
8 16 27 57
11 19 30 57
14 22 33 57
17 25 36 57
20 28 39 57
23 31 42 57
26 34 45 57
29 37 48 57
32 40 51 57
35 43 54 57
0 38 46 57
3 41 49 57
6 44 52 57
9 47 55 57
1 12 50 57
18 41 48 52
21 44 51 55
1 24 47 54
0 4 27 50
3 7 30 53
6 10 33 56
2 9 13 36
5 12 16 39
8 15 19 42
11 18 22 45
14 21 25 48
17 24 28 51
20 27 31 54
0 23 30 34
3 26 33 37
6 29 36 40
9 32 39 43
12 35 42 46
15 38 45 49
11 17 31 44
14 20 34 47
17 23 37 50
20 26 40 53
23 29 43 56
2 26 32 46
5 29 35 49
8 32 38 52
11 35 41 55
1 14 38 44
4 17 41 47
7 20 44 50
10 23 47 53
13 26 50 56
2 16 29 53
5 19 32 56
2 8 22 35
5 11 25 38
8 14 28 41
12 18 31 32
15 21 34 35
18 24 37 38
21 27 40 41
24 30 43 44
27 33 46 47
30 36 49 50
33 39 52 53
36 42 55 56
1 2 39 45
4 5 42 48
7 8 45 51
10 11 48 54
0 13 14 51
3 16 17 54
0 6 19 20
3 9 22 23
6 12 25 26
9 15 28 29
11 14 24 36
14 17 27 39
17 20 30 42
20 23 33 45
23 26 36 48
26 29 39 51
29 32 42 54
0 32 35 45
3 35 38 48
6 38 41 51
9 41 44 54
0 12 44 47
3 15 47 50
6 18 50 53
9 21 53 56
2 12 24 56
2 5 15 27
5 8 18 30
8 11 21 33
10 13 18 25
13 16 21 28
16 19 24 31
19 22 27 34
22 25 30 37
25 28 33 40
28 31 36 43
31 34 39 46
34 37 42 49
37 40 45 52
40 43 48 55
1 43 46 51
4 46 49 54
0 7 49 52
3 10 52 55
1 6 13 55
1 4 9 16
4 7 12 19
7 10 15 22
