2 12 24 30 35 38 39 40
5 15 27 33 38 41 42 43
8 18 30 36 41 44 45 46
11 21 33 39 44 47 48 49
14 24 36 42 47 50 51 52
17 27 39 45 50 53 54 55
0 1 20 30 42 48 53 56
2 3 4 23 33 45 51 56
2 5 6 7 26 36 48 54
0 5 8 9 10 29 39 51
3 8 11 12 13 32 42 54
0 6 11 14 15 16 35 45
3 9 14 17 18 19 38 48
6 12 17 20 21 22 41 51
9 15 20 23 24 25 44 54
0 12 18 23 26 27 28 47
3 15 21 26 29 30 31 50
6 18 24 29 32 33 34 53
9 21 27 32 35 36 37 56
1 7 9 12 16 33 46 50
4 10 12 15 19 36 49 53
7 13 15 18 22 39 52 56
2 10 16 18 21 25 42 55
1 5 13 19 21 24 28 45
4 8 16 22 24 27 31 48
7 11 19 25 27 30 34 51
10 14 22 28 30 33 37 54
0 13 17 25 31 33 36 40
3 16 20 28 34 36 39 43
6 19 23 31 37 39 42 46
9 22 26 34 40 42 45 49
12 25 29 37 43 45 48 52
15 28 32 40 46 48 51 55
1 18 31 35 43 49 51 54
0 4 21 34 38 46 52 54
0 3 7 24 37 41 49 55
1 3 6 10 27 40 44 52
4 6 9 13 30 43 47 55
1 2 8 15 17 34 37 47
4 5 11 18 20 37 40 50
7 8 14 21 23 40 43 53
10 11 17 24 26 43 46 56
2 13 14 20 27 29 46 49
5 16 17 23 30 32 49 52
8 19 20 26 33 35 52 55
1 11 22 23 29 36 38 55
1 4 14 25 26 32 39 41
4 7 17 28 29 35 42 44
7 10 20 31 32 38 45 47
10 13 23 34 35 41 48 50
13 16 26 37 38 44 51 53
16 19 29 40 41 47 54 56
0 2 19 22 32 43 44 50
3 5 22 25 35 46 47 53
6 8 25 28 38 49 50 56
2 9 11 28 31 41 52 53
5 12 14 31 34 44 55 56
2 17 20 28 38 42 49 57
4 23 27 36 39 45 47 57
12 13 24 37 40 43 55 57
5 13 14 29 30 46 52 57
6 7 8 25 41 42 56 57
1 10 15 48 50 54 55 57
21 22 33 37 44 51 56 57
0 18 19 26 28 32 48 57
3 9 11 16 18 34 43 57
17 19 31 35 50 52 53 57
