0 7 8 14 17 27 37 38 39 56
1 6 7 8 15 22 24 25 29 36
4 5 17 20 25 26 34 37 49 55
9 13 20 21 29 30 31 37 42 51
7 23 27 31 35 43 45 48 49 52
9 10 14 24 26 27 29 44 46 50
1 6 12 23 32 35 36 37 39 40
0 6 26 29 33 34 35 43 47 51
8 9 23 24 34 38 40 41 53 57
8 20 26 32 39 41 45 46 47 52
2 10 18 26 31 34 36 46 48 54
9 12 14 19 22 36 41 43 51 52
0 20 21 22 28 35 40 48 51 55
0 2 5 12 13 14 15 24 41 45
3 13 17 23 25 35 38 43 46 53
5 8 17 18 19 35 40 42 44 45
4 30 33 36 38 45 50 52 55 56
7 12 15 20 26 31 40 47 50 53
1 3 9 16 21 26 38 39 45 48
4 7 10 12 13 17 21 36 51 57
5 10 19 25 28 29 31 38 39 41
0 1 3 4 6 27 31 41 49 57
0 3 10 24 28 35 42 50 52 54
8 15 19 21 26 30 43 50 54 57
2 14 16 24 31 32 35 55 56 57
0 6 7 16 19 45 46 51 53 57
1 10 14 20 27 34 40 43 54 56
0 7 9 18 32 37 41 43 50 55
2 9 15 17 21 33 34 44 52 53
3 5 15 22 23 26 32 42 44 55
6 14 17 25 30 41 42 48 50 54
5 9 27 28 32 38 47 49 51 54
2 18 25 28 36 39 42 43 47 57
2 3 7 19 29 30 40 46 49 56
2 6 12 18 20 22 27 38 42 57
0 11 16 20 23 25 30 36 44 49
1 5 11 18 29 33 46 52 55 57
4 14 18 21 22 23 29 45 47 54
7 11 17 19 20 22 24 31 33 54
6 9 11 13 25 26 28 40 52 56
7 12 15 23 27 28 30 34 42 46
3 4 11 15 19 25 32 34 45 51
3 12 21 25 27 32 33 41 44 56
4 12 16 17 28 29 32 48 53 54
13 15 18 24 39 48 49 51 52 56
6 8 10 11 12 14 42 49 53 55
1 2 4 8 23 31 38 44 50 51
3 5 16 18 24 27 30 36 47 53
2 10 11 15 16 35 37 38 41 47
3 8 14 20 28 33 37 44 48 57
11 13 19 27 37 39 44 47 54 55
8 13 16 22 33 34 39 40 49 50
1 10 13 22 28 30 32 37 45 53
1 10 17 19 23 33 42 47 48 56
5 6 7 11 21 43 44 48 49 50
4 16 21 24 37 40 42 43 46 52
4 5 9 22 30 35 39 46 53 56
