9 11 19 24 30
10 12 20 25 31
11 13 21 26 32
12 14 22 27 33
13 15 23 28 34
14 16 24 29 35
15 17 25 30 36
16 18 26 31 37
17 19 27 32 38
18 20 28 33 39
19 21 29 34 40
20 22 30 35 41
21 23 31 36 42
22 24 32 37 43
23 25 33 38 44
24 26 34 39 45
25 27 35 40 46
26 28 36 41 47
27 29 37 42 48
28 30 38 43 49
29 31 39 44 50
30 32 40 45 51
31 33 41 46 52
32 34 42 47 53
33 35 43 48 54
34 36 44 49 55
35 37 45 50 56
36 38 46 51 57
0 37 39 47 52
1 38 40 48 53
2 39 41 49 54
3 40 42 50 55
4 41 43 51 56
5 42 44 52 57
0 6 43 45 53
1 7 44 46 54
2 8 45 47 55
3 9 46 48 56
4 10 47 49 57
0 5 11 48 50
1 6 12 49 51
2 7 13 50 52
3 8 14 51 53
4 9 15 52 54
5 10 16 53 55
6 11 17 54 56
7 12 18 55 57
0 8 13 19 56
1 9 14 20 57
0 2 10 15 21
1 3 11 16 22
2 4 12 17 23
3 5 13 18 24
4 6 14 19 25
5 7 15 20 26
6 8 16 21 27
7 9 17 22 28
8 10 18 23 29
4 18 22 45 46
5 19 23 46 47
6 20 24 47 48
7 21 25 48 49
8 22 26 49 50
9 23 27 50 51
10 24 28 51 52
11 25 29 52 53
12 26 30 53 54
13 27 31 54 55
14 28 32 55 56
15 29 33 56 57
0 16 30 34 57
0 1 17 31 35
1 2 18 32 36
2 3 19 33 37
3 4 20 34 38
4 5 21 35 39
5 6 22 36 40
6 7 23 37 41
7 8 24 38 42
8 9 25 39 43
9 10 26 40 44
10 11 27 41 45
11 12 28 42 46
12 13 29 43 47
13 14 30 44 48
14 15 31 45 49
15 16 32 46 50
16 17 33 47 51
17 18 34 48 52
18 19 35 49 53
19 20 36 50 54
20 21 37 51 55
21 22 38 52 56
22 23 39 53 57
0 23 24 40 54
1 24 25 41 55
2 25 26 42 56
3 26 27 43 57
0 4 27 28 44
1 5 28 29 45
2 6 29 30 46
3 7 30 31 47
4 8 31 32 48
5 9 32 33 49
6 10 33 34 50
7 11 34 35 51
8 12 35 36 52
9 13 36 37 53
10 14 37 38 54
11 15 38 39 55
12 16 39 40 56
13 17 40 41 57
0 14 18 41 42
1 15 19 42 43
2 16 20 43 44
3 17 21 44 45
6 19 28 31 57
0 7 20 29 32
1 8 21 30 33
2 9 22 31 34
3 10 23 32 35
4 11 24 33 36
5 12 25 34 37
6 13 26 35 38
7 14 27 36 39
8 15 28 37 40
9 16 29 38 41
10 17 30 39 42
11 18 31 40 43
12 19 32 41 44
13 20 33 42 45
14 21 34 43 46
15 22 35 44 47
16 23 36 45 48
17 24 37 46 49
18 25 38 47 50
19 26 39 48 51
20 27 40 49 52
21 28 41 50 53
22 29 42 51 54
23 30 43 52 55
24 31 44 53 56
25 32 45 54 57
0 26 33 46 55
1 27 34 47 56
2 28 35 48 57
0 3 29 36 49
1 4 30 37 50
2 5 31 38 51
3 6 32 39 52
4 7 33 40 53
5 8 34 41 54
6 9 35 42 55
7 10 36 43 56
8 11 37 44 57
0 9 12 38 45
1 10 13 39 46
2 11 14 40 47
3 12 15 41 48
4 13 16 42 49
5 14 17 43 50
6 15 18 44 51
7 16 19 45 52
8 17 20 46 53
9 18 21 47 54
10 19 22 48 55
11 20 23 49 56
12 21 24 50 57
0 13 22 25 51
1 14 23 26 52
2 15 24 27 53
3 16 25 28 54
4 17 26 29 55
5 18 27 30 56
