3 30 34
6 33 37
9 36 40
12 39 43
15 42 46
18 45 49
21 48 52
24 51 55
1 27 54
0 4 30
3 7 33
6 10 36
9 13 39
12 16 42
15 19 45
18 22 48
21 25 51
24 28 54
0 27 31
0 6 15
3 9 18
6 12 21
9 15 24
12 18 27
15 21 30
18 24 33
21 27 36
24 30 39
27 33 42
30 36 45
33 39 48
36 42 51
39 45 54
0 42 48
3 45 51
6 48 54
0 9 51
3 12 54
22 30 53
25 33 56
2 28 36
5 31 39
8 34 42
11 37 45
14 40 48
17 43 51
20 46 54
0 23 49
3 26 52
6 29 55
1 9 32
4 12 35
7 15 38
10 18 41
13 21 44
16 24 47
19 27 50
33 35 52
36 38 55
1 39 41
4 42 44
7 45 47
10 48 50
13 51 53
16 54 56
0 2 19
3 5 22
6 8 25
9 11 28
12 14 31
15 17 34
18 20 37
21 23 40
24 26 43
27 29 46
30 32 49
17 24 45
20 27 48
23 30 51
26 33 54
0 29 36
3 32 39
6 35 42
9 38 45
12 41 48
15 44 51
18 47 54
0 21 50
3 24 53
6 27 56
2 9 30
5 12 33
8 15 36
11 18 39
14 21 42
3 13 46
6 16 49
9 19 52
12 22 55
1 15 25
4 18 28
7 21 31
10 24 34
13 27 37
16 30 40
19 33 43
22 36 46
25 39 49
28 42 52
31 45 55
1 34 48
4 37 51
7 40 54
0 10 43
14 43 44
17 46 47
20 49 50
23 52 53
26 55 56
1 2 29
4 5 32
7 8 35
10 11 38
13 14 41
16 17 44
19 20 47
22 23 50
25 26 53
28 29 56
2 31 32
5 34 35
8 37 38
11 40 41
19 26 30
22 29 33
25 32 36
28 35 39
31 38 42
34 41 45
37 44 48
40 47 51
43 50 54
0 46 53
3 49 56
2 6 52
5 9 55
1 8 12
4 11 15
7 14 18
10 17 21
13 20 24
16 23 27
2 11 34
5 14 37
8 17 40
11 20 43
14 23 46
17 26 49
20 29 52
23 32 55
1 26 35
4 29 38
7 32 41
10 35 44
13 38 47
16 41 50
19 44 53
22 47 56
2 25 50
5 28 53
8 31 56
32 44 50
35 47 53
38 50 56
2 41 53
5 44 56
2 8 47
5 11 50
8 14 53
11 17 56
2 14 20
5 17 23
8 20 26
11 23 29
14 26 32
17 29 35
20 32 38
23 35 41
26 38 44
29 41 47
25 35 43
28 38 46
31 41 49
34 44 52
37 47 55
1 40 50
4 43 53
7 46 56
2 10 49
5 13 52
8 16 55
1 11 19
4 14 22
7 17 25
10 20 28
13 23 31
16 26 34
19 29 37
22 32 40
7 19 34
10 22 37
13 25 40
16 28 43
19 31 46
22 34 49
25 37 52
28 40 55
1 31 43
4 34 46
7 37 49
10 40 52
13 43 55
1 16 46
4 19 49
7 22 52
10 25 55
1 13 28
4 16 31
26 31 47
29 34 50
32 37 53
35 40 56
2 38 43
5 41 46
8 44 49
11 47 52
14 50 55
1 17 53
4 20 56
2 7 23
5 10 26
8 13 29
11 16 32
14 19 35
17 22 38
20 25 41
23 28 44
11 12 25
14 15 28
17 18 31
20 21 34
23 24 37
26 27 40
29 30 43
32 33 46
35 36 49
38 39 52
41 42 55
1 44 45
4 47 48
7 50 51
10 53 54
0 13 56
2 3 16
5 6 19
8 9 22
6 30 44
9 33 47
12 36 50
15 39 53
18 42 56
2 21 45
5 24 48
8 27 51
11 30 54
0 14 33
3 17 36
6 20 39
9 23 42
12 26 45
15 29 48
18 32 51
21 35 54
0 24 38
3 27 41
9 12 34
12 15 37
15 18 40
18 21 43
21 24 46
24 27 49
27 30 52
30 33 55
1 33 36
4 36 39
7 39 42
10 42 45
13 45 48
16 48 51
19 51 54
0 22 54
0 3 25
3 6 28
6 9 31
10 14 47
13 17 50
16 20 53
19 23 56
2 22 26
5 25 29
8 28 32
11 31 35
14 34 38
17 37 41
20 40 44
23 43 47
26 46 50
29 49 53
32 52 56
2 35 55
1 5 38
4 8 41
7 11 44
11 48 55
1 14 51
4 17 54
0 7 20
3 10 23
6 13 26
9 16 29
12 19 32
15 22 35
18 25 38
21 28 41
24 31 44
27 34 47
30 37 50
33 40 53
36 43 56
2 39 46
5 42 49
8 45 52
8 10 39
11 13 42
14 16 45
17 19 48
20 22 51
23 25 54
0 26 28
3 29 31
6 32 34
9 35 37
12 38 40
15 41 43
18 44 46
21 47 49
24 50 52
27 53 55
1 30 56
2 4 33
5 7 36
26 37 42
29 40 45
32 43 48
35 46 51
38 49 54
0 41 52
3 44 55
1 6 47
4 9 50
7 12 53
10 15 56
2 13 18
5 16 21
8 19 24
11 22 27
14 25 30
17 28 33
20 31 36
23 34 39
12 51 52
15 54 55
0 1 18
3 4 21
6 7 24
9 10 27
12 13 30
15 16 33
18 19 36
21 22 39
24 25 42
27 28 45
30 31 48
33 34 51
36 37 54
0 39 40
3 42 43
6 45 46
9 48 49
3 19 40
6 22 43
9 25 46
12 28 49
15 31 52
18 34 55
1 21 37
4 24 40
7 27 43
10 30 46
13 33 49
16 36 52
19 39 55
1 22 42
4 25 45
7 28 48
10 31 51
13 34 54
0 16 37
43 49 52
46 52 55
1 49 55
1 4 52
4 7 55
1 7 10
4 10 13
7 13 16
10 16 19
13 19 22
16 22 25
19 25 28
22 28 31
25 31 34
28 34 37
31 37 40
34 40 43
37 43 46
40 46 49
22 24 41
25 27 44
28 30 47
31 33 50
34 36 53
37 39 56
2 40 42
5 43 45
8 46 48
11 49 51
14 52 54
0 17 55
1 3 20
4 6 23
7 9 26
10 12 29
13 15 32
16 18 35
19 21 38
21 56 57
2 24 57
5 27 57
8 30 57
11 33 57
14 36 57
17 39 57
20 42 57
23 45 57
26 48 57
29 51 57
32 54 57
0 35 57
3 38 57
6 41 57
9 44 57
12 47 57
15 50 57
18 53 57
8 18 23
11 21 26
14 24 29
17 27 32
20 30 35
23 33 38
26 36 41
29 39 44
32 42 47
35 45 50
38 48 53
41 51 56
2 44 54
0 5 47
3 8 50
6 11 53
9 14 56
2 12 17
5 15 20
3 15 47
6 18 50
9 21 53
12 24 56
2 15 27
5 18 30
8 21 33
11 24 36
14 27 39
17 30 42
20 33 45
23 36 48
26 39 51
29 42 54
0 32 45
3 35 48
6 38 51
9 41 54
0 12 44
2 48 56
2 5 51
5 8 54
0 8 11
3 11 14
6 14 17
9 17 20
12 20 23
15 23 26
18 26 29
21 29 32
24 32 35
27 35 38
30 38 41
33 41 44
36 44 47
39 47 50
42 50 53
45 53 56
25 34 57
28 50 57
11 12 46
31 49 57
17 18 52
1 23 24
16 38 39
25 47 48
5 28 51
14 15 49
4 26 27
16 19 57
1 37 57
0 34 56
20 21 55
7 10 57
22 44 45
46 55 57
13 22 57
31 53 54
13 35 36
40 43 57
5 6 40
2 3 37
19 41 42
10 32 33
4 52 57
8 9 43
7 29 30
