3 6 20 38 46 52 57
6 9 23 41 49 55 57
1 9 12 26 44 52 57
4 12 15 29 47 55 57
1 7 15 18 32 50 57
4 10 18 21 35 53 57
7 13 21 24 38 56 57
2 10 16 24 27 41 57
5 13 19 27 30 44 57
8 16 22 30 33 47 57
11 19 25 33 36 50 57
14 22 28 36 39 53 57
17 25 31 39 42 56 57
2 20 28 34 42 45 57
5 23 31 37 45 48 57
8 26 34 40 48 51 57
11 29 37 43 51 54 57
0 14 32 40 46 54 57
0 3 17 35 43 49 57
3 18 28 29 44 51 56
2 6 21 31 32 47 54
0 5 9 24 34 35 50
3 8 12 27 37 38 53
6 11 15 30 40 41 56
2 9 14 18 33 43 44
5 12 17 21 36 46 47
8 15 20 24 39 49 50
11 18 23 27 42 52 53
14 21 26 30 45 55 56
1 2 17 24 29 33 48
4 5 20 27 32 36 51
7 8 23 30 35 39 54
0 10 11 26 33 38 42
3 13 14 29 36 41 45
6 16 17 32 39 44 48
9 19 20 35 42 47 51
12 22 23 38 45 50 54
0 15 25 26 41 48 53
11 24 34 44 47 53 55
1 14 27 37 47 50 56
2 4 17 30 40 50 53
5 7 20 33 43 53 56
2 8 10 23 36 46 56
2 5 11 13 26 39 49
5 8 14 16 29 42 52
8 11 17 19 32 45 55
1 11 14 20 22 35 48
4 14 17 23 25 38 51
7 17 20 26 28 41 54
0 10 20 23 29 31 44
3 13 23 26 32 34 47
6 16 26 29 35 37 50
9 19 29 32 38 40 53
12 22 32 35 41 43 56
2 15 25 35 38 44 46
5 18 28 38 41 47 49
8 21 31 41 44 50 52
13 42 43 46 48 50 55
1 16 45 46 49 51 53
4 19 48 49 52 54 56
0 2 7 22 51 52 55
1 3 5 10 25 54 55
0 1 4 6 8 13 28
3 4 7 9 11 16 31
6 7 10 12 14 19 34
9 10 13 15 17 22 37
12 13 16 18 20 25 40
15 16 19 21 23 28 43
18 19 22 24 26 31 46
21 22 25 27 29 34 49
24 25 28 30 32 37 52
27 28 31 33 35 40 55
1 30 31 34 36 38 43
4 33 34 37 39 41 46
7 36 37 40 42 44 49
10 39 40 43 45 47 52
0 9 16 34 36 54 56
0 2 3 12 19 37 39
3 5 6 15 22 40 42
6 8 9 18 25 43 45
9 11 12 21 28 46 48
12 14 15 24 31 49 51
15 17 18 27 34 52 54
0 18 20 21 30 37 55
1 3 21 23 24 33 40
4 6 24 26 27 36 43
7 9 27 29 30 39 46
10 12 30 32 33 42 49
13 15 33 35 36 45 52
16 18 36 38 39 48 55
1 19 21 39 41 42 51
4 22 24 42 44 45 54
0 7 25 27 45 47 48
3 10 28 30 48 50 51
6 13 31 33 51 53 54
