2 5 9 15 29 34 51 52
3 6 10 16 30 35 52 53
4 7 11 17 31 36 53 54
5 8 12 18 32 37 54 55
6 9 13 19 33 38 55 56
7 10 14 20 34 39 56 57
0 8 11 15 21 35 40 57
0 1 9 12 16 22 36 41
1 2 10 13 17 23 37 42
2 3 11 14 18 24 38 43
3 4 12 15 19 25 39 44
4 5 13 16 20 26 40 45
5 6 14 17 21 27 41 46
6 7 15 18 22 28 42 47
7 8 16 19 23 29 43 48
8 9 17 20 24 30 44 49
9 10 18 21 25 31 45 50
10 11 19 22 26 32 46 51
11 12 20 23 27 33 47 52
12 13 21 24 28 34 48 53
13 14 22 25 29 35 49 54
14 15 23 26 30 36 50 55
15 16 24 27 31 37 51 56
16 17 25 28 32 38 52 57
0 17 18 26 29 33 39 53
1 18 19 27 30 34 40 54
2 19 20 28 31 35 41 55
3 20 21 29 32 36 42 56
4 21 22 30 33 37 43 57
0 5 22 23 31 34 38 44
1 6 23 24 32 35 39 45
2 7 24 25 33 36 40 46
3 8 25 26 34 37 41 47
4 9 26 27 35 38 42 48
5 10 27 28 36 39 43 49
6 11 28 29 37 40 44 50
7 12 29 30 38 41 45 51
8 13 30 31 39 42 46 52
9 14 31 32 40 43 47 53
10 15 32 33 41 44 48 54
11 16 33 34 42 45 49 55
12 17 34 35 43 46 50 56
13 18 35 36 44 47 51 57
0 14 19 36 37 45 48 52
1 15 20 37 38 46 49 53
2 16 21 38 39 47 50 54
3 17 22 39 40 48 51 55
4 18 23 40 41 49 52 56
5 19 24 41 42 50 53 57
0 6 20 25 42 43 51 54
1 7 21 26 43 44 52 55
2 8 22 27 44 45 53 56
3 9 23 28 45 46 54 57
0 4 10 24 29 46 47 55
1 5 11 25 30 47 48 56
2 6 12 26 31 48 49 57
0 3 7 13 27 32 49 50
1 4 8 14 28 33 50 51
1 12 14 17 26 42 44 54
4 6 21 23 25 51 53 55
11 23 27 29 41 43 53 57
3 5 7 22 23 26 33 58
25 27 36 38 50 55 57 58
2 5 7 9 35 37 52 54
14 16 31 40 42 44 56 58
1 5 29 31 35 39 47 58
8 24 26 28 51 54 56 58
0 11 16 28 30 37 39 55
1 3 6 15 31 33 34 57
17 19 33 37 38 40 45 47
9 34 36 37 39 41 49 51
9 15 22 28 29 30 42 46
6 44 46 48 49 50 52 58
0 2 19 21 26 47 49 56
6 8 10 12 29 36 38 40
13 20 22 24 41 50 52 54
7 9 11 13 21 32 39 58
0 2 4 17 30 32 34 58
3 10 18 20 37 48 53 58
13 15 17 41 43 45 47 58
12 18 19 20 25 28 43 58
14 16 18 21 33 35 46 48
