0 2 4 24 33 34 38 46 49 50
1 4 8 9 11 14 19 30 32 49
1 3 15 23 27 28 31 35 46 49
0 3 5 8 12 24 29 45 47 57
6 16 19 21 23 24 30 33 43 46
7 11 27 38 40 42 43 45 49 55
1 11 12 15 17 22 23 39 42 52
3 10 11 19 36 37 44 46 54 57
4 6 8 25 26 27 28 42 55 58
2 8 11 15 18 34 35 36 50 53
5 9 21 24 27 28 36 37 39 50
18 20 23 25 29 31 33 37 47 49
2 3 14 15 21 25 26 43 45 54
11 17 24 25 27 32 43 44 48 56
4 16 22 31 36 37 41 45 52 56
1 6 10 12 20 32 35 38 45 51
7 10 18 21 29 42 46 55 56 58
13 23 30 36 40 44 45 49 53 58
3 20 26 32 39 41 49 50 52 58
1 4 5 7 30 35 43 44 47 50
6 9 13 29 34 35 39 43 52 54
0 1 9 17 18 26 33 36 54 58
3 9 29 34 36 38 42 44 47 51
2 3 4 9 16 20 39 45 48 55
7 9 10 12 23 25 34 41 50 57
0 10 11 20 28 30 35 42 56 57
1 20 22 24 27 29 30 40 50 54
0 1 2 13 14 19 27 41 47 48
8 16 18 19 31 33 39 42 44 45
2 5 10 13 18 24 26 30 31 55
2 6 7 14 17 22 28 37 40 44
12 19 21 35 37 40 49 51 54 56
17 28 38 41 45 47 50 51 54 55
0 8 13 15 25 30 37 38 39 41
3 12 14 16 17 27 30 34 37 58
6 7 15 19 24 39 47 53 56 58
5 9 16 19 22 25 35 38 53 58
3 7 12 13 22 26 28 33 51 53
1 3 5 6 18 34 40 41 43 56
9 15 31 32 33 40 43 48 57 58
5 8 10 15 16 17 21 48 49 51
0 15 19 20 22 23 26 34 44 55
4 12 13 15 17 19 29 31 40 50
2 12 18 21 38 41 44 52 55 57
0 6 14 24 25 36 40 51 52 55
2 5 13 23 32 33 36 42 50 56
6 10 14 16 23 31 38 48 50 54
4 5 8 10 27 33 47 52 53 54
0 2 10 11 29 31 43 51 52 58
14 24 26 29 35 37 41 42 48 53
7 8 9 16 23 26 38 40 46 56
7 8 12 20 22 36 43 46 48 52
5 11 14 20 33 35 41 46 51 55
0 4 7 21 31 32 34 42 53 54
10 17 22 32 35 36 39 40 46 47
6 11 13 16 21 22 26 47 49 57
0 1 16 28 29 32 37 43 53 55
1 13 17 20 21 25 45 46 53 57
4 14 18 22 23 27 39 51 56 57
18 19 28 30 32 34 45 48 51 52
