0 1 7 20 26 32 38 44 49
1 5 15 22 29 36 43 56 58
0 2 14 27 33 39 45 56 57
0 3 7 15 21 34 40 46 51
0 4 10 16 22 28 41 47 50
0 6 8 17 26 28 37 46 58
0 6 18 24 30 36 42 52 54
0 9 13 19 25 31 37 43 55
0 11 12 17 23 29 35 48 53
1 2 3 4 6 9 12 20 25
1 5 11 14 24 34 37 47 53
1 8 16 27 31 35 46 52 54
1 10 19 21 30 39 48 50 58
1 13 18 23 28 40 45 52 55
1 17 25 33 41 42 51 53 57
2 5 15 25 28 38 48 52 54
2 16 23 30 37 44 49 51 56
2 7 19 24 29 41 46 49 52
2 8 13 17 21 32 36 47 55
2 10 18 26 34 35 43 50 57
2 11 20 22 31 40 42 53 58
4 20 21 29 37 45 52 54 57
3 5 13 16 26 29 39 42 55
3 7 8 18 22 33 37 48 49
3 10 17 24 31 38 45 50 56
3 11 19 27 28 36 44 53 57
3 14 23 32 41 43 52 54 58
21 22 23 24 25 26 27 30 47
4 5 7 17 27 30 40 43 49
0 4 5 8 19 23 34 38 42
4 11 18 25 32 39 46 53 56
4 11 14 26 31 36 48 50 51
4 13 15 24 33 35 44 55 58
5 6 19 22 32 35 45 51 55
5 12 18 21 31 41 44 57 58
5 9 10 20 23 33 36 46 50
6 7 15 23 31 39 47 49 57
6 8 10 14 25 29 40 44 50
6 11 16 21 33 38 43 52 53
6 13 20 27 34 41 48 55 56
7 9 14 21 28 35 42 49 56
7 10 11 13 49 50 53 54 55
7 12 16 25 34 36 45 49 58
3 35 36 37 38 39 40 41 47
8 9 11 15 26 30 41 45 53
8 12 13 20 24 28 39 43 51
9 10 18 27 29 38 47 51 58
8 9 16 24 32 40 48 56 57
9 17 22 34 39 44 51 52 54
10 12 15 27 32 37 42 50 52
12 13 14 22 30 38 46 55 57
12 19 26 33 40 47 52 54 56
3 14 15 16 17 18 19 20 30
20 35 42 43 44 45 46 47 48
25 28 29 30 31 32 33 34 35
