0 2 10 22 44 45 48
1 8 33 34 36 49 51
1 3 19 35 37 48 57
1 5 12 15 25 52 53
5 6 28 32 47 48 52
5 7 9 10 13 24 27
8 11 17 29 40 41 43
5 26 32 37 49 54 58
5 9 18 21 36 44 55
13 18 22 27 38 43 53
19 31 32 36 41 46 56
0 8 19 21 27 42 52
4 5 16 19 39 43 55
2 7 18 31 50 57 58
3 25 27 30 32 34 55
2 6 15 20 30 36 39
12 33 45 46 53 55 58
12 14 24 30 42 49 57
3 13 14 16 23 45 47
2 5 26 29 34 38 42
10 17 30 51 53 54 56
7 12 32 35 40 44 51
11 15 27 28 35 45 49
4 24 25 31 35 47 54
0 4 20 38 41 49 58
0 6 16 18 24 34 56
3 20 24 43 46 51 55
2 9 23 33 43 54 56
0 1 9 26 28 30 31
22 23 25 31 37 42 51
3 15 19 29 44 47 53
3 4 8 10 14 26 56
4 7 21 29 30 33 48
9 11 19 22 34 47 58
6 13 25 29 36 42 58
1 15 17 32 38 42 45
4 28 37 39 40 50 53
2 18 25 26 40 49 52
8 15 22 26 33 39 57
12 18 27 37 39 41 47
1 6 14 27 44 46 50
5 8 18 23 35 53 58
1 7 16 22 41 52 54
2 3 12 13 17 21 28
11 13 26 48 50 55 56
7 11 25 37 38 45 56
10 18 29 36 46 47 50
15 16 27 43 48 51 58
14 19 24 25 28 33 38
14 30 35 36 37 43 52
0 5 11 12 28 36 57
10 16 33 35 41 42 50
21 31 34 39 43 45 47
4 17 22 23 26 27 36
20 23 28 34 41 44 55
3 9 11 38 39 51 52
9 39 42 46 48 54 57
9 16 17 29 37 49 53
6 21 22 38 40 54 55
10 15 18 19 40 42 55
0 3 7 15 36 50 54
2 4 11 21 24 32 53
8 30 37 44 45 56 58
4 5 17 19 30 45 50
4 13 34 37 46 52 57
1 12 14 20 22 29 56
6 10 11 16 32 33 37
6 26 41 45 51 53 57
4 18 28 29 45 51 54
3 5 20 27 31 33 40
10 21 25 39 41 48 49
0 17 25 43 44 50 57
8 12 24 36 40 45 48
0 13 26 30 35 38 46
3 28 39 42 52 56 58
8 10 12 20 34 38 54
6 7 12 19 23 43 49
5 13 14 15 21 41 51
0 7 9 14 34 40 53
2 7 8 16 25 28 46
4 6 9 12 15 31 56
1 10 21 23 40 46 58
7 15 20 21 22 24 37
1 4 11 18 35 42 44
0 1 23 24 29 32 39
14 17 18 20 31 32 48
16 31 36 38 44 48 53
12 16 19 21 26 50 51
8 9 13 20 25 32 50
17 24 26 33 44 52 58
21 27 29 35 38 56 57
1 2 13 24 40 41 43
1 6 8 17 47 55 57
2 8 11 14 27 31 54
3 9 18 22 30 33 41
7 14 17 35 39 55 58
2 9 19 20 35 45 52
0 2 33 37 47 51 55
10 22 28 32 36 43 57
10 13 29 31 49 52 55
11 15 17 23 34 46 48
11 16 20 23 30 40 57
5 22 40 46 47 49 56
13 19 33 39 44 49 54
23 24 30 38 47 50 52
7 20 26 42 43 47 53
3 6 22 34 35 49 50
