29 30 43
31 32 45
33 34 47
35 36 49
37 38 51
39 40 53
41 42 55
43 44 57
1 45 46
3 47 48
5 49 50
7 51 52
9 53 54
11 55 56
0 13 57
1 2 15
3 4 17
5 6 19
7 8 21
9 10 23
11 12 25
13 14 27
15 16 29
17 18 31
19 20 33
21 22 35
23 24 37
25 26 39
27 28 41
41 45 48
43 47 50
45 49 52
47 51 54
49 53 56
0 51 55
2 53 57
1 4 55
3 6 57
1 5 8
3 7 10
5 9 12
7 11 14
9 13 16
11 15 18
13 17 20
15 19 22
17 21 24
19 23 26
21 25 28
23 27 30
25 29 32
27 31 34
29 33 36
31 35 38
33 37 40
35 39 42
37 41 44
39 43 46
0 49 54
2 51 56
0 4 53
2 6 55
4 8 57
1 6 10
3 8 12
5 10 14
7 12 16
9 14 18
11 16 20
13 18 22
15 20 24
17 22 26
19 24 28
21 26 30
23 28 32
25 30 34
27 32 36
29 34 38
31 36 40
33 38 42
35 40 44
37 42 46
39 44 48
41 46 50
43 48 52
45 50 54
47 52 56
21 27 39
23 29 41
25 31 43
27 33 45
29 35 47
31 37 49
33 39 51
35 41 53
37 43 55
39 45 57
1 41 47
3 43 49
5 45 51
7 47 53
9 49 55
11 51 57
1 13 53
3 15 55
5 17 57
1 7 19
3 9 21
5 11 23
7 13 25
9 15 27
11 17 29
13 19 31
15 21 33
17 23 35
19 25 37
2 45 47
4 47 49
6 49 51
8 51 53
10 53 55
12 55 57
1 14 57
1 3 16
3 5 18
5 7 20
7 9 22
9 11 24
11 13 26
13 15 28
15 17 30
17 19 32
19 21 34
21 23 36
23 25 38
25 27 40
27 29 42
29 31 44
31 33 46
33 35 48
35 37 50
37 39 52
39 41 54
41 43 56
0 43 45
13 23 48
15 25 50
17 27 52
19 29 54
21 31 56
0 23 33
2 25 35
4 27 37
6 29 39
8 31 41
10 33 43
12 35 45
14 37 47
16 39 49
18 41 51
20 43 53
22 45 55
24 47 57
1 26 49
3 28 51
5 30 53
7 32 55
9 34 57
1 11 36
3 13 38
5 15 40
7 17 42
9 19 44
11 21 46
10 42 45
12 44 47
14 46 49
16 48 51
18 50 53
20 52 55
22 54 57
1 24 56
0 3 26
2 5 28
4 7 30
6 9 32
8 11 34
10 13 36
12 15 38
14 17 40
16 19 42
18 21 44
20 23 46
22 25 48
24 27 50
26 29 52
28 31 54
30 33 56
0 32 35
2 34 37
4 36 39
6 38 41
8 40 43
11 54 58
13 56 58
0 15 58
2 17 58
4 19 58
6 21 58
8 23 58
10 25 58
12 27 58
14 29 58
16 31 58
18 33 58
20 35 58
22 37 58
24 39 58
26 41 58
28 43 58
30 45 58
32 47 58
34 49 58
36 51 58
38 53 58
40 55 58
42 57 58
1 44 58
3 46 58
5 48 58
7 50 58
9 52 58
12 37 48
14 39 50
16 41 52
18 43 54
20 45 56
0 22 47
2 24 49
4 26 51
6 28 53
8 30 55
10 32 57
1 12 34
3 14 36
5 16 38
7 18 40
9 20 42
11 22 44
13 24 46
15 26 48
17 28 50
19 30 52
21 32 54
23 34 56
0 25 36
2 27 38
4 29 40
6 31 42
8 33 44
10 35 46
20 25 51
22 27 53
24 29 55
26 31 57
1 28 33
3 30 35
5 32 37
7 34 39
9 36 41
11 38 43
13 40 45
15 42 47
17 44 49
19 46 51
21 48 53
23 50 55
25 52 57
1 27 54
3 29 56
0 5 31
2 7 33
4 9 35
6 11 37
8 13 39
10 15 41
12 17 43
14 19 45
16 21 47
18 23 49
24 25 45
26 27 47
28 29 49
30 31 51
32 33 53
34 35 55
36 37 57
1 38 39
3 40 41
5 42 43
7 44 45
9 46 47
11 48 49
13 50 51
15 52 53
17 54 55
19 56 57
0 1 21
2 3 23
4 5 25
6 7 27
8 9 29
10 11 31
12 13 33
14 15 35
16 17 37
18 19 39
20 21 41
22 23 43
7 37 54
9 39 56
0 11 41
2 13 43
4 15 45
6 17 47
8 19 49
10 21 51
12 23 53
14 25 55
16 27 57
1 18 29
3 20 31
5 22 33
7 24 35
9 26 37
11 28 39
13 30 41
15 32 43
17 34 45
19 36 47
21 38 49
23 40 51
25 42 53
27 44 55
29 46 57
1 31 48
3 33 50
5 35 52
0 12 56
0 2 14
2 4 16
4 6 18
6 8 20
8 10 22
10 12 24
12 14 26
14 16 28
16 18 30
18 20 32
20 22 34
22 24 36
24 26 38
26 28 40
28 30 42
30 32 44
32 34 46
34 36 48
36 38 50
38 40 52
40 42 54
42 44 56
0 44 46
2 46 48
4 48 50
6 50 52
8 52 54
10 54 56
24 44 51
26 46 53
28 48 55
30 50 57
1 32 52
3 34 54
5 36 56
0 7 38
2 9 40
4 11 42
6 13 44
8 15 46
10 17 48
12 19 50
14 21 52
16 23 54
18 25 56
0 20 27
2 22 29
4 24 31
6 26 33
8 28 35
10 30 37
12 32 39
14 34 41
16 36 43
18 38 45
20 40 47
22 42 49
11 30 47
13 32 49
15 34 51
17 36 53
19 38 55
21 40 57
1 23 42
3 25 44
5 27 46
7 29 48
9 31 50
11 33 52
13 35 54
15 37 56
0 17 39
2 19 41
4 21 43
6 23 45
8 25 47
10 27 49
12 29 51
14 31 53
16 33 55
18 35 57
1 20 37
3 22 39
5 24 41
7 26 43
9 28 45
20 32 38
22 34 40
24 36 42
26 38 44
28 40 46
30 42 48
32 44 50
34 46 52
36 48 54
38 50 56
0 40 52
2 42 54
4 44 56
0 6 46
2 8 48
4 10 50
6 12 52
8 14 54
10 16 56
0 12 18
2 14 20
4 16 22
6 18 24
8 20 26
10 22 28
12 24 30
14 26 32
16 28 34
18 30 36
19 27 43
21 29 45
23 31 47
25 33 49
27 35 51
29 37 53
31 39 55
33 41 57
1 35 43
3 37 45
5 39 47
7 41 49
9 43 51
11 45 53
13 47 55
15 49 57
1 17 51
3 19 53
5 21 55
7 23 57
1 9 25
3 11 27
5 13 29
7 15 31
9 17 33
11 19 35
13 21 37
15 23 39
17 25 41
14 23 44
16 25 46
18 27 48
20 29 50
22 31 52
24 33 54
26 35 56
0 28 37
2 30 39
4 32 41
6 34 43
8 36 45
10 38 47
12 40 49
14 42 51
16 44 53
18 46 55
20 48 57
1 22 50
3 24 52
5 26 54
7 28 56
0 9 30
2 11 32
4 13 34
6 15 36
8 17 38
10 19 40
12 21 42
28 36 52
30 38 54
32 40 56
0 34 42
2 36 44
4 38 46
6 40 48
8 42 50
10 44 52
12 46 54
14 48 56
0 16 50
2 18 52
4 20 54
6 22 56
0 8 24
2 10 26
4 12 28
6 14 30
8 16 32
10 18 34
12 20 36
14 22 38
16 24 40
18 26 42
20 28 44
22 30 46
24 32 48
26 34 50
4 14 33
6 16 35
8 18 37
10 20 39
12 22 41
14 24 43
16 26 45
18 28 47
20 30 49
22 32 51
24 34 53
26 36 55
28 38 57
1 30 40
3 32 42
5 34 44
7 36 46
9 38 48
11 40 50
13 42 52
15 44 54
17 46 56
0 19 48
2 21 50
4 23 52
6 25 54
8 27 56
0 10 29
2 12 31
