12 17 18 19 27 30 34 43 57
13 18 19 20 28 31 35 44 58
0 14 19 20 21 29 32 36 45
1 15 20 21 22 30 33 37 46
2 16 21 22 23 31 34 38 47
3 17 22 23 24 32 35 39 48
4 18 23 24 25 33 36 40 49
5 19 24 25 26 34 37 41 50
6 20 25 26 27 35 38 42 51
7 21 26 27 28 36 39 43 52
8 22 27 28 29 37 40 44 53
9 23 28 29 30 38 41 45 54
10 24 29 30 31 39 42 46 55
11 25 30 31 32 40 43 47 56
12 26 31 32 33 41 44 48 57
13 27 32 33 34 42 45 49 58
0 14 28 33 34 35 43 46 50
1 15 29 34 35 36 44 47 51
2 16 30 35 36 37 45 48 52
3 17 31 36 37 38 46 49 53
4 18 32 37 38 39 47 50 54
5 19 33 38 39 40 48 51 55
6 20 34 39 40 41 49 52 56
7 21 35 40 41 42 50 53 57
8 22 36 41 42 43 51 54 58
0 9 23 37 42 43 44 52 55
1 10 24 38 43 44 45 53 56
2 11 25 39 44 45 46 54 57
3 12 26 40 45 46 47 55 58
0 4 13 27 41 46 47 48 56
1 5 14 28 42 47 48 49 57
2 6 15 29 43 48 49 50 58
0 3 7 16 30 44 49 50 51
1 4 8 17 31 45 50 51 52
2 5 9 18 32 46 51 52 53
3 6 10 19 33 47 52 53 54
4 7 11 20 34 48 53 54 55
5 8 12 21 35 49 54 55 56
6 9 13 22 36 50 55 56 57
7 10 14 23 37 51 56 57 58
0 8 11 15 24 38 52 57 58
0 1 9 12 16 25 39 53 58
0 1 2 10 13 17 26 40 54
1 2 3 11 14 18 27 41 55
2 3 4 12 15 19 28 42 56
3 4 5 13 16 20 29 43 57
4 5 6 14 17 21 30 44 58
0 5 6 7 15 18 22 31 45
1 6 7 8 16 19 23 32 46
2 7 8 9 17 20 24 33 47
3 8 9 10 18 21 25 34 48
4 9 10 11 19 22 26 35 49
5 10 11 12 20 23 27 36 50
6 11 12 13 21 24 28 37 51
7 12 13 14 22 25 29 38 52
8 13 14 15 23 26 30 39 53
9 14 15 16 24 27 31 40 54
10 15 16 17 25 28 32 41 55
11 16 17 18 26 29 33 42 56
