4 7 33 38 44 48
5 8 34 39 45 49
6 9 35 40 46 50
7 10 36 41 47 51
8 11 37 42 48 52
9 12 38 43 49 53
10 13 39 44 50 54
11 14 40 45 51 55
12 15 41 46 52 56
13 16 42 47 53 57
0 14 17 43 48 54
1 15 18 44 49 55
2 16 19 45 50 56
3 17 20 46 51 57
0 4 18 21 47 52
1 5 19 22 48 53
2 6 20 23 49 54
3 7 21 24 50 55
4 8 22 25 51 56
5 9 23 26 52 57
0 6 10 24 27 53
1 7 11 25 28 54
2 8 12 26 29 55
3 9 13 27 30 56
4 10 14 28 31 57
0 5 11 15 29 32
1 6 12 16 30 33
2 7 13 17 31 34
3 8 14 18 32 35
4 9 15 19 33 36
5 10 16 20 34 37
6 11 17 21 35 38
7 12 18 22 36 39
8 13 19 23 37 40
9 14 20 24 38 41
10 15 21 25 39 42
11 16 22 26 40 43
12 17 23 27 41 44
13 18 24 28 42 45
14 19 25 29 43 46
15 20 26 30 44 47
16 21 27 31 45 48
17 22 28 32 46 49
18 23 29 33 47 50
19 24 30 34 48 51
20 25 31 35 49 52
21 26 32 36 50 53
22 27 33 37 51 54
23 28 34 38 52 55
24 29 35 39 53 56
25 30 36 40 54 57
0 26 31 37 41 55
1 27 32 38 42 56
2 28 33 39 43 57
0 3 29 34 40 44
1 4 30 35 41 45
2 5 31 36 42 46
3 6 32 37 43 47
9 10 17 29 45 54
10 11 18 30 46 55
11 12 19 31 47 56
12 13 20 32 48 57
0 13 14 21 33 49
1 14 15 22 34 50
2 15 16 23 35 51
3 16 17 24 36 52
4 17 18 25 37 53
5 18 19 26 38 54
6 19 20 27 39 55
7 20 21 28 40 56
8 21 22 29 41 57
0 9 22 23 30 42
1 10 23 24 31 43
2 11 24 25 32 44
3 12 25 26 33 45
4 13 26 27 34 46
5 14 27 28 35 47
6 15 28 29 36 48
7 16 29 30 37 49
8 17 30 31 38 50
9 18 31 32 39 51
10 19 32 33 40 52
11 20 33 34 41 53
12 21 34 35 42 54
13 22 35 36 43 55
14 23 36 37 44 56
15 24 37 38 45 57
0 16 25 38 39 46
1 17 26 39 40 47
2 18 27 40 41 48
3 19 28 41 42 49
4 20 29 42 43 50
5 21 30 43 44 51
6 22 31 44 45 52
7 23 32 45 46 53
8 24 33 46 47 54
9 25 34 47 48 55
10 26 35 48 49 56
11 27 36 49 50 57
0 12 28 37 50 51
1 13 29 38 51 52
2 14 30 39 52 53
3 15 31 40 53 54
4 16 32 41 54 55
5 17 33 42 55 56
6 18 34 43 56 57
0 7 19 35 44 57
0 1 8 20 36 45
1 2 9 21 37 46
2 3 10 22 38 47
3 4 11 23 39 48
4 5 12 24 40 49
5 6 13 25 41 50
6 7 14 26 42 51
7 8 15 27 43 52
8 9 16 28 44 53
7 9 16 18 19 58
1 3 5 7 57 58
0 50 52 54 56 58
33 35 37 39 41 58
8 10 12 14 16 58
41 43 45 47 49 58
17 19 21 23 25 58
0 2 4 6 8 58
49 51 53 55 57 58
9 11 13 15 17 58
25 27 29 31 33 58
18 20 22 24 26 58
42 44 46 48 50 58
34 36 38 40 42 58
26 28 30 32 34 58
