4 22 48 53
5 23 49 54
6 24 50 55
7 25 51 56
8 26 52 57
9 27 53 58
0 10 28 54
1 11 29 55
2 12 30 56
3 13 31 57
4 14 32 58
0 5 15 33
1 6 16 34
2 7 17 35
3 8 18 36
4 9 19 37
5 10 20 38
6 11 21 39
7 12 22 40
8 13 23 41
9 14 24 42
10 15 25 43
11 16 26 44
12 17 27 45
13 18 28 46
14 19 29 47
15 20 30 48
16 21 31 49
17 22 32 50
18 23 33 51
19 24 34 52
20 25 35 53
21 26 36 54
22 27 37 55
23 28 38 56
24 29 39 57
25 30 40 58
0 26 31 41
1 27 32 42
2 28 33 43
3 29 34 44
4 30 35 45
5 31 36 46
6 32 37 47
7 33 38 48
8 34 39 49
9 35 40 50
10 36 41 51
11 37 42 52
12 38 43 53
13 39 44 54
14 40 45 55
15 41 46 56
16 42 47 57
17 43 48 58
0 18 44 49
1 19 45 50
2 20 46 51
3 21 47 52
32 39 46 52
33 40 47 53
34 41 48 54
35 42 49 55
36 43 50 56
37 44 51 57
38 45 52 58
0 39 46 53
1 40 47 54
2 41 48 55
3 42 49 56
4 43 50 57
5 44 51 58
0 6 45 52
1 7 46 53
2 8 47 54
3 9 48 55
4 10 49 56
5 11 50 57
6 12 51 58
0 7 13 52
1 8 14 53
2 9 15 54
3 10 16 55
4 11 17 56
5 12 18 57
6 13 19 58
0 7 14 20
1 8 15 21
2 9 16 22
3 10 17 23
4 11 18 24
5 12 19 25
6 13 20 26
7 14 21 27
8 15 22 28
9 16 23 29
10 17 24 30
11 18 25 31
12 19 26 32
13 20 27 33
14 21 28 34
15 22 29 35
16 23 30 36
17 24 31 37
18 25 32 38
19 26 33 39
20 27 34 40
21 28 35 41
22 29 36 42
23 30 37 43
24 31 38 44
25 32 39 45
26 33 40 46
27 34 41 47
28 35 42 48
29 36 43 49
30 37 44 50
31 38 45 51
33 37 45 54
34 38 46 55
35 39 47 56
36 40 48 57
37 41 49 58
0 38 42 50
1 39 43 51
2 40 44 52
3 41 45 53
4 42 46 54
5 43 47 55
6 44 48 56
7 45 49 57
8 46 50 58
0 9 47 51
1 10 48 52
2 11 49 53
3 12 50 54
4 13 51 55
5 14 52 56
6 15 53 57
7 16 54 58
0 8 17 55
1 9 18 56
2 10 19 57
3 11 20 58
0 4 12 21
1 5 13 22
2 6 14 23
3 7 15 24
4 8 16 25
5 9 17 26
6 10 18 27
7 11 19 28
8 12 20 29
9 13 21 30
10 14 22 31
11 15 23 32
12 16 24 33
13 17 25 34
14 18 26 35
15 19 27 36
16 20 28 37
17 21 29 38
18 22 30 39
19 23 31 40
20 24 32 41
21 25 33 42
22 26 34 43
23 27 35 44
24 28 36 45
25 29 37 46
26 30 38 47
27 31 39 48
28 32 40 49
29 33 41 50
30 34 42 51
31 35 43 52
32 36 44 53
23 34 50 53
24 35 51 54
25 36 52 55
26 37 53 56
27 38 54 57
28 39 55 58
0 29 40 56
1 30 41 57
2 31 42 58
0 3 32 43
1 4 33 44
2 5 34 45
3 6 35 46
4 7 36 47
5 8 37 48
6 9 38 49
7 10 39 50
8 11 40 51
9 12 41 52
10 13 42 53
11 14 43 54
12 15 44 55
13 16 45 56
14 17 46 57
15 18 47 58
0 16 19 48
1 17 20 49
2 18 21 50
3 19 22 51
4 20 23 52
5 21 24 53
6 22 25 54
7 23 26 55
8 24 27 56
9 25 28 57
10 26 29 58
0 11 27 30
1 12 28 31
2 13 29 32
3 14 30 33
4 15 31 34
5 16 32 35
6 17 33 36
7 18 34 37
8 19 35 38
9 20 36 39
10 21 37 40
11 22 38 41
12 23 39 42
13 24 40 43
14 25 41 44
15 26 42 45
16 27 43 46
17 28 44 47
18 29 45 48
19 30 46 49
20 31 47 50
21 32 48 51
22 33 49 52
0 34 35 57
1 35 36 58
0 2 36 37
1 3 37 38
2 4 38 39
3 5 39 40
4 6 40 41
5 7 41 42
6 8 42 43
7 9 43 44
8 10 44 45
9 11 45 46
10 12 46 47
11 13 47 48
12 14 48 49
13 15 49 50
14 16 50 51
15 17 51 52
16 18 52 53
17 19 53 54
18 20 54 55
19 21 55 56
20 22 56 57
21 23 57 58
0 22 24 58
0 1 23 25
1 2 24 26
2 3 25 27
3 4 26 28
4 5 27 29
5 6 28 30
6 7 29 31
7 8 30 32
8 9 31 33
9 10 32 34
10 11 33 35
11 12 34 36
12 13 35 37
13 14 36 38
14 15 37 39
15 16 38 40
16 17 39 41
17 18 40 42
18 19 41 43
19 20 42 44
20 21 43 45
21 22 44 46
22 23 45 47
23 24 46 48
24 25 47 49
25 26 48 50
26 27 49 51
27 28 50 52
28 29 51 53
29 30 52 54
30 31 53 55
31 32 54 56
32 33 55 57
33 34 56 58
