5 12 27 31 32
6 13 28 32 33
7 14 29 33 34
8 15 30 34 35
9 16 31 35 36
10 17 32 36 37
11 18 33 37 38
12 19 34 38 39
13 20 35 39 40
14 21 36 40 41
15 22 37 41 42
16 23 38 42 43
17 24 39 43 44
18 25 40 44 45
19 26 41 45 46
20 27 42 46 47
21 28 43 47 48
22 29 44 48 49
23 30 45 49 50
24 31 46 50 51
25 32 47 51 52
26 33 48 52 53
27 34 49 53 54
28 35 50 54 55
29 36 51 55 56
30 37 52 56 57
31 38 53 57 58
0 32 39 54 58
0 1 33 40 55
1 2 34 41 56
2 3 35 42 57
3 4 36 43 58
0 4 5 37 44
1 5 6 38 45
2 6 7 39 46
3 7 8 40 47
4 8 9 41 48
5 9 10 42 49
6 10 11 43 50
7 11 12 44 51
8 12 13 45 52
9 13 14 46 53
10 14 15 47 54
11 15 16 48 55
12 16 17 49 56
13 17 18 50 57
14 18 19 51 58
0 15 19 20 52
1 16 20 21 53
2 17 21 22 54
3 18 22 23 55
4 19 23 24 56
5 20 24 25 57
6 21 25 26 58
0 7 22 26 27
1 8 23 27 28
2 9 24 28 29
3 10 25 29 30
4 11 26 30 31
5 7 16 22 52
6 8 17 23 53
7 9 18 24 54
8 10 19 25 55
9 11 20 26 56
10 12 21 27 57
11 13 22 28 58
0 12 14 23 29
1 13 15 24 30
2 14 16 25 31
3 15 17 26 32
4 16 18 27 33
5 17 19 28 34
6 18 20 29 35
7 19 21 30 36
8 20 22 31 37
9 21 23 32 38
10 22 24 33 39
11 23 25 34 40
12 24 26 35 41
13 25 27 36 42
14 26 28 37 43
15 27 29 38 44
16 28 30 39 45
17 29 31 40 46
18 30 32 41 47
19 31 33 42 48
20 32 34 43 49
21 33 35 44 50
22 34 36 45 51
23 35 37 46 52
24 36 38 47 53
25 37 39 48 54
26 38 40 49 55
27 39 41 50 56
28 40 42 51 57
29 41 43 52 58
0 30 42 44 53
1 31 43 45 54
2 32 44 46 55
3 33 45 47 56
4 34 46 48 57
5 35 47 49 58
0 6 36 48 50
1 7 37 49 51
2 8 38 50 52
3 9 39 51 53
4 10 40 52 54
5 11 41 53 55
6 12 42 54 56
7 13 43 55 57
8 14 44 56 58
0 9 15 45 57
1 10 16 46 58
0 2 11 17 47
1 3 12 18 48
2 4 13 19 49
3 5 14 20 50
4 6 15 21 51
5 18 21 46 56
6 19 22 47 57
7 20 23 48 58
0 8 21 24 49
1 9 22 25 50
2 10 23 26 51
3 11 24 27 52
4 12 25 28 53
5 13 26 29 54
6 14 27 30 55
7 15 28 31 56
8 16 29 32 57
9 17 30 33 58
0 10 18 31 34
1 11 19 32 35
2 12 20 33 36
3 13 21 34 37
4 14 22 35 38
5 15 23 36 39
6 16 24 37 40
7 17 25 38 41
8 18 26 39 42
9 19 27 40 43
10 20 28 41 44
11 21 29 42 45
12 22 30 43 46
13 23 31 44 47
14 24 32 45 48
15 25 33 46 49
16 26 34 47 50
17 27 35 48 51
18 28 36 49 52
19 29 37 50 53
20 30 38 51 54
21 31 39 52 55
22 32 40 53 56
23 33 41 54 57
24 34 42 55 58
0 25 35 43 56
1 26 36 44 57
2 27 37 45 58
0 3 28 38 46
1 4 29 39 47
2 5 30 40 48
3 6 31 41 49
4 7 32 42 50
5 8 33 43 51
6 9 34 44 52
7 10 35 45 53
8 11 36 46 54
9 12 37 47 55
10 13 38 48 56
11 14 39 49 57
12 15 40 50 58
0 13 16 41 51
1 14 17 42 52
2 15 18 43 53
3 16 19 44 54
4 17 20 45 55
