2 20 22 25 28 29 39 44 50
4 22 24 27 30 31 41 46 52
6 24 26 29 32 33 43 48 54
8 26 28 31 34 35 45 50 56
10 28 30 33 36 37 47 52 58
0 12 30 32 35 38 39 49 54
2 14 32 34 37 40 41 51 56
4 16 34 36 39 42 43 53 58
0 6 18 36 38 41 44 45 55
2 8 20 38 40 43 46 47 57
4 10 22 40 42 45 48 49 59
1 6 12 24 42 44 47 50 51
3 8 14 26 44 46 49 52 53
5 10 16 28 46 48 51 54 55
7 12 18 30 48 50 53 56 57
9 14 20 32 50 52 55 58 59
0 1 11 16 22 34 52 54 57
2 3 13 18 24 36 54 56 59
1 4 5 15 20 26 38 56 58
0 3 6 7 17 22 28 40 58
0 2 5 8 9 19 24 30 42
2 4 7 10 11 21 26 32 44
4 6 9 12 13 23 28 34 46
6 8 11 14 15 25 30 36 48
8 10 13 16 17 27 32 38 50
10 12 15 18 19 29 34 40 52
12 14 17 20 21 31 36 42 54
14 16 19 22 23 33 38 44 56
16 18 21 24 25 35 40 46 58
0 18 20 23 26 27 37 42 48
3 15 28 32 33 35 41 42 57
5 17 30 34 35 37 43 44 59
1 7 19 32 36 37 39 45 46
3 9 21 34 38 39 41 47 48
5 11 23 36 40 41 43 49 50
7 13 25 38 42 43 45 51 52
9 15 27 40 44 45 47 53 54
11 17 29 42 46 47 49 55 56
13 19 31 44 48 49 51 57 58
0 15 21 33 46 50 51 53 59
1 2 17 23 35 48 52 53 55
3 4 19 25 37 50 54 55 57
5 6 21 27 39 52 56 57 59
1 7 8 23 29 41 54 58 59
0 1 3 9 10 25 31 43 56
2 3 5 11 12 27 33 45 58
0 4 5 7 13 14 29 35 47
2 6 7 9 15 16 31 37 49
4 8 9 11 17 18 33 39 51
6 10 11 13 19 20 35 41 53
8 12 13 15 21 22 37 43 55
10 14 15 17 23 24 39 45 57
12 16 17 19 25 26 41 47 59
1 14 18 19 21 27 28 43 49
3 16 20 21 23 29 30 45 51
5 18 22 23 25 31 32 47 53
7 20 24 25 27 33 34 49 55
9 22 26 27 29 35 36 51 57
11 24 28 29 31 37 38 53 59
1 13 26 30 31 33 39 40 55
