18 26 29 43
19 27 30 44
20 28 31 45
21 29 32 46
22 30 33 47
23 31 34 48
24 32 35 49
25 33 36 50
26 34 37 51
27 35 38 52
28 36 39 53
29 37 40 54
30 38 41 55
31 39 42 56
32 40 43 57
33 41 44 58
34 42 45 59
0 35 43 46
1 36 44 47
2 37 45 48
3 38 46 49
4 39 47 50
5 40 48 51
6 41 49 52
7 42 50 53
8 43 51 54
9 44 52 55
10 45 53 56
11 46 54 57
12 47 55 58
13 48 56 59
0 14 49 57
1 15 50 58
2 16 51 59
0 3 17 52
1 4 18 53
2 5 19 54
3 6 20 55
4 7 21 56
5 8 22 57
6 9 23 58
7 10 24 59
0 8 11 25
1 9 12 26
2 10 13 27
3 11 14 28
4 12 15 29
5 13 16 30
6 14 17 31
7 15 18 32
8 16 19 33
9 17 20 34
10 18 21 35
11 19 22 36
12 20 23 37
13 21 24 38
14 22 25 39
15 23 26 40
16 24 27 41
17 25 28 42
14 26 48 55
15 27 49 56
16 28 50 57
17 29 51 58
18 30 52 59
0 19 31 53
1 20 32 54
2 21 33 55
3 22 34 56
4 23 35 57
5 24 36 58
6 25 37 59
0 7 26 38
1 8 27 39
2 9 28 40
3 10 29 41
4 11 30 42
5 12 31 43
6 13 32 44
7 14 33 45
8 15 34 46
9 16 35 47
10 17 36 48
11 18 37 49
12 19 38 50
13 20 39 51
14 21 40 52
15 22 41 53
16 23 42 54
17 24 43 55
18 25 44 56
19 26 45 57
20 27 46 58
21 28 47 59
0 22 29 48
1 23 30 49
2 24 31 50
3 25 32 51
4 26 33 52
5 27 34 53
6 28 35 54
7 29 36 55
8 30 37 56
9 31 38 57
10 32 39 58
11 33 40 59
0 12 34 41
1 13 35 42
2 14 36 43
3 15 37 44
4 16 38 45
5 17 39 46
6 18 40 47
7 19 41 48
8 20 42 49
9 21 43 50
10 22 44 51
11 23 45 52
12 24 46 53
13 25 47 54
22 26 35 59
0 23 27 36
1 24 28 37
2 25 29 38
3 26 30 39
4 27 31 40
5 28 32 41
6 29 33 42
7 30 34 43
8 31 35 44
9 32 36 45
10 33 37 46
11 34 38 47
12 35 39 48
13 36 40 49
14 37 41 50
15 38 42 51
16 39 43 52
17 40 44 53
18 41 45 54
19 42 46 55
20 43 47 56
21 44 48 57
22 45 49 58
23 46 50 59
0 24 47 51
1 25 48 52
2 26 49 53
3 27 50 54
4 28 51 55
5 29 52 56
6 30 53 57
7 31 54 58
8 32 55 59
0 9 33 56
1 10 34 57
2 11 35 58
3 12 36 59
0 4 13 37
1 5 14 38
2 6 15 39
3 7 16 40
4 8 17 41
5 9 18 42
6 10 19 43
7 11 20 44
8 12 21 45
9 13 22 46
10 14 23 47
11 15 24 48
12 16 25 49
13 17 26 50
14 18 27 51
15 19 28 52
16 20 29 53
17 21 30 54
18 22 31 55
19 23 32 56
20 24 33 57
21 25 34 58
9 19 37 39
10 20 38 40
11 21 39 41
12 22 40 42
13 23 41 43
14 24 42 44
15 25 43 45
16 26 44 46
17 27 45 47
18 28 46 48
19 29 47 49
20 30 48 50
21 31 49 51
22 32 50 52
23 33 51 53
24 34 52 54
25 35 53 55
26 36 54 56
27 37 55 57
28 38 56 58
29 39 57 59
0 30 40 58
1 31 41 59
0 2 32 42
1 3 33 43
2 4 34 44
3 5 35 45
4 6 36 46
5 7 37 47
6 8 38 48
7 9 39 49
8 10 40 50
9 11 41 51
10 12 42 52
11 13 43 53
12 14 44 54
13 15 45 55
14 16 46 56
15 17 47 57
16 18 48 58
17 19 49 59
0 18 20 50
1 19 21 51
2 20 22 52
3 21 23 53
4 22 24 54
5 23 25 55
6 24 26 56
7 25 27 57
8 26 28 58
9 27 29 59
0 10 28 30
1 11 29 31
2 12 30 32
3 13 31 33
4 14 32 34
5 15 33 35
6 16 34 36
7 17 35 37
8 18 36 38
13 52 57 58
14 53 58 59
0 15 54 59
0 1 16 55
1 2 17 56
2 3 18 57
3 4 19 58
4 5 20 59
0 5 6 21
1 6 7 22
2 7 8 23
3 8 9 24
4 9 10 25
5 10 11 26
6 11 12 27
7 12 13 28
8 13 14 29
9 14 15 30
10 15 16 31
11 16 17 32
12 17 18 33
13 18 19 34
14 19 20 35
15 20 21 36
16 21 22 37
17 22 23 38
18 23 24 39
19 24 25 40
20 25 26 41
21 26 27 42
22 27 28 43
23 28 29 44
24 29 30 45
25 30 31 46
26 31 32 47
27 32 33 48
28 33 34 49
29 34 35 50
30 35 36 51
31 36 37 52
32 37 38 53
33 38 39 54
34 39 40 55
35 40 41 56
36 41 42 57
37 42 43 58
38 43 44 59
0 39 44 45
1 40 45 46
2 41 46 47
3 42 47 48
4 43 48 49
5 44 49 50
6 45 50 51
7 46 51 52
8 47 52 53
9 48 53 54
10 49 54 55
11 50 55 56
12 51 56 57
