17 25 42 43 46 47 53
20 28 45 46 49 50 56
23 31 48 49 52 53 59
2 26 34 51 52 55 56
5 29 37 54 55 58 59
1 2 8 32 40 57 58
0 1 4 5 11 35 43
3 4 7 8 14 38 46
6 7 10 11 17 41 49
9 10 13 14 20 44 52
12 13 16 17 23 47 55
15 16 19 20 26 50 58
1 18 19 22 23 29 53
4 21 22 25 26 32 56
7 24 25 28 29 35 59
2 10 27 28 31 32 38
5 13 30 31 34 35 41
8 16 33 34 37 38 44
11 19 36 37 40 41 47
14 22 39 40 43 44 50
2 18 36 43 50 51 52
5 21 39 46 53 54 55
8 24 42 49 56 57 58
0 1 11 27 45 52 59
2 3 4 14 30 48 55
5 6 7 17 33 51 58
1 8 9 10 20 36 54
4 11 12 13 23 39 57
0 7 14 15 16 26 42
3 10 17 18 19 29 45
6 13 20 21 22 32 48
9 16 23 24 25 35 51
12 19 26 27 28 38 54
15 22 29 30 31 41 57
0 18 25 32 33 34 44
3 21 28 35 36 37 47
6 24 31 38 39 40 50
9 27 34 41 42 43 53
12 30 37 44 45 46 56
15 33 40 47 48 49 59
14 32 33 36 45 53 59
2 17 35 36 39 48 56
5 20 38 39 42 51 59
2 8 23 41 42 45 54
5 11 26 44 45 48 57
0 8 14 29 47 48 51
3 11 17 32 50 51 54
6 14 20 35 53 54 57
0 9 17 23 38 56 57
0 3 12 20 26 41 59
2 3 6 15 23 29 44
5 6 9 18 26 32 47
8 9 12 21 29 35 50
11 12 15 24 32 38 53
14 15 18 27 35 41 56
17 18 21 30 38 44 59
2 20 21 24 33 41 47
5 23 24 27 36 44 50
8 26 27 30 39 47 53
11 29 30 33 42 50 56
1 7 31 44 47 54 56
4 10 34 47 50 57 59
0 2 7 13 37 50 53
3 5 10 16 40 53 56
6 8 13 19 43 56 59
2 9 11 16 22 46 59
2 5 12 14 19 25 49
5 8 15 17 22 28 52
8 11 18 20 25 31 55
11 14 21 23 28 34 58
1 14 17 24 26 31 37
4 17 20 27 29 34 40
7 20 23 30 32 37 43
10 23 26 33 35 40 46
13 26 29 36 38 43 49
16 29 32 39 41 46 52
19 32 35 42 44 49 55
22 35 38 45 47 52 58
1 25 38 41 48 50 55
4 28 41 44 51 53 58
4 19 24 30 33 52 54
7 22 27 33 36 55 57
0 10 25 30 36 39 58
1 3 13 28 33 39 42
4 6 16 31 36 42 45
7 9 19 34 39 45 48
10 12 22 37 42 48 51
13 15 25 40 45 51 54
16 18 28 43 48 54 57
0 19 21 31 46 51 57
0 3 22 24 34 49 54
3 6 25 27 37 52 57
0 6 9 28 30 40 55
3 9 12 31 33 43 58
1 6 12 15 34 36 46
4 9 15 18 37 39 49
7 12 18 21 40 42 52
10 15 21 24 43 45 55
13 18 24 27 46 48 58
1 16 21 27 30 49 51
