0 1 2 3 4 5 6 42 50
0 7 14 21 28 35 49 54 56
0 6 16 20 24 32 40 48 57
0 9 18 27 29 35 38 47 51
0 10 23 33 36 46 52 53 59
0 11 15 26 30 41 42 45 58
0 12 17 22 27 34 39 44 55
0 8 12 13 19 25 31 37 43
1 7 10 13 26 32 38 44 49
1 11 15 20 22 29 36 43 56
1 9 19 21 30 39 48 52 53
1 12 16 27 31 35 46 48 58
1 11 14 24 34 37 47 50 59
0 1 17 25 33 41 51 54 57
1 8 18 23 28 40 45 52 55
2 9 16 23 30 37 44 51 56
2 7 19 24 29 41 46 49 55
2 13 14 20 27 33 39 45 58
2 9 10 11 22 31 40 52 54
2 12 15 25 26 28 38 48 59
2 8 17 21 32 36 42 47 58
2 18 26 34 35 43 52 53 57
3 7 18 22 33 37 48 49 58
3 10 20 25 30 35 47 55 56
3 9 11 12 14 23 32 41 43
3 13 15 21 34 40 46 51 54
3 11 19 27 28 36 44 53 57
3 7 8 16 26 29 39 54 59
3 17 24 31 38 45 52 53 56
4 7 17 27 30 40 43 49 59
4 8 9 15 24 33 35 44 53
4 8 11 18 25 32 39 46 56
4 19 20 23 34 38 44 54 58
4 11 14 26 31 36 48 51 55
1 4 10 12 21 29 37 45 57
4 13 16 22 28 41 47 52 53
5 7 9 16 25 34 36 45 49
5 8 14 22 30 38 46 49 57
5 14 18 20 21 31 41 44 59
10 14 15 16 17 18 19 42 50
5 10 24 28 31 39 43 51 58
5 11 13 17 23 29 35 48 49
5 12 19 26 33 40 47 56 57
5 15 27 32 37 52 53 54 55
6 7 15 23 31 39 47 49 57
6 8 9 17 20 26 28 37 46
6 8 10 27 34 41 48 50 56
6 7 11 16 21 33 38 43 55
2 6 12 13 18 24 30 36 54
6 14 25 29 40 44 52 53 58
6 8 19 22 32 35 45 51 59
7 12 20 42 49 50 51 52 53
9 13 42 50 55 56 57 58 59
28 29 30 31 32 33 34 42 50
42 43 44 45 46 47 48 50 54
21 22 23 24 25 26 27 42 50
35 36 37 38 39 40 41 42 50
