27 28 32 34 36 39
30 31 35 37 39 42
33 34 38 40 42 45
36 37 41 43 45 48
39 40 44 46 48 51
42 43 47 49 51 54
45 46 50 52 54 57
0 48 49 53 55 57
0 3 51 52 56 58
1 3 6 54 55 59
2 4 6 9 57 58
0 1 5 7 9 12
3 4 8 10 12 15
6 7 11 13 15 18
9 10 14 16 18 21
12 13 17 19 21 24
15 16 20 22 24 27
18 19 23 25 27 30
21 22 26 28 30 33
24 25 29 31 33 36
7 24 30 39 46 49
10 27 33 42 49 52
13 30 36 45 52 55
16 33 39 48 55 58
1 19 36 42 51 58
1 4 22 39 45 54
4 7 25 42 48 57
0 7 10 28 45 51
3 10 13 31 48 54
6 13 16 34 51 57
0 9 16 19 37 54
3 12 19 22 40 57
0 6 15 22 25 43
3 9 18 25 28 46
6 12 21 28 31 49
9 15 24 31 34 52
12 18 27 34 37 55
15 21 30 37 40 58
1 18 24 33 40 43
4 21 27 36 43 46
0 4 31 32 35 40
3 7 34 35 38 43
6 10 37 38 41 46
9 13 40 41 44 49
12 16 43 44 47 52
15 19 46 47 50 55
18 22 49 50 53 58
1 21 25 52 53 56
4 24 28 55 56 59
2 7 27 31 58 59
1 2 5 10 30 34
4 5 8 13 33 37
7 8 11 16 36 40
10 11 14 19 39 43
13 14 17 22 42 46
16 17 20 25 45 49
19 20 23 28 48 52
22 23 26 31 51 55
25 26 29 34 54 58
1 28 29 32 37 57
2 12 24 38 51 54
5 15 27 41 54 57
0 8 18 30 44 57
0 3 11 21 33 47
3 6 14 24 36 50
6 9 17 27 39 53
9 12 20 30 42 56
12 15 23 33 45 59
2 15 18 26 36 48
5 18 21 29 39 51
8 21 24 32 42 54
11 24 27 35 45 57
0 14 27 30 38 48
3 17 30 33 41 51
6 20 33 36 44 54
9 23 36 39 47 57
0 12 26 39 42 50
3 15 29 42 45 53
6 18 32 45 48 56
9 21 35 48 51 59
2 13 28 43 50 53
5 16 31 46 53 56
8 19 34 49 56 59
2 11 22 37 52 59
2 5 14 25 40 55
5 8 17 28 43 58
1 8 11 20 31 46
4 11 14 23 34 49
7 14 17 26 37 52
10 17 20 29 40 55
13 20 23 32 43 58
1 16 23 26 35 46
4 19 26 29 38 49
7 22 29 32 41 52
10 25 32 35 44 55
13 28 35 38 47 58
1 16 31 38 41 50
4 19 34 41 44 53
7 22 37 44 47 56
10 25 40 47 50 59
8 9 22 38 43 55
11 12 25 41 46 58
1 14 15 28 44 49
4 17 18 31 47 52
7 20 21 34 50 55
10 23 24 37 53 58
1 13 26 27 40 56
4 16 29 30 43 59
2 7 19 32 33 46
5 10 22 35 36 49
8 13 25 38 39 52
11 16 28 41 42 55
14 19 31 44 45 58
1 17 22 34 47 48
4 20 25 37 50 51
7 23 28 40 53 54
10 26 31 43 56 57
0 13 29 34 46 59
2 3 16 32 37 49
5 6 19 35 40 52
8 12 29 35 48 50
11 15 32 38 51 53
14 18 35 41 54 56
17 21 38 44 57 59
0 2 20 24 41 47
3 5 23 27 44 50
6 8 26 30 47 53
9 11 29 33 50 56
12 14 32 36 53 59
2 15 17 35 39 56
5 18 20 38 42 59
2 8 21 23 41 45
5 11 24 26 44 48
8 14 27 29 47 51
11 17 30 32 50 54
14 20 33 35 53 57
0 17 23 36 38 56
3 20 26 39 41 59
2 6 23 29 42 44
5 9 26 32 45 47
