11 39 47
13 41 49
15 43 51
17 45 53
19 47 55
21 49 57
23 51 59
1 25 53
3 27 55
5 29 57
7 31 59
1 9 33
3 11 35
5 13 37
7 15 39
9 17 41
11 19 43
13 21 45
15 23 47
17 25 49
19 27 51
21 29 53
23 31 55
25 33 57
27 35 59
1 29 37
3 31 39
5 33 41
7 35 43
9 37 45
6 8 30
8 10 32
10 12 34
12 14 36
14 16 38
16 18 40
18 20 42
20 22 44
22 24 46
24 26 48
26 28 50
28 30 52
30 32 54
32 34 56
34 36 58
0 36 38
2 38 40
4 40 42
6 42 44
8 44 46
10 46 48
12 48 50
14 50 52
16 52 54
18 54 56
20 56 58
0 22 58
0 2 24
2 4 26
4 6 28
16 20 45
18 22 47
20 24 49
22 26 51
24 28 53
26 30 55
28 32 57
30 34 59
1 32 36
3 34 38
5 36 40
7 38 42
9 40 44
11 42 46
13 44 48
15 46 50
17 48 52
19 50 54
21 52 56
23 54 58
0 25 56
2 27 58
0 4 29
2 6 31
4 8 33
6 10 35
8 12 37
10 14 39
12 16 41
14 18 43
31 34 46
33 36 48
35 38 50
37 40 52
39 42 54
41 44 56
43 46 58
0 45 48
2 47 50
4 49 52
6 51 54
8 53 56
10 55 58
0 12 57
2 14 59
1 4 16
3 6 18
5 8 20
7 10 22
9 12 24
11 14 26
13 16 28
15 18 30
17 20 32
19 22 34
21 24 36
23 26 38
25 28 40
27 30 42
29 32 44
1 3 44
3 5 46
5 7 48
7 9 50
9 11 52
11 13 54
13 15 56
15 17 58
0 17 19
2 19 21
4 21 23
6 23 25
8 25 27
10 27 29
12 29 31
14 31 33
16 33 35
18 35 37
20 37 39
22 39 41
24 41 43
26 43 45
28 45 47
30 47 49
32 49 51
34 51 53
36 53 55
38 55 57
40 57 59
1 42 59
13 22 23
15 24 25
17 26 27
19 28 29
21 30 31
23 32 33
25 34 35
27 36 37
29 38 39
31 40 41
33 42 43
35 44 45
37 46 47
39 48 49
41 50 51
43 52 53
45 54 55
47 56 57
49 58 59
0 1 51
2 3 53
4 5 55
6 7 57
8 9 59
1 10 11
3 12 13
5 14 15
7 16 17
9 18 19
11 20 21
15 38 48
17 40 50
19 42 52
21 44 54
23 46 56
25 48 58
0 27 50
2 29 52
4 31 54
6 33 56
8 35 58
0 10 37
2 12 39
4 14 41
6 16 43
8 18 45
10 20 47
12 22 49
14 24 51
16 26 53
18 28 55
20 30 57
22 32 59
1 24 34
3 26 36
5 28 38
7 30 40
9 32 42
11 34 44
13 36 46
12 38 58
0 14 40
2 16 42
4 18 44
6 20 46
8 22 48
10 24 50
12 26 52
14 28 54
16 30 56
18 32 58
0 20 34
2 22 36
4 24 38
6 26 40
8 28 42
10 30 44
12 32 46
14 34 48
16 36 50
18 38 52
20 40 54
22 42 56
24 44 58
0 26 46
2 28 48
4 30 50
6 32 52
8 34 54
10 36 56
10 33 53
12 35 55
14 37 57
16 39 59
1 18 41
3 20 43
5 22 45
7 24 47
9 26 49
11 28 51
13 30 53
15 32 55
17 34 57
19 36 59
1 21 38
3 23 40
5 25 42
7 27 44
9 29 46
11 31 48
13 33 50
15 35 52
17 37 54
19 39 56
21 41 58
0 23 43
2 25 45
4 27 47
6 29 49
8 31 51
19 31 32
21 33 34
23 35 36
25 37 38
27 39 40
29 41 42
31 43 44
33 45 46
35 47 48
37 49 50
39 51 52
41 53 54
43 55 56
45 57 58
0 47 59
1 2 49
3 4 51
5 6 53
7 8 55
9 10 57
11 12 59
1 13 14
3 15 16
5 17 18
7 19 20
9 21 22
11 23 24
13 25 26
15 27 28
17 29 30
1 6 58
0 3 8
2 5 10
4 7 12
6 9 14
8 11 16
10 13 18
12 15 20
14 17 22
16 19 24
18 21 26
20 23 28
22 25 30
24 27 32
26 29 34
28 31 36
30 33 38
32 35 40
34 37 42
36 39 44
38 41 46
40 43 48
42 45 50
44 47 52
46 49 54
48 51 56
50 53 58
0 52 55
2 54 57
4 56 59
6 21 34
8 23 36
10 25 38
12 27 40
14 29 42
16 31 44
18 33 46
20 35 48
22 37 50
24 39 52
26 41 54
28 43 56
30 45 58
0 32 47
2 34 49
4 36 51
6 38 53
8 40 55
10 42 57
12 44 59
1 14 46
3 16 48
5 18 50
7 20 52
9 22 54
11 24 56
13 26 58
0 15 28
2 17 30
4 19 32
6 12 47
8 14 49
10 16 51
12 18 53
14 20 55
16 22 57
18 24 59
1 20 26
3 22 28
5 24 30
7 26 32
9 28 34
11 30 36
13 32 38
15 34 40
17 36 42
19 38 44
21 40 46
23 42 48
25 44 50
27 46 52
29 48 54
31 50 56
33 52 58
0 35 54
2 37 56
4 39 58
0 6 41
2 8 43
4 10 45
10 26 59
1 12 28
3 14 30
5 16 32
7 18 34
9 20 36
11 22 38
13 24 40
15 26 42
17 28 44
19 30 46
21 32 48
23 34 50
25 36 52
27 38 54
29 40 56
31 42 58
0 33 44
2 35 46
4 37 48
6 39 50
8 41 52
10 43 54
12 45 56
14 47 58
0 16 49
2 18 51
4 20 53
6 22 55
8 24 57
23 27 45
25 29 47
27 31 49
29 33 51
31 35 53
33 37 55
35 39 57
37 41 59
1 39 43
3 41 45
5 43 47
7 45 49
9 47 51
11 49 53
13 51 55
15 53 57
17 55 59
1 19 57
3 21 59
1 5 23
3 7 25
5 9 27
7 11 29
9 13 31
11 15 33
13 17 35
15 19 37
17 21 39
19 23 41
21 25 43
12 13 19
14 15 21
16 17 23
18 19 25
20 21 27
22 23 29
24 25 31
26 27 33
28 29 35
30 31 37
32 33 39
34 35 41
36 37 43
38 39 45
40 41 47
42 43 49
44 45 51
46 47 53
48 49 55
50 51 57
52 53 59
1 54 55
3 56 57
5 58 59
0 1 7
2 3 9
4 5 11
6 7 13
8 9 15
10 11 17
24 35 42
26 37 44
28 39 46
30 41 48
32 43 50
34 45 52
36 47 54
38 49 56
40 51 58
0 42 53
2 44 55
4 46 57
6 48 59
1 8 50
3 10 52
5 12 54
7 14 56
9 16 58
0 11 18
2 13 20
4 15 22
6 17 24
8 19 26
10 21 28
12 23 30
14 25 32
16 27 34
18 29 36
20 31 38
22 33 40
3 24 54
5 26 56
7 28 58
0 9 30
2 11 32
4 13 34
6 15 36
8 17 38
10 19 40
12 21 42
14 23 44
16 25 46
18 27 48
20 29 50
22 31 52
24 33 54
26 35 56
28 37 58
0 30 39
2 32 41
4 34 43
6 36 45
8 38 47
10 40 49
12 42 51
14 44 53
16 46 55
18 48 57
20 50 59
1 22 52
8 13 39
10 15 41
12 17 43
14 19 45
16 21 47
18 23 49
20 25 51
22 27 53
24 29 55
26 31 57
28 33 59
1 30 35
3 32 37
5 34 39
7 36 41
9 38 43
11 40 45
13 42 47
15 44 49
17 46 51
19 48 53
21 50 55
23 52 57
25 54 59
1 27 56
3 29 58
0 5 31
2 7 33
4 9 35
6 11 37
22 35 43
24 37 45
26 39 47
28 41 49
30 43 51
32 45 53
34 47 55
36 49 57
38 51 59
1 40 53
3 42 55
5 44 57
7 46 59
1 9 48
3 11 50
5 13 52
7 15 54
9 17 56
11 19 58
0 13 21
2 15 23
4 17 25
6 19 27
8 21 29
10 23 31
12 25 33
14 27 35
16 29 37
18 31 39
20 33 41
9 39 55
11 41 57
13 43 59
1 15 45
3 17 47
5 19 49
7 21 51
9 23 53
11 25 55
13 27 57
15 29 59
1 17 31
3 19 33
5 21 35
7 23 37
9 25 39
11 27 41
13 29 43
15 31 45
17 33 47
19 35 49
21 37 51
23 39 53
25 41 55
27 43 57
29 45 59
1 31 47
3 33 49
5 35 51
7 37 53
