5 42 44 47 52
9 46 48 51 56
0 13 50 52 55
4 17 54 56 59
0 3 8 21 58
2 4 7 12 25
6 8 11 16 29
10 12 15 20 33
14 16 19 24 37
18 20 23 28 41
22 24 27 32 45
26 28 31 36 49
30 32 35 40 53
34 36 39 44 57
1 38 40 43 48
5 11 18 26 59
3 9 15 22 30
7 13 19 26 34
11 17 23 30 38
15 21 27 34 42
19 25 31 38 46
23 29 35 42 50
27 33 39 46 54
31 37 43 50 58
2 35 41 47 54
6 39 45 51 58
2 10 43 49 55
6 14 47 53 59
3 10 18 51 57
1 7 14 22 55
3 14 16 17 49
7 18 20 21 53
11 22 24 25 57
1 15 26 28 29
5 19 30 32 33
9 23 34 36 37
13 27 38 40 41
17 31 42 44 45
21 35 46 48 49
25 39 50 52 53
29 43 54 56 57
0 1 33 47 58
2 4 5 37 51
6 8 9 41 55
10 12 13 45 59
1 4 16 22 58
2 5 8 20 26
6 9 12 24 30
10 13 16 28 34
14 17 20 32 38
18 21 24 36 42
22 25 28 40 46
26 29 32 44 50
30 33 36 48 54
34 37 40 52 58
2 38 41 44 56
0 6 42 45 48
4 10 46 49 52
8 14 50 53 56
0 12 18 54 57
11 19 42 43 56
0 15 23 46 47
4 19 27 50 51
8 23 31 54 55
12 27 35 58 59
2 3 16 31 39
6 7 20 35 43
10 11 24 39 47
14 15 28 43 51
18 19 32 47 55
22 23 36 51 59
3 26 27 40 55
7 30 31 44 59
3 11 34 35 48
7 15 38 39 52
5 21 28 39 56
0 9 25 32 43
4 13 29 36 47
8 17 33 40 51
12 21 37 44 55
16 25 41 48 59
3 20 29 45 52
7 24 33 49 56
0 11 28 37 53
4 15 32 41 57
1 8 19 36 45
5 12 23 40 49
9 16 27 44 53
13 20 31 48 57
1 17 24 35 52
5 7 9 57 58
1 2 9 11 13
5 6 13 15 17
9 10 17 19 21
13 14 21 23 25
17 18 25 27 29
21 22 29 31 33
25 26 33 35 37
29 30 37 39 41
33 34 41 43 45
37 38 45 47 49
41 42 49 51 53
45 46 53 55 57
1 49 50 57 59
1 3 5 53 54
11 12 28 46 50
15 16 32 50 54
19 20 36 54 58
2 23 24 40 58
2 6 27 28 44
6 10 31 32 48
10 14 35 36 52
14 18 39 40 56
0 18 22 43 44
4 22 26 47 48
8 26 30 51 52
12 30 34 55 56
0 16 34 38 59
3 4 20 38 42
7 8 24 42 46
0 17 35 39 55
4 21 39 43 59
3 8 25 43 47
7 12 29 47 51
11 16 33 51 55
15 20 37 55 59
3 19 24 41 59
3 7 23 28 45
7 11 27 32 49
11 15 31 36 53
15 19 35 40 57
1 19 23 39 44
5 23 27 43 48
9 27 31 47 52
13 31 35 51 56
12 19 28 48 53
16 23 32 52 57
1 20 27 36 56
0 5 24 31 40
4 9 28 35 44
8 13 32 39 48
12 17 36 43 52
16 21 40 47 56
0 20 25 44 51
4 24 29 48 55
8 28 33 52 59
3 12 32 37 56
0 7 16 36 41
4 11 20 40 45
8 15 24 44 49
0 2 19 29 49
4 6 23 33 53
8 10 27 37 57
1 12 14 31 41
5 16 18 35 45
9 20 22 39 49
13 24 26 43 53
17 28 30 47 57
1 21 32 34 51
5 25 36 38 55
9 29 40 42 59
3 13 33 44 46
7 17 37 48 50
11 21 41 52 54
15 25 45 56 58
4 8 18 31 34
8 12 22 35 38
12 16 26 39 42
16 20 30 43 46
20 24 34 47 50
24 28 38 51 54
28 32 42 55 58
2 32 36 46 59
3 6 36 40 50
7 10 40 44 54
11 14 44 48 58
2 15 18 48 52
6 19 22 52 56
0 10 23 26 56
0 4 14 27 30
6 21 26 38 57
1 10 25 30 42
5 14 29 34 46
9 18 33 38 50
13 22 37 42 54
17 26 41 46 58
2 21 30 45 50
6 25 34 49 54
10 29 38 53 58
2 14 33 42 57
1 6 18 37 46
5 10 22 41 50
9 14 26 45 54
13 18 30 49 58
2 17 22 34 53
