5 6 18 38 40 57
6 7 19 39 41 58
7 8 20 40 42 59
0 8 9 21 41 43
1 9 10 22 42 44
2 10 11 23 43 45
3 11 12 24 44 46
4 12 13 25 45 47
5 13 14 26 46 48
6 14 15 27 47 49
7 15 16 28 48 50
8 16 17 29 49 51
9 17 18 30 50 52
10 18 19 31 51 53
11 19 20 32 52 54
12 20 21 33 53 55
13 21 22 34 54 56
14 22 23 35 55 57
15 23 24 36 56 58
16 24 25 37 57 59
0 17 25 26 38 58
1 18 26 27 39 59
0 2 19 27 28 40
1 3 20 28 29 41
2 4 21 29 30 42
3 5 22 30 31 43
4 6 23 31 32 44
5 7 24 32 33 45
6 8 25 33 34 46
7 9 26 34 35 47
8 10 27 35 36 48
9 11 28 36 37 49
10 12 29 37 38 50
11 13 30 38 39 51
12 14 31 39 40 52
13 15 32 40 41 53
14 16 33 41 42 54
15 17 34 42 43 55
16 18 35 43 44 56
17 19 36 44 45 57
18 20 37 45 46 58
19 21 38 46 47 59
0 20 22 39 47 48
1 21 23 40 48 49
2 22 24 41 49 50
3 23 25 42 50 51
4 24 26 43 51 52
5 25 27 44 52 53
6 26 28 45 53 54
7 27 29 46 54 55
8 28 30 47 55 56
9 29 31 48 56 57
10 30 32 49 57 58
11 31 33 50 58 59
0 12 32 34 51 59
0 1 13 33 35 52
1 2 14 34 36 53
2 3 15 35 37 54
3 4 16 36 38 55
4 5 17 37 39 56
2 8 39 44 55 58
3 9 40 45 56 59
0 4 10 41 46 57
1 5 11 42 47 58
2 6 12 43 48 59
0 3 7 13 44 49
1 4 8 14 45 50
2 5 9 15 46 51
3 6 10 16 47 52
4 7 11 17 48 53
5 8 12 18 49 54
6 9 13 19 50 55
7 10 14 20 51 56
8 11 15 21 52 57
9 12 16 22 53 58
10 13 17 23 54 59
0 11 14 18 24 55
1 12 15 19 25 56
2 13 16 20 26 57
3 14 17 21 27 58
4 15 18 22 28 59
0 5 16 19 23 29
1 6 17 20 24 30
2 7 18 21 25 31
3 8 19 22 26 32
4 9 20 23 27 33
5 10 21 24 28 34
6 11 22 25 29 35
7 12 23 26 30 36
8 13 24 27 31 37
9 14 25 28 32 38
10 15 26 29 33 39
11 16 27 30 34 40
12 17 28 31 35 41
13 18 29 32 36 42
14 19 30 33 37 43
15 20 31 34 38 44
16 21 32 35 39 45
17 22 33 36 40 46
18 23 34 37 41 47
19 24 35 38 42 48
20 25 36 39 43 49
21 26 37 40 44 50
22 27 38 41 45 51
23 28 39 42 46 52
24 29 40 43 47 53
25 30 41 44 48 54
26 31 42 45 49 55
27 32 43 46 50 56
28 33 44 47 51 57
29 34 45 48 52 58
30 35 46 49 53 59
0 31 36 47 50 54
1 32 37 48 51 55
2 33 38 49 52 56
3 34 39 50 53 57
4 35 40 51 54 58
5 36 41 52 55 59
0 6 37 42 53 56
1 7 38 43 54 57
9 24 31 39 54 60
9 10 14 20 34 46
1 16 21 31 46 60
2 17 32 35 47 60
5 13 28 43 58 60
11 26 34 41 56 60
11 29 40 41 44 46
0 15 23 30 45 60
4 19 29 34 49 60
3 18 33 38 48 60
6 14 29 44 59 60
8 11 23 38 53 60
10 25 26 40 55 60
2 16 17 32 42 44
5 20 35 44 50 60
2 30 50 52 54 60
12 27 42 47 57 60
6 7 21 36 51 60
7 22 37 43 52 60
