2 31 49 59
3 32 50 60
0 4 33 51
1 5 34 52
2 6 35 53
3 7 36 54
4 8 37 55
5 9 38 56
6 10 39 57
7 11 40 58
8 12 41 59
9 13 42 60
0 10 14 43
1 11 15 44
2 12 16 45
3 13 17 46
4 14 18 47
5 15 19 48
6 16 20 49
7 17 21 50
8 18 22 51
9 19 23 52
10 20 24 53
11 21 25 54
12 22 26 55
13 23 27 56
14 24 28 57
15 25 29 58
16 26 30 59
17 27 31 60
0 18 28 32
1 19 29 33
2 20 30 34
3 21 31 35
4 22 32 36
5 23 33 37
6 24 34 38
7 25 35 39
8 26 36 40
9 27 37 41
10 28 38 42
11 29 39 43
12 30 40 44
13 31 41 45
14 32 42 46
15 33 43 47
16 34 44 48
17 35 45 49
18 36 46 50
19 37 47 51
20 38 48 52
21 39 49 53
22 40 50 54
23 41 51 55
24 42 52 56
25 43 53 57
26 44 54 58
27 45 55 59
28 46 56 60
0 29 47 57
1 30 48 58
10 19 22 49
11 20 23 50
12 21 24 51
13 22 25 52
14 23 26 53
15 24 27 54
16 25 28 55
17 26 29 56
18 27 30 57
19 28 31 58
20 29 32 59
21 30 33 60
0 22 31 34
1 23 32 35
2 24 33 36
3 25 34 37
4 26 35 38
5 27 36 39
6 28 37 40
7 29 38 41
8 30 39 42
9 31 40 43
10 32 41 44
11 33 42 45
12 34 43 46
13 35 44 47
14 36 45 48
15 37 46 49
16 38 47 50
17 39 48 51
18 40 49 52
19 41 50 53
20 42 51 54
21 43 52 55
22 44 53 56
23 45 54 57
24 46 55 58
25 47 56 59
26 48 57 60
0 27 49 58
1 28 50 59
2 29 51 60
0 3 30 52
1 4 31 53
2 5 32 54
3 6 33 55
4 7 34 56
5 8 35 57
6 9 36 58
7 10 37 59
8 11 38 60
0 9 12 39
1 10 13 40
2 11 14 41
3 12 15 42
4 13 16 43
5 14 17 44
6 15 18 45
7 16 19 46
8 17 20 47
9 18 21 48
13 15 38 59
14 16 39 60
0 15 17 40
1 16 18 41
2 17 19 42
3 18 20 43
4 19 21 44
5 20 22 45
6 21 23 46
7 22 24 47
8 23 25 48
9 24 26 49
10 25 27 50
11 26 28 51
12 27 29 52
13 28 30 53
14 29 31 54
15 30 32 55
16 31 33 56
17 32 34 57
18 33 35 58
19 34 36 59
20 35 37 60
0 21 36 38
1 22 37 39
2 23 38 40
3 24 39 41
4 25 40 42
5 26 41 43
6 27 42 44
7 28 43 45
8 29 44 46
9 30 45 47
10 31 46 48
11 32 47 49
12 33 48 50
13 34 49 51
14 35 50 52
15 36 51 53
16 37 52 54
17 38 53 55
18 39 54 56
19 40 55 57
20 41 56 58
21 42 57 59
22 43 58 60
0 23 44 59
1 24 45 60
0 2 25 46
1 3 26 47
2 4 27 48
3 5 28 49
4 6 29 50
5 7 30 51
6 8 31 52
7 9 32 53
8 10 33 54
9 11 34 55
10 12 35 56
11 13 36 57
12 14 37 58
2 37 56 57
3 38 57 58
4 39 58 59
5 40 59 60
0 6 41 60
0 1 7 42
1 2 8 43
2 3 9 44
3 4 10 45
4 5 11 46
5 6 12 47
6 7 13 48
7 8 14 49
8 9 15 50
9 10 16 51
10 11 17 52
11 12 18 53
12 13 19 54
13 14 20 55
14 15 21 56
15 16 22 57
16 17 23 58
17 18 24 59
18 19 25 60
0 19 20 26
1 20 21 27
2 21 22 28
3 22 23 29
4 23 24 30
5 24 25 31
6 25 26 32
7 26 27 33
8 27 28 34
9 28 29 35
10 29 30 36
11 30 31 37
12 31 32 38
13 32 33 39
14 33 34 40
15 34 35 41
16 35 36 42
17 36 37 43
18 37 38 44
19 38 39 45
20 39 40 46
21 40 41 47
22 41 42 48
23 42 43 49
24 43 44 50
25 44 45 51
26 45 46 52
27 46 47 53
28 47 48 54
29 48 49 55
30 49 50 56
31 50 51 57
32 51 52 58
33 52 53 59
34 53 54 60
0 35 54 55
1 36 55 56
10 15 23 60
0 11 16 24
1 12 17 25
2 13 18 26
3 14 19 27
4 15 20 28
5 16 21 29
6 17 22 30
7 18 23 31
8 19 24 32
9 20 25 33
10 21 26 34
11 22 27 35
12 23 28 36
13 24 29 37
14 25 30 38
15 26 31 39
16 27 32 40
17 28 33 41
18 29 34 42
19 30 35 43
20 31 36 44
21 32 37 45
22 33 38 46
23 34 39 47
24 35 40 48
25 36 41 49
26 37 42 50
27 38 43 51
28 39 44 52
29 40 45 53
30 41 46 54
31 42 47 55
32 43 48 56
33 44 49 57
34 45 50 58
35 46 51 59
36 47 52 60
0 37 48 53
1 38 49 54
2 39 50 55
3 40 51 56
4 41 52 57
5 42 53 58
6 43 54 59
7 44 55 60
0 8 45 56
1 9 46 57
2 10 47 58
3 11 48 59
4 12 49 60
0 5 13 50
1 6 14 51
2 7 15 52
3 8 16 53
4 9 17 54
5 10 18 55
6 11 19 56
7 12 20 57
8 13 21 58
9 14 22 59
