13 19 51 55 58
1 16 22 54 58
1 4 19 25 57
0 4 7 22 28
3 7 10 25 31
6 10 13 28 34
9 13 16 31 37
12 16 19 34 40
15 19 22 37 43
18 22 25 40 46
21 25 28 43 49
24 28 31 46 52
27 31 34 49 55
30 34 37 52 58
1 33 37 40 55
4 36 40 43 58
1 7 39 43 46
4 10 42 46 49
7 13 45 49 52
10 16 48 52 55
2 22 34 36 51
5 25 37 39 54
8 28 40 42 57
0 11 31 43 45
3 14 34 46 48
6 17 37 49 51
9 20 40 52 54
12 23 43 55 57
0 15 26 46 58
1 3 18 29 49
4 6 21 32 52
7 9 24 35 55
10 12 27 38 58
1 13 15 30 41
4 16 18 33 44
7 19 21 36 47
10 22 24 39 50
13 25 27 42 53
16 28 30 45 56
19 31 33 48 59
4 26 31 35 56
7 29 34 38 59
2 10 32 37 41
5 13 35 40 44
8 16 38 43 47
11 19 41 46 50
14 22 44 49 53
17 25 47 52 56
20 28 50 55 59
2 23 31 53 58
1 5 26 34 56
4 8 29 37 59
2 7 11 32 40
5 10 14 35 43
8 13 17 38 46
11 16 20 41 49
14 19 23 44 52
17 22 26 47 55
20 25 29 50 58
1 23 28 32 53
2 17 29 43 44
5 20 32 46 47
8 23 35 49 50
11 26 38 52 53
14 29 41 55 56
17 32 44 58 59
1 2 20 35 47
4 5 23 38 50
7 8 26 41 53
10 11 29 44 56
13 14 32 47 59
2 16 17 35 50
5 19 20 38 53
8 22 23 41 56
11 25 26 44 59
2 14 28 29 47
5 17 31 32 50
8 20 34 35 53
11 23 37 38 56
14 26 40 41 59
9 11 22 48 57
0 12 14 25 51
3 15 17 28 54
6 18 20 31 57
0 9 21 23 34
3 12 24 26 37
6 15 27 29 40
9 18 30 32 43
12 21 33 35 46
15 24 36 38 49
18 27 39 41 52
21 30 42 44 55
24 33 45 47 58
1 27 36 48 50
4 30 39 51 53
7 33 42 54 56
10 36 45 57 59
0 2 13 39 48
3 5 16 42 51
6 8 19 45 54
16 21 24 29 60
19 24 27 32 60
22 27 30 35 60
25 30 33 38 60
28 33 36 41 60
31 36 39 44 60
34 39 42 47 60
37 42 45 50 60
40 45 48 53 60
43 48 51 56 60
46 51 54 59 60
2 49 54 57 60
0 5 52 57 60
0 3 8 55 60
3 6 11 58 60
1 6 9 14 60
4 9 12 17 60
7 12 15 20 60
10 15 18 23 60
13 18 21 26 60
0 1 10 38 40
3 4 13 41 43
6 7 16 44 46
9 10 19 47 49
12 13 22 50 52
15 16 25 53 55
18 19 28 56 58
1 21 22 31 59
2 4 24 25 34
5 7 27 28 37
8 10 30 31 40
11 13 33 34 43
14 16 36 37 46
17 19 39 40 49
20 22 42 43 52
23 25 45 46 55
26 28 48 49 58
1 29 31 51 52
4 32 34 54 55
7 35 37 57 58
2 12 18 42 59
2 5 15 21 45
5 8 18 24 48
8 11 21 27 51
11 14 24 30 54
14 17 27 33 57
0 17 20 30 36
3 20 23 33 39
6 23 26 36 42
9 26 29 39 45
12 29 32 42 48
15 32 35 45 51
18 35 38 48 54
21 38 41 51 57
0 24 41 44 54
3 27 44 47 57
0 6 30 47 50
3 9 33 50 53
6 12 36 53 56
9 15 39 56 59
26 27 43 50 54
29 30 46 53 57
0 32 33 49 56
3 35 36 52 59
2 6 38 39 55
5 9 41 42 58
1 8 12 44 45
4 11 15 47 48
7 14 18 50 51
10 17 21 53 54
13 20 24 56 57
0 16 23 27 59
2 3 19 26 30
5 6 22 29 33
8 9 25 32 36
11 12 28 35 39
14 15 31 38 42
17 18 34 41 45
20 21 37 44 48
23 24 40 47 51
8 14 21 39 58
1 11 17 24 42
4 14 20 27 45
7 17 23 30 48
10 20 26 33 51
13 23 29 36 54
16 26 32 39 57
0 19 29 35 42
3 22 32 38 45
6 25 35 41 48
9 28 38 44 51
12 31 41 47 54
15 34 44 50 57
0 18 37 47 53
3 21 40 50 56
6 24 43 53 59
2 9 27 46 56
5 12 30 49 59
2 8 15 33 52
5 11 18 36 55
