6 9 12 15 26 34 46 50 55 58
1 2 9 10 18 23 25 40 44 52
4 5 6 7 12 17 18 22 33 42
7 12 14 20 23 43 44 46 47 56
0 4 40 46 49 50 52 53 54 57
10 12 16 21 28 39 50 51 56 58
3 13 18 22 34 37 39 44 49 54
16 20 30 31 34 35 36 39 40 42
1 13 21 32 33 35 46 55 59 60
0 5 8 16 28 38 44 45 46 55
8 14 17 22 25 35 40 50 58 60
2 7 14 17 27 39 48 49 52 55
15 17 24 29 30 33 38 39 47 54
11 15 19 22 25 27 30 37 46 56
10 22 32 36 37 39 43 53 55 58
14 15 18 21 29 32 42 45 48 50
1 3 4 8 11 31 39 41 46 51
7 12 21 25 29 40 43 54 55 57
5 7 10 24 26 31 35 46 48 54
6 9 13 14 27 28 31 43 51 54
6 11 19 41 44 47 48 50 54 60
1 5 6 20 21 27 36 38 49 50
15 26 27 39 40 41 43 44 45 59
2 3 5 20 22 26 28 29 36 60
17 25 29 34 36 44 46 48 51 59
5 17 19 31 32 40 44 49 55 56
5 11 13 16 23 29 31 52 57 58
0 3 4 10 18 27 31 47 55 59
0 12 17 21 22 23 26 30 48 53
1 10 14 19 22 26 33 34 38 57
4 10 15 23 28 34 43 48 49 60
5 6 9 25 39 42 56 57 59 60
0 13 19 20 21 23 24 25 34 39
2 9 21 22 31 41 42 46 47 58
9 16 19 22 24 38 43 48 50 59
9 10 11 12 17 20 32 45 49 54
0 2 7 11 14 15 16 33 36 59
13 17 18 24 28 36 40 41 46 57
0 7 18 30 32 38 51 52 58 60
3 4 9 14 21 24 30 37 44 57
1 3 7 13 30 45 48 53 56 59
9 27 29 33 35 42 44 49 53 58
0 2 5 10 13 30 41 42 43 50
1 4 19 20 28 42 52 54 58 59
8 14 16 18 20 30 41 53 54 55
3 6 11 28 32 35 38 40 47 53
3 11 23 24 27 33 42 50 51 55
8 11 18 21 26 33 34 43 52 56
5 12 14 34 35 37 41 47 52 59
2 8 24 27 32 34 47 48 57 58
8 12 13 15 31 37 38 42 52 60
0 1 6 11 16 17 29 35 37 43
2 5 15 18 19 20 35 51 53 57
2 6 8 23 26 28 30 37 49 59
2 4 23 35 36 37 38 45 54 56
4 7 8 9 19 23 29 32 36 41
4 13 16 25 26 32 42 47 49 51
7 25 28 31 33 34 37 45 50 53
1 2 12 24 25 38 41 49 53 60
0 9 20 33 37 40 41 48 51 56
3 12 16 19 27 36 45 52 57 60
6 8 10 22 24 29 45 51 52 56
1 3 15 17 25 36 43 45 47 58
