2 11 12 36 43
3 12 13 37 44
4 13 14 38 45
5 14 15 39 46
6 15 16 40 47
7 16 17 41 48
8 17 18 42 49
9 18 19 43 50
10 19 20 44 51
11 20 21 45 52
12 21 22 46 53
13 22 23 47 54
14 23 24 48 55
15 24 25 49 56
16 25 26 50 57
17 26 27 51 58
18 27 28 52 59
19 28 29 53 60
20 29 30 54 61
0 21 30 31 55
1 22 31 32 56
2 23 32 33 57
3 24 33 34 58
4 25 34 35 59
5 26 35 36 60
6 27 36 37 61
0 7 28 37 38
1 8 29 38 39
2 9 30 39 40
3 10 31 40 41
4 11 32 41 42
5 12 33 42 43
6 13 34 43 44
7 14 35 44 45
8 15 36 45 46
9 16 37 46 47
10 17 38 47 48
11 18 39 48 49
12 19 40 49 50
13 20 41 50 51
14 21 42 51 52
15 22 43 52 53
16 23 44 53 54
17 24 45 54 55
18 25 46 55 56
19 26 47 56 57
20 27 48 57 58
21 28 49 58 59
22 29 50 59 60
23 30 51 60 61
0 24 31 52 61
0 1 25 32 53
1 2 26 33 54
2 3 27 34 55
3 4 28 35 56
4 5 29 36 57
5 6 30 37 58
6 7 31 38 59
7 8 32 39 60
8 9 33 40 61
0 9 10 34 41
1 10 11 35 42
12 39 41 54 58
13 40 42 55 59
14 41 43 56 60
15 42 44 57 61
0 16 43 45 58
1 17 44 46 59
2 18 45 47 60
3 19 46 48 61
0 4 20 47 49
1 5 21 48 50
2 6 22 49 51
3 7 23 50 52
4 8 24 51 53
5 9 25 52 54
6 10 26 53 55
7 11 27 54 56
8 12 28 55 57
9 13 29 56 58
10 14 30 57 59
11 15 31 58 60
12 16 32 59 61
0 13 17 33 60
1 14 18 34 61
0 2 15 19 35
1 3 16 20 36
2 4 17 21 37
3 5 18 22 38
4 6 19 23 39
5 7 20 24 40
6 8 21 25 41
7 9 22 26 42
8 10 23 27 43
9 11 24 28 44
10 12 25 29 45
11 13 26 30 46
12 14 27 31 47
13 15 28 32 48
14 16 29 33 49
15 17 30 34 50
16 18 31 35 51
17 19 32 36 52
18 20 33 37 53
19 21 34 38 54
20 22 35 39 55
21 23 36 40 56
22 24 37 41 57
23 25 38 42 58
24 26 39 43 59
25 27 40 44 60
26 28 41 45 61
0 27 29 42 46
1 28 30 43 47
2 29 31 44 48
3 30 32 45 49
4 31 33 46 50
5 32 34 47 51
6 33 35 48 52
7 34 36 49 53
8 35 37 50 54
9 36 38 51 55
10 37 39 52 56
11 38 40 53 57
5 8 13 19 31
6 9 14 20 32
7 10 15 21 33
8 11 16 22 34
9 12 17 23 35
10 13 18 24 36
11 14 19 25 37
12 15 20 26 38
13 16 21 27 39
14 17 22 28 40
15 18 23 29 41
16 19 24 30 42
17 20 25 31 43
18 21 26 32 44
19 22 27 33 45
20 23 28 34 46
21 24 29 35 47
22 25 30 36 48
23 26 31 37 49
24 27 32 38 50
25 28 33 39 51
26 29 34 40 52
27 30 35 41 53
28 31 36 42 54
29 32 37 43 55
30 33 38 44 56
31 34 39 45 57
32 35 40 46 58
33 36 41 47 59
34 37 42 48 60
35 38 43 49 61
0 36 39 44 50
1 37 40 45 51
2 38 41 46 52
3 39 42 47 53
4 40 43 48 54
5 41 44 49 55
6 42 45 50 56
7 43 46 51 57
8 44 47 52 58
9 45 48 53 59
10 46 49 54 60
11 47 50 55 61
0 12 48 51 56
1 13 49 52 57
2 14 50 53 58
3 15 51 54 59
4 16 52 55 60
5 17 53 56 61
0 6 18 54 57
1 7 19 55 58
2 8 20 56 59
3 9 21 57 60
4 10 22 58 61
0 5 11 23 59
1 6 12 24 60
2 7 13 25 61
0 3 8 14 26
1 4 9 15 27
2 5 10 16 28
3 6 11 17 29
4 7 12 18 30
12 17 21 39 61
0 6 28 40 50
2 19 30 45 52
2 11 29 50 51
12 13 34 35 52
4 5 8 26 48
2 20 38 42 60
3 7 21 43 47
2 12 34 42 56
19 25 37 47 59
10 12 32 50 58
0 2 22 24 44
11 15 33 40 55
4 16 29 44 56
9 13 31 49 53
6 7 24 29 46
14 32 36 54 61
5 23 27 45 49
1 19 22 23 41
3 17 25 28 54
8 15 20 30 37
18 36 40 56 58
16 17 35 38 57
