8 21 23 30 40 41 47
10 23 25 32 42 43 49
12 25 27 34 44 45 51
14 27 29 36 46 47 53
16 29 31 38 48 49 55
18 31 33 40 50 51 57
20 33 35 42 52 53 59
22 35 37 44 54 55 61
1 24 37 39 46 56 57
3 26 39 41 48 58 59
5 28 41 43 50 60 61
0 1 7 30 43 45 52
2 3 9 32 45 47 54
4 5 11 34 47 49 56
6 7 13 36 49 51 58
8 9 15 38 51 53 60
0 10 11 17 40 53 55
2 12 13 19 42 55 57
4 14 15 21 44 57 59
6 16 17 23 46 59 61
1 8 18 19 25 48 61
1 3 10 20 21 27 50
3 5 12 22 23 29 52
5 7 14 24 25 31 54
7 9 16 26 27 33 56
9 11 18 28 29 35 58
11 13 20 30 31 37 60
0 13 15 22 32 33 39
2 15 17 24 34 35 41
4 17 19 26 36 37 43
6 19 21 28 38 39 45
7 18 39 41 44 49 53
9 20 41 43 46 51 55
11 22 43 45 48 53 57
13 24 45 47 50 55 59
15 26 47 49 52 57 61
1 17 28 49 51 54 59
3 19 30 51 53 56 61
1 5 21 32 53 55 58
3 7 23 34 55 57 60
0 5 9 25 36 57 59
2 7 11 27 38 59 61
1 4 9 13 29 40 61
1 3 6 11 15 31 42
3 5 8 13 17 33 44
5 7 10 15 19 35 46
7 9 12 17 21 37 48
9 11 14 19 23 39 50
11 13 16 21 25 41 52
13 15 18 23 27 43 54
15 17 20 25 29 45 56
17 19 22 27 31 47 58
19 21 24 29 33 49 60
0 21 23 26 31 35 51
2 23 25 28 33 37 53
4 25 27 30 35 39 55
6 27 29 32 37 41 57
8 29 31 34 39 43 59
10 31 33 36 41 45 61
1 12 33 35 38 43 47
3 14 35 37 40 45 49
5 16 37 39 42 47 51
0 6 25 44 47 48 60
0 2 8 27 46 49 50
2 4 10 29 48 51 52
4 6 12 31 50 53 54
6 8 14 33 52 55 56
8 10 16 35 54 57 58
10 12 18 37 56 59 60
0 12 14 20 39 58 61
1 2 14 16 22 41 60
0 3 4 16 18 24 43
2 5 6 18 20 26 45
4 7 8 20 22 28 47
6 9 10 22 24 30 49
8 11 12 24 26 32 51
10 13 14 26 28 34 53
12 15 16 28 30 36 55
14 17 18 30 32 38 57
16 19 20 32 34 40 59
18 21 22 34 36 42 61
1 20 23 24 36 38 44
3 22 25 26 38 40 46
5 24 27 28 40 42 48
7 26 29 30 42 44 50
9 28 31 32 44 46 52
11 30 33 34 46 48 54
13 32 35 36 48 50 56
15 34 37 38 50 52 58
17 36 39 40 52 54 60
0 19 38 41 42 54 56
2 21 40 43 44 56 58
4 23 42 45 46 58 60
4 26 27 32 33 55 60
24 25 30 33 50 58 61
8 16 17 22 42 45 50
2 10 11 15 36 39 44
0 2 3 28 30 31 56
10 13 18 21 38 46 47
12 20 21 28 49 54 57
16 19 24 27 44 52 53
6 9 14 25 34 42 43
6 12 24 35 40 46 60
0 1 26 29 34 37 54
4 5 12 30 38 41 59
3 8 18 36 37 52 55
7 15 20 32 40 48 61
14 22 23 48 51 56 59
