14 37 38
15 38 39
16 39 40
17 40 41
18 41 42
19 42 43
20 43 44
21 44 45
22 45 46
23 46 47
24 47 48
25 48 49
26 49 50
27 50 51
28 51 52
29 52 53
30 53 54
31 54 55
32 55 56
33 56 57
34 57 58
35 58 59
36 59 60
0 37 60
0 1 38
1 2 39
2 3 40
3 4 41
4 5 42
5 6 43
6 7 44
7 8 45
8 9 46
9 10 47
10 11 48
11 12 49
12 13 50
13 14 51
14 15 52
15 16 53
16 17 54
17 18 55
18 19 56
19 20 57
20 21 58
21 22 59
22 23 60
0 23 24
1 24 25
2 25 26
3 26 27
4 27 28
5 28 29
6 29 30
7 30 31
8 31 32
9 32 33
10 33 34
11 34 35
12 35 36
13 36 37
3 7 28
4 8 29
5 9 30
6 10 31
7 11 32
8 12 33
9 13 34
10 14 35
11 15 36
12 16 37
13 17 38
14 18 39
15 19 40
16 20 41
17 21 42
18 22 43
19 23 44
20 24 45
21 25 46
22 26 47
23 27 48
24 28 49
25 29 50
26 30 51
27 31 52
28 32 53
29 33 54
30 34 55
31 35 56
32 36 57
33 37 58
34 38 59
35 39 60
0 36 40
1 37 41
2 38 42
3 39 43
4 40 44
5 41 45
6 42 46
7 43 47
8 44 48
9 45 49
10 46 50
11 47 51
12 48 52
13 49 53
14 50 54
15 51 55
16 52 56
17 53 57
18 54 58
19 55 59
20 56 60
0 21 57
1 22 58
2 23 59
3 24 60
0 4 25
1 5 26
2 6 27
26 31 48
27 32 49
28 33 50
29 34 51
30 35 52
31 36 53
32 37 54
33 38 55
34 39 56
35 40 57
36 41 58
37 42 59
38 43 60
0 39 44
1 40 45
2 41 46
3 42 47
4 43 48
5 44 49
6 45 50
7 46 51
8 47 52
9 48 53
10 49 54
11 50 55
12 51 56
13 52 57
14 53 58
15 54 59
16 55 60
0 17 56
1 18 57
2 19 58
3 20 59
4 21 60
0 5 22
1 6 23
2 7 24
3 8 25
4 9 26
5 10 27
6 11 28
7 12 29
8 13 30
9 14 31
10 15 32
11 16 33
12 17 34
13 18 35
14 19 36
15 20 37
16 21 38
17 22 39
18 23 40
19 24 41
20 25 42
21 26 43
22 27 44
23 28 45
24 29 46
25 30 47
3 36 55
4 37 56
5 38 57
6 39 58
7 40 59
8 41 60
0 9 42
1 10 43
2 11 44
3 12 45
4 13 46
5 14 47
6 15 48
7 16 49
8 17 50
9 18 51
10 19 52
11 20 53
12 21 54
13 22 55
14 23 56
15 24 57
16 25 58
17 26 59
18 27 60
0 19 28
1 20 29
2 21 30
3 22 31
4 23 32
5 24 33
6 25 34
7 26 35
8 27 36
9 28 37
10 29 38
11 30 39
12 31 40
13 32 41
14 33 42
15 34 43
16 35 44
17 36 45
18 37 46
19 38 47
20 39 48
21 40 49
22 41 50
23 42 51
24 43 52
25 44 53
26 45 54
27 46 55
28 47 56
29 48 57
30 49 58
31 50 59
32 51 60
0 33 52
1 34 53
2 35 54
30 37 43
31 38 44
32 39 45
33 40 46
34 41 47
35 42 48
36 43 49
37 44 50
38 45 51
39 46 52
40 47 53
41 48 54
42 49 55
43 50 56
44 51 57
45 52 58
46 53 59
47 54 60
0 48 55
1 49 56
2 50 57
3 51 58
4 52 59
5 53 60
0 6 54
1 7 55
2 8 56
3 9 57
4 10 58
5 11 59
6 12 60
0 7 13
1 8 14
2 9 15
3 10 16
4 11 17
5 12 18
6 13 19
7 14 20
8 15 21
9 16 22
10 17 23
11 18 24
12 19 25
13 20 26
14 21 27
15 22 28
16 23 29
17 24 30
18 25 31
19 26 32
20 27 33
21 28 34
22 29 35
23 30 36
24 31 37
25 32 38
26 33 39
27 34 40
28 35 41
29 36 42
4 36 54
5 37 55
6 38 56
7 39 57
8 40 58
9 41 59
10 42 60
0 11 43
1 12 44
2 13 45
3 14 46
4 15 47
5 16 48
6 17 49
7 18 50
8 19 51
9 20 52
10 21 53
11 22 54
12 23 55
13 24 56
14 25 57
15 26 58
16 27 59
17 28 60
0 18 29
1 19 30
2 20 31
3 21 32
4 22 33
5 23 34
6 24 35
7 25 36
8 26 37
9 27 38
10 28 39
11 29 40
12 30 41
13 31 42
14 32 43
15 33 44
16 34 45
17 35 46
18 36 47
19 37 48
20 38 49
21 39 50
22 40 51
23 41 52
24 42 53
25 43 54
26 44 55
27 45 56
28 46 57
29 47 58
30 48 59
31 49 60
0 32 50
1 33 51
2 34 52
3 35 53
1 32 42
2 33 43
3 34 44
4 35 45
5 36 46
6 37 47
7 38 48
8 39 49
9 40 50
10 41 51
11 42 52
12 43 53
13 44 54
14 45 55
15 46 56
16 47 57
17 48 58
18 49 59
19 50 60
0 20 51
1 21 52
2 22 53
3 23 54
4 24 55
5 25 56
6 26 57
7 27 58
8 28 59
9 29 60
0 10 30
1 11 31
2 12 32
3 13 33
4 14 34
5 15 35
6 16 36
7 17 37
8 18 38
9 19 39
10 20 40
11 21 41
12 22 42
13 23 43
14 24 44
15 25 45
16 26 46
17 27 47
18 28 48
19 29 49
20 30 50
21 31 51
22 32 52
23 33 53
24 34 54
25 35 55
26 36 56
27 37 57
28 38 58
29 39 59
30 40 60
0 31 41
42 56 58
43 57 59
44 58 60
0 45 59
1 46 60
0 2 47
1 3 48
2 4 49
3 5 50
4 6 51
5 7 52
6 8 53
7 9 54
8 10 55
9 11 56
10 12 57
11 13 58
12 14 59
13 15 60
0 14 16
1 15 17
2 16 18
3 17 19
4 18 20
5 19 21
6 20 22
7 21 23
8 22 24
9 23 25
10 24 26
11 25 27
12 26 28
13 27 29
14 28 30
15 29 31
16 30 32
17 31 33
18 32 34
19 33 35
20 34 36
21 35 37
22 36 38
23 37 39
24 38 40
25 39 41
26 40 42
27 41 43
28 42 44
29 43 45
30 44 46
31 45 47
32 46 48
33 47 49
34 48 50
35 49 51
36 50 52
37 51 53
38 52 54
39 53 55
40 54 56
41 55 57
26 29 41
27 30 42
28 31 43
29 32 44
30 33 45
31 34 46
32 35 47
33 36 48
34 37 49
35 38 50
36 39 51
37 40 52
38 41 53
39 42 54
40 43 55
41 44 56
42 45 57
43 46 58
44 47 59
45 48 60
0 46 49
1 47 50
2 48 51
3 49 52
4 50 53
5 51 54
6 52 55
7 53 56
8 54 57
9 55 58
10 56 59
11 57 60
0 12 58
1 13 59
2 14 60
0 3 15
1 4 16
2 5 17
3 6 18
4 7 19
5 8 20
6 9 21
7 10 22
8 11 23
9 12 24
10 13 25
11 14 26
12 15 27
13 16 28
14 17 29
15 18 30
16 19 31
17 20 32
18 21 33
19 22 34
20 23 35
21 24 36
22 25 37
23 26 38
24 27 39
25 28 40
3 30 56
4 31 57
5 32 58
6 33 59
7 34 60
0 8 35
1 9 36
2 10 37
3 11 38
4 12 39
5 13 40
6 14 41
7 15 42
8 16 43
9 17 44
10 18 45
11 19 46
12 20 47
13 21 48
14 22 49
15 23 50
16 24 51
17 25 52
18 26 53
19 27 54
20 28 55
21 29 56
22 30 57
23 31 58
24 32 59
25 33 60
0 26 34
1 27 35
2 28 36
3 29 37
4 30 38
5 31 39
6 32 40
7 33 41
8 34 42
9 35 43
10 36 44
11 37 45
12 38 46
13 39 47
14 40 48
15 41 49
16 42 50
17 43 51
18 44 52
19 45 53
20 46 54
21 47 55
22 48 56
23 49 57
24 50 58
25 51 59
26 52 60
0 27 53
1 28 54
2 29 55
9 25 61
36 38 61
19 30 61
41 44 61
24 31 61
6 37 61
35 59 61
28 34 61
1 12 61
53 54 61
32 46 61
20 22 61
33 50 61
3 18 61
29 52 61
15 16 61
2 7 61
5 27 61
10 17 61
21 51 61
4 57 61
40 58 61
14 45 61
26 56 61
43 47 61
13 48 61
47 60 61
8 11 61
0 39 61
23 55 61
42 49 61
