0 3 4 5 9 22 24 27 31 37
1 4 11 23 25 32 33 47 55 61
1 2 5 6 11 15 16 22 41 43
2 3 7 11 24 31 34 36 58 60
1 10 18 24 29 30 34 39 43 59
8 9 12 14 18 22 35 36 47 56
12 24 25 32 42 43 50 52 54 56
3 32 33 39 40 41 44 52 56 57
9 11 28 30 41 42 45 53 54 55
6 14 17 30 31 39 40 42 44 61
4 8 10 22 24 28 33 44 46 57
8 16 17 39 43 47 48 51 53 58
0 9 19 26 30 41 43 50 57 58
9 14 21 33 37 43 49 52 55 60
6 8 20 21 34 45 48 49 50 52
10 11 22 26 27 32 35 51 52 60
20 22 23 38 41 42 44 48 58 59
7 14 23 24 29 45 46 51 53 57
4 27 31 45 47 49 56 58 59 60
11 17 19 24 35 38 39 48 49 55
11 13 18 19 20 31 40 43 48 57
0 1 5 18 44 49 52 53 58 61
6 7 9 12 13 26 33 34 44 53
5 19 21 22 23 29 34 55 56 61
0 7 10 16 23 25 37 42 48 56
5 11 12 14 17 21 25 26 57 59
4 15 16 23 27 34 35 40 50 53
9 16 18 24 33 38 40 45 50 61
0 2 9 13 15 28 29 32 38 45
13 23 25 27 28 30 31 43 46 52
0 15 17 19 33 36 42 46 52 59
2 4 18 23 26 37 39 42 43 45
2 14 20 22 27 30 33 51 53 56
0 4 5 6 28 35 36 50 51 55
2 5 29 33 36 39 46 48 50 60
3 5 6 10 19 25 38 45 47 53
0 7 8 14 15 18 21 27 39 55
2 10 19 21 32 35 40 58 59 61
1 2 7 12 20 28 40 46 55 58
15 20 25 29 31 33 35 37 54 58
1 15 19 34 37 42 51 56 57 60
3 17 20 29 35 43 44 45 50 56
1 3 6 8 23 30 35 38 57 60
1 10 13 14 16 26 31 50 55 57
17 18 21 25 28 34 40 41 53 60
5 9 10 12 15 20 23 39 46 54
12 16 19 21 27 36 44 45 54 60
2 5 8 26 27 29 40 42 49 54
2 7 17 22 47 50 52 54 57 59
4 5 7 13 14 19 30 32 44 48
6 13 14 24 28 29 32 39 41 58
6 13 26 37 38 46 53 56 59 61
7 10 27 36 38 41 43 49 57 61
1 3 7 13 21 35 41 42 46 47
3 14 16 18 32 34 38 46 49 54
8 17 23 31 32 36 37 41 49 53
4 12 21 29 30 31 38 41 51 52
1 6 9 17 18 27 48 51 54 61
8 11 16 19 28 29 47 52 56 59
0 11 12 34 37 40 44 46 47 50
1 13 22 25 36 39 40 45 49 51
2 3 8 9 15 25 44 51 55 59
15 16 20 21 24 26 30 32 36 47
3 12 15 26 28 30 37 48 49 61
0 4 8 10 13 17 20 54 60 61
