0 4 8 21 31 41 47 59 61
0 1 5 9 22 32 42 48 60
1 2 6 10 23 33 43 49 61
0 2 3 7 11 24 34 44 50
1 3 4 8 12 25 35 45 51
2 4 5 9 13 26 36 46 52
3 5 6 10 14 27 37 47 53
4 6 7 11 15 28 38 48 54
5 7 8 12 16 29 39 49 55
6 8 9 13 17 30 40 50 56
7 9 10 14 18 31 41 51 57
8 10 11 15 19 32 42 52 58
9 11 12 16 20 33 43 53 59
10 12 13 17 21 34 44 54 60
11 13 14 18 22 35 45 55 61
0 12 14 15 19 23 36 46 56
1 13 15 16 20 24 37 47 57
2 14 16 17 21 25 38 48 58
3 15 17 18 22 26 39 49 59
4 16 18 19 23 27 40 50 60
5 17 19 20 24 28 41 51 61
0 6 18 20 21 25 29 42 52
1 7 19 21 22 26 30 43 53
2 8 20 22 23 27 31 44 54
3 9 21 23 24 28 32 45 55
4 10 22 24 25 29 33 46 56
5 11 23 25 26 30 34 47 57
6 12 24 26 27 31 35 48 58
7 13 25 27 28 32 36 49 59
8 14 26 28 29 33 37 50 60
9 15 27 29 30 34 38 51 61
0 10 16 28 30 31 35 39 52
1 11 17 29 31 32 36 40 53
2 12 18 30 32 33 37 41 54
3 13 19 31 33 34 38 42 55
4 14 20 32 34 35 39 43 56
5 15 21 33 35 36 40 44 57
6 16 22 34 36 37 41 45 58
7 17 23 35 37 38 42 46 59
8 18 24 36 38 39 43 47 60
9 19 25 37 39 40 44 48 61
0 10 20 26 38 40 41 45 49
1 11 21 27 39 41 42 46 50
2 12 22 28 40 42 43 47 51
3 13 23 29 41 43 44 48 52
4 14 24 30 42 44 45 49 53
5 15 25 31 43 45 46 50 54
6 16 26 32 44 46 47 51 55
7 17 27 33 45 47 48 52 56
8 18 28 34 46 48 49 53 57
9 19 29 35 47 49 50 54 58
10 20 30 36 48 50 51 55 59
11 21 31 37 49 51 52 56 60
12 22 32 38 50 52 53 57 61
0 13 23 33 39 51 53 54 58
1 14 24 34 40 52 54 55 59
2 15 25 35 41 53 55 56 60
3 16 26 36 42 54 56 57 61
0 4 17 27 37 43 55 57 58
1 5 18 28 38 44 56 58 59
2 6 19 29 39 45 57 59 60
3 7 20 30 40 46 58 60 61
