2 4 6 15 30 52
4 6 8 17 32 54
6 8 10 19 34 56
8 10 12 21 36 58
10 12 14 23 38 60
0 12 14 16 25 40
2 14 16 18 27 42
4 16 18 20 29 44
6 18 20 22 31 46
8 20 22 24 33 48
10 22 24 26 35 50
12 24 26 28 37 52
14 26 28 30 39 54
16 28 30 32 41 56
18 30 32 34 43 58
20 32 34 36 45 60
0 22 34 36 38 47
2 24 36 38 40 49
4 26 38 40 42 51
6 28 40 42 44 53
8 30 42 44 46 55
10 32 44 46 48 57
12 34 46 48 50 59
14 36 48 50 52 61
1 16 38 50 52 54
3 18 40 52 54 56
5 20 42 54 56 58
7 22 44 56 58 60
0 9 24 46 58 60
0 2 11 26 48 60
0 2 4 13 28 50
2 5 22 33 37 61
1 4 7 24 35 39
3 6 9 26 37 41
5 8 11 28 39 43
7 10 13 30 41 45
9 12 15 32 43 47
11 14 17 34 45 49
13 16 19 36 47 51
15 18 21 38 49 53
17 20 23 40 51 55
19 22 25 42 53 57
21 24 27 44 55 59
23 26 29 46 57 61
1 25 28 31 48 59
3 27 30 33 50 61
1 5 29 32 35 52
3 7 31 34 37 54
5 9 33 36 39 56
7 11 35 38 41 58
9 13 37 40 43 60
0 11 15 39 42 45
2 13 17 41 44 47
4 15 19 43 46 49
6 17 21 45 48 51
8 19 23 47 50 53
10 21 25 49 52 55
12 23 27 51 54 57
14 25 29 53 56 59
16 27 31 55 58 61
1 18 29 33 57 60
0 3 20 31 35 59
9 20 23 25 30 48
11 22 25 27 32 50
13 24 27 29 34 52
15 26 29 31 36 54
17 28 31 33 38 56
19 30 33 35 40 58
21 32 35 37 42 60
0 23 34 37 39 44
2 25 36 39 41 46
4 27 38 41 43 48
6 29 40 43 45 50
8 31 42 45 47 52
10 33 44 47 49 54
12 35 46 49 51 56
14 37 48 51 53 58
16 39 50 53 55 60
0 18 41 52 55 57
2 20 43 54 57 59
4 22 45 56 59 61
1 6 24 47 58 61
1 3 8 26 49 60
0 3 5 10 28 51
2 5 7 12 30 53
4 7 9 14 32 55
6 9 11 16 34 57
8 11 13 18 36 59
10 13 15 20 38 61
1 12 15 17 22 40
3 14 17 19 24 42
5 16 19 21 26 44
7 18 21 23 28 46
1 17 30 36 37 55
3 19 32 38 39 57
5 21 34 40 41 59
7 23 36 42 43 61
1 9 25 38 44 45
3 11 27 40 46 47
5 13 29 42 48 49
7 15 31 44 50 51
9 17 33 46 52 53
11 19 35 48 54 55
13 21 37 50 56 57
15 23 39 52 58 59
17 25 41 54 60 61
0 1 19 27 43 56
2 3 21 29 45 58
4 5 23 31 47 60
0 6 7 25 33 49
2 8 9 27 35 51
4 10 11 29 37 53
6 12 13 31 39 55
8 14 15 33 41 57
10 16 17 35 43 59
12 18 19 37 45 61
1 14 20 21 39 47
3 16 22 23 41 49
5 18 24 25 43 51
7 20 26 27 45 53
9 22 28 29 47 55
11 24 30 31 49 57
13 26 32 33 51 59
15 28 34 35 53 61
22 29 30 39 51 60
0 24 31 32 41 53
2 26 33 34 43 55
4 28 35 36 45 57
6 30 37 38 47 59
8 32 39 40 49 61
1 10 34 41 42 51
3 12 36 43 44 53
5 14 38 45 46 55
7 16 40 47 48 57
9 18 42 49 50 59
11 20 44 51 52 61
1 13 22 46 53 54
3 15 24 48 55 56
5 17 26 50 57 58
7 19 28 52 59 60
0 9 21 30 54 61
1 2 11 23 32 56
3 4 13 25 34 58
5 6 15 27 36 60
0 7 8 17 29 38
2 9 10 19 31 40
4 11 12 21 33 42
6 13 14 23 35 44
8 15 16 25 37 46
10 17 18 27 39 48
12 19 20 29 41 50
14 21 22 31 43 52
16 23 24 33 45 54
18 25 26 35 47 56
20 27 28 37 49 58
