32 37 50 60
33 38 51 61
0 34 39 52
1 35 40 53
2 36 41 54
3 37 42 55
4 38 43 56
5 39 44 57
6 40 45 58
7 41 46 59
8 42 47 60
9 43 48 61
0 10 44 49
1 11 45 50
2 12 46 51
3 13 47 52
4 14 48 53
5 15 49 54
6 16 50 55
7 17 51 56
8 18 52 57
9 19 53 58
10 20 54 59
11 21 55 60
12 22 56 61
0 13 23 57
1 14 24 58
2 15 25 59
3 16 26 60
4 17 27 61
0 5 18 28
1 6 19 29
2 7 20 30
3 8 21 31
4 9 22 32
5 10 23 33
6 11 24 34
7 12 25 35
8 13 26 36
9 14 27 37
10 15 28 38
11 16 29 39
12 17 30 40
13 18 31 41
14 19 32 42
15 20 33 43
16 21 34 44
17 22 35 45
18 23 36 46
19 24 37 47
20 25 38 48
21 26 39 49
22 27 40 50
23 28 41 51
24 29 42 52
25 30 43 53
26 31 44 54
27 32 45 55
28 33 46 56
29 34 47 57
30 35 48 58
31 36 49 59
32 40 52 59
33 41 53 60
34 42 54 61
0 35 43 55
1 36 44 56
2 37 45 57
3 38 46 58
4 39 47 59
5 40 48 60
6 41 49 61
0 7 42 50
1 8 43 51
2 9 44 52
3 10 45 53
4 11 46 54
5 12 47 55
6 13 48 56
7 14 49 57
8 15 50 58
9 16 51 59
10 17 52 60
11 18 53 61
0 12 19 54
1 13 20 55
2 14 21 56
3 15 22 57
4 16 23 58
5 17 24 59
6 18 25 60
7 19 26 61
0 8 20 27
1 9 21 28
2 10 22 29
3 11 23 30
4 12 24 31
5 13 25 32
6 14 26 33
7 15 27 34
8 16 28 35
9 17 29 36
10 18 30 37
11 19 31 38
12 20 32 39
13 21 33 40
14 22 34 41
15 23 35 42
16 24 36 43
17 25 37 44
18 26 38 45
19 27 39 46
20 28 40 47
21 29 41 48
22 30 42 49
23 31 43 50
24 32 44 51
25 33 45 52
26 34 46 53
27 35 47 54
28 36 48 55
29 37 49 56
30 38 50 57
31 39 51 58
26 27 29 43
27 28 30 44
28 29 31 45
29 30 32 46
30 31 33 47
31 32 34 48
32 33 35 49
33 34 36 50
34 35 37 51
35 36 38 52
36 37 39 53
37 38 40 54
38 39 41 55
39 40 42 56
40 41 43 57
41 42 44 58
42 43 45 59
43 44 46 60
44 45 47 61
0 45 46 48
1 46 47 49
2 47 48 50
3 48 49 51
4 49 50 52
5 50 51 53
6 51 52 54
7 52 53 55
8 53 54 56
9 54 55 57
10 55 56 58
11 56 57 59
12 57 58 60
13 58 59 61
0 14 59 60
1 15 60 61
0 2 16 61
0 1 3 17
1 2 4 18
2 3 5 19
3 4 6 20
4 5 7 21
5 6 8 22
6 7 9 23
7 8 10 24
8 9 11 25
9 10 12 26
10 11 13 27
11 12 14 28
12 13 15 29
13 14 16 30
14 15 17 31
15 16 18 32
16 17 19 33
17 18 20 34
18 19 21 35
19 20 22 36
20 21 23 37
21 22 24 38
22 23 25 39
23 24 26 40
24 25 27 41
25 26 28 42
15 26 48 52
16 27 49 53
17 28 50 54
18 29 51 55
19 30 52 56
20 31 53 57
21 32 54 58
22 33 55 59
23 34 56 60
24 35 57 61
0 25 36 58
1 26 37 59
2 27 38 60
3 28 39 61
0 4 29 40
1 5 30 41
2 6 31 42
3 7 32 43
4 8 33 44
5 9 34 45
6 10 35 46
7 11 36 47
8 12 37 48
9 13 38 49
10 14 39 50
11 15 40 51
12 16 41 52
13 17 42 53
14 18 43 54
15 19 44 55
16 20 45 56
17 21 46 57
18 22 47 58
19 23 48 59
20 24 49 60
21 25 50 61
0 22 26 51
1 23 27 52
2 24 28 53
3 25 29 54
4 26 30 55
5 27 31 56
6 28 32 57
7 29 33 58
8 30 34 59
9 31 35 60
10 32 36 61
0 11 33 37
1 12 34 38
2 13 35 39
3 14 36 40
4 15 37 41
5 16 38 42
6 17 39 43
7 18 40 44
8 19 41 45
9 20 42 46
10 21 43 47
11 22 44 48
12 23 45 49
13 24 46 50
14 25 47 51
15 24 39 45
16 25 40 46
17 26 41 47
18 27 42 48
19 28 43 49
20 29 44 50
21 30 45 51
22 31 46 52
23 32 47 53
24 33 48 54
25 34 49 55
26 35 50 56
27 36 51 57
28 37 52 58
29 38 53 59
30 39 54 60
31 40 55 61
0 32 41 56
1 33 42 57
2 34 43 58
3 35 44 59
4 36 45 60
5 37 46 61
0 6 38 47
1 7 39 48
2 8 40 49
3 9 41 50
4 10 42 51
5 11 43 52
6 12 44 53
7 13 45 54
8 14 46 55
9 15 47 56
10 16 48 57
11 17 49 58
12 18 50 59
13 19 51 60
14 20 52 61
0 15 21 53
1 16 22 54
2 17 23 55
3 18 24 56
4 19 25 57
5 20 26 58
6 21 27 59
7 22 28 60
8 23 29 61
0 9 24 30
1 10 25 31
2 11 26 32
3 12 27 33
4 13 28 34
5 14 29 35
6 15 30 36
7 16 31 37
8 17 32 38
9 18 33 39
10 19 34 40
11 20 35 41
12 21 36 42
13 22 37 43
14 23 38 44
19 22 50 53
3 21 34 52
8 16 39 47
2 25 33 56
5 17 36 48
0 24 31 55
11 28 42 59
4 13 35 44
9 18 40 49
14 15 45 46
23 30 54 61
1 12 32 43
10 20 41 51
6 7 38 55
26 27 57 58
6 29 37 60
