6 30 34 40 52 53 55 60
7 31 35 41 53 54 56 61
8 32 36 42 54 55 57 62
0 9 33 37 43 55 56 58
1 10 34 38 44 56 57 59
2 11 35 39 45 57 58 60
3 12 36 40 46 58 59 61
4 13 37 41 47 59 60 62
0 5 14 38 42 48 60 61
1 6 15 39 43 49 61 62
0 2 7 16 40 44 50 62
0 1 3 8 17 41 45 51
1 2 4 9 18 42 46 52
2 3 5 10 19 43 47 53
3 4 6 11 20 44 48 54
4 5 7 12 21 45 49 55
5 6 8 13 22 46 50 56
6 7 9 14 23 47 51 57
7 8 10 15 24 48 52 58
8 9 11 16 25 49 53 59
9 10 12 17 26 50 54 60
10 11 13 18 27 51 55 61
11 12 14 19 28 52 56 62
0 12 13 15 20 29 53 57
1 13 14 16 21 30 54 58
2 14 15 17 22 31 55 59
3 15 16 18 23 32 56 60
4 16 17 19 24 33 57 61
5 17 18 20 25 34 58 62
0 6 18 19 21 26 35 59
1 7 19 20 22 27 36 60
2 8 20 21 23 28 37 61
3 9 21 22 24 29 38 62
0 4 10 22 23 25 30 39
1 5 11 23 24 26 31 40
2 6 12 24 25 27 32 41
3 7 13 25 26 28 33 42
4 8 14 26 27 29 34 43
5 9 15 27 28 30 35 44
6 10 16 28 29 31 36 45
7 11 17 29 30 32 37 46
8 12 18 30 31 33 38 47
9 13 19 31 32 34 39 48
10 14 20 32 33 35 40 49
11 15 21 33 34 36 41 50
12 16 22 34 35 37 42 51
13 17 23 35 36 38 43 52
14 18 24 36 37 39 44 53
15 19 25 37 38 40 45 54
16 20 26 38 39 41 46 55
17 21 27 39 40 42 47 56
18 22 28 40 41 43 48 57
19 23 29 41 42 44 49 58
20 24 30 42 43 45 50 59
21 25 31 43 44 46 51 60
22 26 32 44 45 47 52 61
23 27 33 45 46 48 53 62
0 24 28 34 46 47 49 54
1 25 29 35 47 48 50 55
2 26 30 36 48 49 51 56
3 27 31 37 49 50 52 57
4 28 32 38 50 51 53 58
5 29 33 39 51 52 54 59
0 4 20 22 31 40 51 62
7 11 18 22 38 43 49 54
6 8 9 19 40 41 50 61
2 3 4 5 9 21 36 38
0 11 15 31 36 42 47 58
25 29 30 36 56 57 60 61
4 15 23 24 27 35 54 56
6 11 13 20 24 33 51 60
2 13 18 29 34 40 45 49
0 21 27 32 43 50 52 57
1 12 13 16 28 37 39 43
5 16 20 25 41 47 52 53
3 7 23 34 39 50 55 61
14 15 18 25 33 44 45 50
5 15 19 26 37 46 51 57
3 10 14 30 35 41 46 62
1 8 22 26 30 33 53 58
13 17 19 24 30 31 44 55
8 17 28 35 39 44 49 60
6 10 17 21 37 42 48 53
9 20 28 32 45 55 56 59
1 5 12 23 32 44 48 59
6 7 26 27 38 58 59 62
2 16 27 33 48 54 59 60
