0 7 16 17 28 31 36 57 61
1 8 17 18 29 32 37 58 62
0 2 9 18 19 30 33 38 59
1 3 10 19 20 31 34 39 60
2 4 11 20 21 32 35 40 61
3 5 12 21 22 33 36 41 62
0 4 6 13 22 23 34 37 42
1 5 7 14 23 24 35 38 43
2 6 8 15 24 25 36 39 44
3 7 9 16 25 26 37 40 45
4 8 10 17 26 27 38 41 46
5 9 11 18 27 28 39 42 47
6 10 12 19 28 29 40 43 48
7 11 13 20 29 30 41 44 49
8 12 14 21 30 31 42 45 50
9 13 15 22 31 32 43 46 51
10 14 16 23 32 33 44 47 52
11 15 17 24 33 34 45 48 53
12 16 18 25 34 35 46 49 54
13 17 19 26 35 36 47 50 55
14 18 20 27 36 37 48 51 56
15 19 21 28 37 38 49 52 57
16 20 22 29 38 39 50 53 58
17 21 23 30 39 40 51 54 59
18 22 24 31 40 41 52 55 60
19 23 25 32 41 42 53 56 61
20 24 26 33 42 43 54 57 62
0 21 25 27 34 43 44 55 58
1 22 26 28 35 44 45 56 59
2 23 27 29 36 45 46 57 60
3 24 28 30 37 46 47 58 61
4 25 29 31 38 47 48 59 62
0 5 26 30 32 39 48 49 60
1 6 27 31 33 40 49 50 61
2 7 28 32 34 41 50 51 62
0 3 8 29 33 35 42 51 52
1 4 9 30 34 36 43 52 53
2 5 10 31 35 37 44 53 54
3 6 11 32 36 38 45 54 55
4 7 12 33 37 39 46 55 56
5 8 13 34 38 40 47 56 57
6 9 14 35 39 41 48 57 58
7 10 15 36 40 42 49 58 59
8 11 16 37 41 43 50 59 60
9 12 17 38 42 44 51 60 61
10 13 18 39 43 45 52 61 62
0 11 14 19 40 44 46 53 62
0 1 12 15 20 41 45 47 54
1 2 13 16 21 42 46 48 55
2 3 14 17 22 43 47 49 56
3 4 15 18 23 44 48 50 57
4 5 16 19 24 45 49 51 58
5 6 17 20 25 46 50 52 59
6 7 18 21 26 47 51 53 60
7 8 19 22 27 48 52 54 61
8 9 20 23 28 49 53 55 62
0 9 10 21 24 29 50 54 56
1 10 11 22 25 30 51 55 57
2 11 12 23 26 31 52 56 58
3 12 13 24 27 32 53 57 59
4 13 14 25 28 33 54 58 60
5 14 15 26 29 34 55 59 61
6 15 16 27 30 35 56 60 62
