1 11 13 17 22 35
4 14 16 20 25 38
7 17 19 23 28 41
10 20 22 26 31 44
13 23 25 29 34 47
16 26 28 32 37 50
19 29 31 35 40 53
22 32 34 38 43 56
25 35 37 41 46 59
28 38 40 44 49 62
2 31 41 43 47 52
5 34 44 46 50 55
8 37 47 49 53 58
11 40 50 52 56 61
1 14 43 53 55 59
4 17 46 56 58 62
2 7 20 49 59 61
1 5 10 23 52 62
2 4 8 13 26 55
5 7 11 16 29 58
8 10 14 19 32 61
1 6 15 24 47 61
1 4 9 18 27 50
4 7 12 21 30 53
7 10 15 24 33 56
10 13 18 27 36 59
13 16 21 30 39 62
2 16 19 24 33 42
5 19 22 27 36 45
8 22 25 30 39 48
11 25 28 33 42 51
14 28 31 36 45 54
17 31 34 39 48 57
20 34 37 42 51 60
0 23 37 40 45 54
3 26 40 43 48 57
6 29 43 46 51 60
0 9 32 46 49 54
3 12 35 49 52 57
6 15 38 52 55 60
0 9 18 41 55 58
3 12 21 44 58 61
4 10 39 40 49 51
7 13 42 43 52 54
10 16 45 46 55 57
13 19 48 49 58 60
0 16 22 51 52 61
1 3 19 25 54 55
4 6 22 28 57 58
7 9 25 31 60 61
0 1 10 12 28 34
3 4 13 15 31 37
6 7 16 18 34 40
9 10 19 21 37 43
12 13 22 24 40 46
15 16 25 27 43 49
18 19 28 30 46 52
21 22 31 33 49 55
24 25 34 36 52 58
27 28 37 39 55 61
1 30 31 40 42 58
4 33 34 43 45 61
1 7 36 37 46 48
17 21 24 40 51 55
20 24 27 43 54 58
23 27 30 46 57 61
1 26 30 33 49 60
0 4 29 33 36 52
3 7 32 36 39 55
6 10 35 39 42 58
9 13 38 42 45 61
1 12 16 41 45 48
4 15 19 44 48 51
7 18 22 47 51 54
10 21 25 50 54 57
13 24 28 53 57 60
0 16 27 31 56 60
0 3 19 30 34 59
3 6 22 33 37 62
2 6 9 25 36 40
5 9 12 28 39 43
8 12 15 31 42 46
11 15 18 34 45 49
14 18 21 37 48 52
3 9 16 23 51 53
6 12 19 26 54 56
9 15 22 29 57 59
12 18 25 32 60 62
0 2 15 21 28 35
3 5 18 24 31 38
6 8 21 27 34 41
9 11 24 30 37 44
12 14 27 33 40 47
15 17 30 36 43 50
18 20 33 39 46 53
21 23 36 42 49 56
24 26 39 45 52 59
27 29 42 48 55 62
2 30 32 45 51 58
5 33 35 48 54 61
1 8 36 38 51 57
4 11 39 41 54 60
0 7 14 42 44 57
3 10 17 45 47 60
0 6 13 20 48 50
6 25 44 45 53 56
9 28 47 48 56 59
12 31 50 51 59 62
2 15 34 53 54 62
2 5 18 37 56 57
5 8 21 40 59 60
0 8 11 24 43 62
2 3 11 14 27 46
5 6 14 17 30 49
8 9 17 20 33 52
11 12 20 23 36 55
14 15 23 26 39 58
17 18 26 29 42 61
1 20 21 29 32 45
4 23 24 32 35 48
7 26 27 35 38 51
10 29 30 38 41 54
13 32 33 41 44 57
16 35 36 44 47 60
0 19 38 39 47 50
3 22 41 42 50 53
7 8 35 45 50 62
2 10 11 38 48 53
5 13 14 41 51 56
8 16 17 44 54 59
11 19 20 47 57 62
2 14 22 23 50 60
0 5 17 25 26 53
3 8 20 28 29 56
6 11 23 31 32 59
9 14 26 34 35 62
2 12 17 29 37 38
5 15 20 32 40 41
8 18 23 35 43 44
11 21 26 38 46 47
14 24 29 41 49 50
17 27 32 44 52 53
20 30 35 47 55 56
23 33 38 50 58 59
26 36 41 53 61 62
1 2 29 39 44 56
4 5 32 42 47 59
