11 14 27 36 37 38 42 44 51 56
12 15 28 37 38 39 43 45 52 57
13 16 29 38 39 40 44 46 53 58
14 17 30 39 40 41 45 47 54 59
15 18 31 40 41 42 46 48 55 60
16 19 32 41 42 43 47 49 56 61
17 20 33 42 43 44 48 50 57 62
0 18 21 34 43 44 45 49 51 58
1 19 22 35 44 45 46 50 52 59
2 20 23 36 45 46 47 51 53 60
3 21 24 37 46 47 48 52 54 61
4 22 25 38 47 48 49 53 55 62
0 5 23 26 39 48 49 50 54 56
1 6 24 27 40 49 50 51 55 57
2 7 25 28 41 50 51 52 56 58
3 8 26 29 42 51 52 53 57 59
4 9 27 30 43 52 53 54 58 60
5 10 28 31 44 53 54 55 59 61
6 11 29 32 45 54 55 56 60 62
0 7 12 30 33 46 55 56 57 61
1 8 13 31 34 47 56 57 58 62
0 2 9 14 32 35 48 57 58 59
1 3 10 15 33 36 49 58 59 60
2 4 11 16 34 37 50 59 60 61
3 5 12 17 35 38 51 60 61 62
0 4 6 13 18 36 39 52 61 62
0 1 5 7 14 19 37 40 53 62
0 1 2 6 8 15 20 38 41 54
1 2 3 7 9 16 21 39 42 55
2 3 4 8 10 17 22 40 43 56
3 4 5 9 11 18 23 41 44 57
4 5 6 10 12 19 24 42 45 58
5 6 7 11 13 20 25 43 46 59
6 7 8 12 14 21 26 44 47 60
7 8 9 13 15 22 27 45 48 61
8 9 10 14 16 23 28 46 49 62
0 9 10 11 15 17 24 29 47 50
1 10 11 12 16 18 25 30 48 51
2 11 12 13 17 19 26 31 49 52
3 12 13 14 18 20 27 32 50 53
4 13 14 15 19 21 28 33 51 54
5 14 15 16 20 22 29 34 52 55
6 15 16 17 21 23 30 35 53 56
7 16 17 18 22 24 31 36 54 57
8 17 18 19 23 25 32 37 55 58
9 18 19 20 24 26 33 38 56 59
10 19 20 21 25 27 34 39 57 60
11 20 21 22 26 28 35 40 58 61
12 21 22 23 27 29 36 41 59 62
0 13 22 23 24 28 30 37 42 60
1 14 23 24 25 29 31 38 43 61
2 15 24 25 26 30 32 39 44 62
0 3 16 25 26 27 31 33 40 45
1 4 17 26 27 28 32 34 41 46
2 5 18 27 28 29 33 35 42 47
3 6 19 28 29 30 34 36 43 48
4 7 20 29 30 31 35 37 44 49
5 8 21 30 31 32 36 38 45 50
6 9 22 31 32 33 37 39 46 51
7 10 23 32 33 34 38 40 47 52
8 11 24 33 34 35 39 41 48 53
9 12 25 34 35 36 40 42 49 54
10 13 26 35 36 37 41 43 50 55
