0 9 14 21 39 54 56
7 9 10 22 46 53 56
2 4 10 17 23 37 38
15 25 34 36 46 48 60
5 19 24 35 41 43 58
5 6 9 11 13 31 47
9 18 21 25 28 45 52
12 14 22 42 44 49 55
13 14 15 17 24 27 57
5 10 16 17 30 49 52
9 19 29 32 40 60 62
13 18 33 36 53 56 61
2 8 15 37 43 51 56
9 20 26 30 36 37 45
0 2 20 27 31 32 52
3 11 19 30 43 57 61
1 4 12 19 28 41 48
4 6 15 40 42 52 61
7 16 27 42 43 45 60
11 24 32 38 45 50 53
0 1 8 11 17 33 34
5 15 23 36 44 50 54
3 15 28 32 39 53 55
2 7 11 28 30 35 62
0 16 25 29 55 58 59
31 33 36 39 41 51 62
6 24 25 30 44 56 60
3 10 35 40 45 59 62
11 14 16 20 23 40 48
6 14 22 23 34 43 59
2 5 18 29 34 41 42
4 14 16 51 53 54 55
12 21 31 34 37 57 60
5 6 26 38 54 55 57
4 8 9 32 43 50 55
8 10 14 27 29 58 61
19 22 26 27 33 38 47
7 21 38 41 44 47 61
27 40 46 47 49 50 60
3 8 13 23 41 42 62
1 2 4 25 31 54 61
11 19 37 46 52 54 59
0 6 23 41 49 53 60
10 11 25 32 33 42 57
7 9 12 23 24 33 52
13 30 34 47 50 51 52
2 3 6 16 21 33 50
1 13 16 22 32 35 44
20 29 35 36 47 53 57
4 11 21 22 36 58 60
3 18 22 24 31 48 55
17 19 20 21 24 42 51
5 21 22 28 34 37 40
12 17 25 38 40 43 53
15 21 26 43 48 49 62
15 22 29 30 33 45 54
20 28 33 43 44 59 60
9 17 26 31 44 51 59
3 5 11 25 27 51 56
6 7 10 14 18 26 32
10 13 38 39 48 49 54
17 34 45 55 56 61 62
9 10 16 18 24 34 36
3 8 29 37 44 48 52
8 14 30 31 38 46 48
12 15 30 32 34 58 59
1 19 31 45 49 50 56
1 20 26 39 43 46 61
0 14 18 19 38 51 58
0 3 12 13 35 45 46
4 27 34 35 38 39 44
28 29 38 42 50 56 59
27 31 44 52 53 57 62
2 5 14 32 39 45 60
2 7 13 19 36 40 55
1 18 21 23 27 30 55
11 17 18 39 50 60 61
16 30 32 37 41 54 56
3 7 20 34 49 54 58
2 9 30 42 48 53 58
1 3 14 36 43 47 52
7 15 23 29 31 33 35
6 12 17 27 28 36 54
2 8 18 41 45 57 59
0 16 19 26 34 42 53
23 28 29 32 46 51 61
4 24 30 39 40 49 59
0 4 5 7 48 50 57
18 31 35 40 42 43 54
1 10 35 51 52 55 60
1 5 8 21 33 40 53
10 11 15 20 31 41 55
6 8 9 19 35 49 61
13 20 22 25 50 58 62
0 2 15 22 24 47 61
23 26 40 52 56 57 58
3 4 5 17 26 46 58
4 14 28 33 49 57 62
1 7 17 47 54 59 62
1 3 9 15 38 57 60
6 33 44 45 48 51 58
16 23 28 31 45 47 58
2 11 12 26 29 44 49
15 16 18 19 44 46 62
0 1 6 24 29 37 62
5 8 22 25 36 42 59
17 21 32 35 47 48 56
9 12 27 40 41 46 51
14 25 26 35 37 41 50
4 8 12 18 20 47 56
4 10 13 21 29 43 45
5 12 16 20 38 61 62
2 6 20 21 46 57 59
24 33 37 42 46 47 55
3 7 18 25 37 49 51
0 10 28 30 40 44 50
0 32 36 38 43 49 52
7 8 16 22 39 51 57
13 27 37 48 53 59 61
1 12 37 39 42 50 58
8 13 24 26 28 54 60
6 17 22 29 39 41 52
10 12 19 23 25 39 47
