6 18 23 33 41
9 21 26 36 44
12 24 29 39 47
15 27 32 42 50
18 30 35 45 53
21 33 38 48 56
24 36 41 51 59
27 39 44 54 62
2 30 42 47 57
5 33 45 50 60
0 8 36 48 53
3 11 39 51 56
6 14 42 54 59
9 17 45 57 62
2 12 20 48 60
0 5 15 23 51
3 8 18 26 54
6 11 21 29 57
9 14 24 32 60
0 12 17 27 35
3 15 20 30 38
9 11 23 42 58
12 14 26 45 61
1 15 17 29 48
4 18 20 32 51
7 21 23 35 54
10 24 26 38 57
13 27 29 41 60
0 16 30 32 44
3 19 33 35 47
6 22 36 38 50
9 25 39 41 53
12 28 42 44 56
15 31 45 47 59
18 34 48 50 62
2 21 37 51 53
5 24 40 54 56
8 27 43 57 59
11 30 46 60 62
0 2 14 33 49
3 5 17 36 52
6 8 20 39 55
1 37 47 50 55
4 40 50 53 58
7 43 53 56 61
1 10 46 56 59
4 13 49 59 62
2 7 16 52 62
2 5 10 19 55
5 8 13 22 58
8 11 16 25 61
1 11 14 19 28
4 14 17 22 31
7 17 20 25 34
10 20 23 28 37
13 23 26 31 40
16 26 29 34 43
19 29 32 37 46
22 32 35 40 49
25 35 38 43 52
28 38 41 46 55
31 41 44 49 58
34 44 47 52 61
10 14 15 18 44
13 17 18 21 47
16 20 21 24 50
19 23 24 27 53
22 26 27 30 56
25 29 30 33 59
28 32 33 36 62
2 31 35 36 39
5 34 38 39 42
8 37 41 42 45
11 40 44 45 48
14 43 47 48 51
17 46 50 51 54
20 49 53 54 57
23 52 56 57 60
0 26 55 59 60
0 3 29 58 62
2 3 6 32 61
1 5 6 9 35
4 8 9 12 38
7 11 12 15 41
18 19 52 58 59
21 22 55 61 62
1 2 24 25 58
4 5 27 28 61
1 7 8 30 31
4 10 11 33 34
7 13 14 36 37
10 16 17 39 40
13 19 20 42 43
16 22 23 45 46
19 25 26 48 49
22 28 29 51 52
25 31 32 54 55
28 34 35 57 58
31 37 38 60 61
0 1 34 40 41
3 4 37 43 44
6 7 40 46 47
9 10 43 49 50
12 13 46 52 53
15 16 49 55 56
6 17 43 44 60
0 9 20 46 47
3 12 23 49 50
6 15 26 52 53
9 18 29 55 56
12 21 32 58 59
15 24 35 61 62
1 2 18 27 38
4 5 21 30 41
7 8 24 33 44
10 11 27 36 47
13 14 30 39 50
16 17 33 42 53
19 20 36 45 56
22 23 39 48 59
25 26 42 51 62
2 28 29 45 54
5 31 32 48 57
8 34 35 51 60
0 11 37 38 54
3 14 40 41 57
1 20 26 33 41
4 23 29 36 44
7 26 32 39 47
10 29 35 42 50
13 32 38 45 53
16 35 41 48 56
19 38 44 51 59
22 41 47 54 62
2 25 44 50 57
5 28 47 53 60
0 8 31 50 56
3 11 34 53 59
6 14 37 56 62
2 9 17 40 59
5 12 20 43 62
2 8 15 23 46
5 11 18 26 49
8 14 21 29 52
11 17 24 32 55
14 20 27 35 58
17 23 30 38 61
1 3 21 31 42
4 6 24 34 45
7 9 27 37 48
10 12 30 40 51
13 15 33 43 54
16 18 36 46 57
19 21 39 49 60
0 22 24 42 52
3 25 27 45 55
6 28 30 48 58
9 31 33 51 61
1 12 34 36 54
4 15 37 39 57
7 18 40 42 60
0 10 21 43 45
3 13 24 46 48
6 16 27 49 51
9 19 30 52 54
12 22 33 55 57
15 25 36 58 60
0 18 28 39 61
0 6 10 13 25
3 9 13 16 28
6 12 16 19 31
9 15 19 22 34
12 18 22 25 37
15 21 25 28 40
18 24 28 31 43
21 27 31 34 46
24 30 34 37 49
27 33 37 40 52
30 36 40 43 55
33 39 43 46 58
36 42 46 49 61
1 39 45 49 52
4 42 48 52 55
7 45 51 55 58
10 48 54 58 61
1 13 51 57 61
1 4 16 54 60
0 4 7 19 57
3 7 10 22 60
14 23 34 53 55
17 26 37 56 58
20 29 40 59 61
1 23 32 43 62
2 4 26 35 46
5 7 29 38 49
8 10 32 41 52
11 13 35 44 55
14 16 38 47 58
17 19 41 50 61
1 20 22 44 53
4 23 25 47 56
7 26 28 50 59
10 29 31 53 62
2 13 32 34 56
5 16 35 37 59
8 19 38 40 62
2 11 22 41 43
5 14 25 44 46
8 17 28 47 49
11 20 31 50 52
