11 19 25 40
14 22 28 43
17 25 31 46
20 28 34 49
23 31 37 52
26 34 40 55
29 37 43 58
32 40 46 61
1 35 43 49
4 38 46 52
7 41 49 55
10 44 52 58
13 47 55 61
1 16 50 58
4 19 53 61
1 7 22 56
4 10 25 59
7 13 28 62
2 10 16 31
5 13 19 34
8 16 22 37
5 18 41 46
8 21 44 49
11 24 47 52
14 27 50 55
17 30 53 58
20 33 56 61
1 23 36 59
4 26 39 62
2 7 29 42
5 10 32 45
8 13 35 48
11 16 38 51
14 19 41 54
17 22 44 57
20 25 47 60
0 23 28 50
3 26 31 53
6 29 34 56
9 32 37 59
12 35 40 62
2 15 38 43
19 20 31 59
22 23 34 62
2 25 26 37
5 28 29 40
8 31 32 43
11 34 35 46
14 37 38 49
17 40 41 52
20 43 44 55
23 46 47 58
26 49 50 61
1 29 52 53
4 32 55 56
7 35 58 59
10 38 61 62
1 2 13 41
4 5 16 44
7 8 19 47
10 11 22 50
13 14 25 53
16 17 28 56
25 29 36 62
2 28 32 39
5 31 35 42
8 34 38 45
11 37 41 48
14 40 44 51
17 43 47 54
20 46 50 57
23 49 53 60
0 26 52 56
3 29 55 59
6 32 58 62
2 9 35 61
1 5 12 38
4 8 15 41
7 11 18 44
10 14 21 47
13 17 24 50
16 20 27 53
19 23 30 56
22 26 33 59
8 25 28 55
11 28 31 58
14 31 34 61
1 17 34 37
4 20 37 40
7 23 40 43
10 26 43 46
13 29 46 49
16 32 49 52
19 35 52 55
22 38 55 58
25 41 58 61
1 28 44 61
1 4 31 47
4 7 34 50
7 10 37 53
10 13 40 56
13 16 43 59
16 19 46 62
2 19 22 49
5 22 25 52
26 38 42 60
0 29 41 45
3 32 44 48
6 35 47 51
9 38 50 54
12 41 53 57
15 44 56 60
0 18 47 59
3 21 50 62
2 6 24 53
5 9 27 56
8 12 30 59
11 15 33 62
2 14 18 36
5 17 21 39
8 20 24 42
11 23 27 45
14 26 30 48
17 29 33 51
20 32 36 54
23 35 39 57
3 37 45 56
6 40 48 59
9 43 51 62
2 12 46 54
5 15 49 57
8 18 52 60
0 11 21 55
3 14 24 58
6 17 27 61
1 9 20 30
4 12 23 33
7 15 26 36
10 18 29 39
13 21 32 42
16 24 35 45
19 27 38 48
22 30 41 51
25 33 44 54
28 36 47 57
31 39 50 60
0 34 42 53
1 18 33 55
4 21 36 58
7 24 39 61
1 10 27 42
4 13 30 45
7 16 33 48
10 19 36 51
13 22 39 54
16 25 42 57
19 28 45 60
0 22 31 48
3 25 34 51
6 28 37 54
9 31 40 57
12 34 43 60
0 15 37 46
3 18 40 49
6 21 43 52
9 24 46 55
12 27 49 58
15 30 52 61
12 36 37 55
15 39 40 58
18 42 43 61
1 21 45 46
4 24 48 49
7 27 51 52
10 30 54 55
13 33 57 58
16 36 60 61
0 1 19 39
3 4 22 42
6 7 25 45
9 10 28 48
12 13 31 51
15 16 34 54
18 19 37 57
21 22 40 60
0 24 25 43
3 27 28 46
6 30 31 49
9 33 34 52
0 9 14 60
0 3 12 17
3 6 15 20
6 9 18 23
9 12 21 26
12 15 24 29
15 18 27 32
18 21 30 35
21 24 33 38
24 27 36 41
27 30 39 44
30 33 42 47
33 36 45 50
36 39 48 53
39 42 51 56
42 45 54 59
45 48 57 62
2 48 51 60
0 5 51 54
3 8 54 57
6 11 57 60
24 30 37 62
2 27 33 40
5 30 36 43
8 33 39 46
11 36 42 49
14 39 45 52
17 42 48 55
20 45 51 58
23 48 54 61
1 26 51 57
4 29 54 60
0 7 32 57
3 10 35 60
0 6 13 38
3 9 16 41
6 12 19 44
9 15 22 47
12 18 25 50
15 21 28 53
18 24 31 56
21 27 34 59
2 50 52 59
5 53 55 62
2 8 56 58
5 11 59 61
1 8 14 62
2 4 11 17
5 7 14 20
8 10 17 23
11 13 20 26
14 16 23 29
17 19 26 32
20 22 29 35
23 25 32 38
26 28 35 41
29 31 38 44
32 34 41 47
35 37 44 50
38 40 47 53
41 43 50 56
44 46 53 59
47 49 56 62
12 16 21 47
15 19 24 50
18 22 27 53
21 25 30 56
24 28 33 59
27 31 36 62
2 30 34 39
5 33 37 42
8 36 40 45
11 39 43 48
14 42 46 51
17 45 49 54
20 48 52 57
23 51 55 60
0 26 54 58
3 29 57 61
1 6 32 60
0 4 9 35
3 7 12 38
6 10 15 41
9 13 18 44
38 39 41 59
41 42 44 62
2 44 45 47
5 47 48 50
8 50 51 53
11 53 54 56
14 56 57 59
17 59 60 62
0 2 20 62
2 3 5 23
5 6 8 26
8 9 11 29
11 12 14 32
14 15 17 35
17 18 20 38
20 21 23 41
23 24 26 44
26 27 29 47
29 30 32 50
32 33 35 53
35 36 38 56
12 22 45 61
1 15 25 48
4 18 28 51
7 21 31 54
10 24 34 57
13 27 37 60
0 16 30 40
3 19 33 43
6 22 36 46
9 25 39 49
12 28 42 52
15 31 45 55
18 34 48 58
21 37 51 61
1 24 40 54
4 27 43 57
7 30 46 60
0 10 33 49
3 13 36 52
6 16 39 55
9 19 42 58
9 43 45 53
12 46 48 56
15 49 51 59
18 52 54 62
2 21 55 57
5 24 58 60
0 8 27 61
1 3 11 30
4 6 14 33
7 9 17 36
10 12 20 39
13 15 23 42
16 18 26 45
19 21 29 48
22 24 32 51
25 27 35 54
28 30 38 57
31 33 41 60
0 34 36 44
3 37 39 47
6 40 42 50
