1 10 14 38 42 47 51 53 61 62
1 2 11 17 18 24 26 32 40 54
1 3 7 10 13 19 26 29 31 43
4 10 16 24 25 28 46 49 50 53
6 10 13 20 26 30 36 55 59 60
6 7 8 25 32 37 46 51 60 62
3 6 9 11 15 17 27 45 53 60
7 15 19 20 22 33 40 47 49 51
19 21 25 35 40 45 47 55 57 62
0 8 11 16 20 23 33 35 49 52
2 7 18 28 33 44 53 56 58 59
4 5 13 14 18 22 25 29 39 52
5 15 18 23 36 41 46 49 55 62
4 10 12 13 33 38 45 49 54 63
0 10 11 12 27 30 38 44 47 48
3 8 16 21 22 32 36 38 39 58
5 12 26 27 35 37 39 50 58 61
13 16 17 18 22 44 55 56 60 61
1 2 5 8 13 45 47 48 51 52
1 2 3 4 12 14 23 46 57 59
8 9 19 20 23 28 29 30 38 61
10 22 24 31 34 37 47 57 58 60
17 21 30 31 34 37 39 48 49 51
2 6 11 14 19 24 39 41 56 63
13 16 20 27 28 34 41 51 52 57
9 12 14 16 18 26 32 43 47 49
5 7 9 11 21 22 42 50 54 57
13 15 23 27 31 35 39 53 58 59
2 11 13 15 16 29 37 38 42 55
11 12 29 32 34 35 36 51 53 56
0 9 13 20 21 24 32 45 46 58
19 22 23 26 33 34 38 46 48 53
0 4 8 37 40 41 43 53 59 63
4 6 11 19 26 34 42 44 58 62
1 7 9 10 17 20 35 39 41 44
0 2 3 22 25 27 34 43 60 62
2 7 9 24 27 30 36 37 52 62
3 5 14 20 28 37 44 53 54 55
8 14 27 31 34 36 40 50 54 55
8 10 15 18 21 26 27 37 56 57
5 16 19 27 32 42 48 59 61 63
13 14 17 21 28 36 40 47 58 63
0 5 6 17 24 29 33 38 43 57
3 6 23 25 33 37 41 47 54 61
2 6 18 20 31 35 38 42 43 50
4 9 27 28 31 32 33 55 62 63
8 9 24 25 43 48 51 55 56 58
3 30 32 40 41 42 48 49 53 57
4 17 20 29 47 48 50 56 59 62
1 27 29 46 49 52 54 56 58 63
0 1 18 19 28 36 37 45 48 50
1 12 15 18 20 25 30 34 55 63
12 17 19 23 24 28 39 42 52 60
3 18 22 24 35 44 51 52 59 63
0 12 16 29 31 39 40 44 45 62
0 2 6 7 12 21 52 53 55 61
11 15 24 36 39 43 46 47 57 61
1 4 21 29 33 36 39 41 60 61
0 4 7 14 15 16 35 48 54 60
11 25 26 28 31 38 41 45 52 59
2 5 10 22 30 35 40 41 46 58
1 6 16 22 28 30 35 43 45 54
0 4 26 30 39 42 51 54 55 56
5 7 23 34 38 40 45 56 60 63
10 15 21 23 32 40 43 44 50 52
5 8 12 17 25 31 36 42 44 46
12 13 19 21 22 41 50 54 59 62
3 14 30 31 33 42 45 50 56 61
2 23 26 44 49 50 51 57 60 63
6 9 15 28 34 40 48 49 59 61
