15 19 26 53 61
17 21 28 55 63
1 19 23 30 57
3 21 25 32 59
5 23 27 34 61
7 25 29 36 63
1 9 27 31 38
3 11 29 33 40
5 13 31 35 42
7 15 33 37 44
9 17 35 39 46
11 19 37 41 48
13 21 39 43 50
15 23 41 45 52
17 25 43 47 54
19 27 45 49 56
21 29 47 51 58
23 31 49 53 60
25 33 51 55 62
0 27 35 53 57
2 29 37 55 59
4 31 39 57 61
6 33 41 59 63
1 8 35 43 61
3 10 37 45 63
1 5 12 39 47
3 7 14 41 49
5 9 16 43 51
7 11 18 45 53
9 13 20 47 55
11 15 22 49 57
13 17 24 51 59
3 18 19 25 58
5 20 21 27 60
7 22 23 29 62
0 9 24 25 31
2 11 26 27 33
4 13 28 29 35
6 15 30 31 37
8 17 32 33 39
10 19 34 35 41
12 21 36 37 43
14 23 38 39 45
16 25 40 41 47
18 27 42 43 49
20 29 44 45 51
22 31 46 47 53
24 33 48 49 55
26 35 50 51 57
28 37 52 53 59
30 39 54 55 61
32 41 56 57 63
1 34 43 58 59
3 36 45 60 61
5 38 47 62 63
0 1 7 40 49
2 3 9 42 51
4 5 11 44 53
6 7 13 46 55
8 9 15 48 57
10 11 17 50 59
12 13 19 52 61
14 15 21 54 63
1 16 17 23 56
24 37 38 61 63
1 26 39 40 63
1 3 28 41 42
3 5 30 43 44
5 7 32 45 46
7 9 34 47 48
9 11 36 49 50
11 13 38 51 52
13 15 40 53 54
15 17 42 55 56
17 19 44 57 58
19 21 46 59 60
21 23 48 61 62
0 23 25 50 63
1 2 25 27 52
3 4 27 29 54
5 6 29 31 56
7 8 31 33 58
9 10 33 35 60
11 12 35 37 62
0 13 14 37 39
2 15 16 39 41
4 17 18 41 43
6 19 20 43 45
8 21 22 45 47
10 23 24 47 49
12 25 26 49 51
14 27 28 51 53
16 29 30 53 55
18 31 32 55 57
20 33 34 57 59
22 35 36 59 61
22 42 54 58 60
24 44 56 60 62
0 26 46 58 62
0 2 28 48 60
2 4 30 50 62
0 4 6 32 52
2 6 8 34 54
4 8 10 36 56
6 10 12 38 58
8 12 14 40 60
10 14 16 42 62
0 12 16 18 44
2 14 18 20 46
4 16 20 22 48
6 18 22 24 50
8 20 24 26 52
10 22 26 28 54
12 24 28 30 56
14 26 30 32 58
16 28 32 34 60
18 30 34 36 62
0 20 32 36 38
2 22 34 38 40
4 24 36 40 42
6 26 38 42 44
8 28 40 44 46
10 30 42 46 48
12 32 44 48 50
14 34 46 50 52
16 36 48 52 54
18 38 50 54 56
20 40 52 56 58
4 12 34 45 55
6 14 36 47 57
8 16 38 49 59
10 18 40 51 61
12 20 42 53 63
1 14 22 44 55
3 16 24 46 57
5 18 26 48 59
7 20 28 50 61
9 22 30 52 63
1 11 24 32 54
3 13 26 34 56
5 15 28 36 58
7 17 30 38 60
9 19 32 40 62
0 11 21 34 42
2 13 23 36 44
4 15 25 38 46
6 17 27 40 48
8 19 29 42 50
10 21 31 44 52
12 23 33 46 54
14 25 35 48 56
16 27 37 50 58
18 29 39 52 60
20 31 41 54 62
0 22 33 43 56
2 24 35 45 58
4 26 37 47 60
6 28 39 49 62
0 8 30 41 51
2 10 32 43 53
6 9 21 53 56
8 11 23 55 58
10 13 25 57 60
12 15 27 59 62
0 14 17 29 61
2 16 19 31 63
1 4 18 21 33
3 6 20 23 35
5 8 22 25 37
7 10 24 27 39
9 12 26 29 41
11 14 28 31 43
13 16 30 33 45
15 18 32 35 47
17 20 34 37 49
19 22 36 39 51
21 24 38 41 53
23 26 40 43 55
25 28 42 45 57
27 30 44 47 59
29 32 46 49 61
31 34 48 51 63
1 33 36 50 53
3 35 38 52 55
5 37 40 54 57
7 39 42 56 59
9 41 44 58 61
11 43 46 60 63
1 13 45 48 62
0 3 15 47 50
2 5 17 49 52
4 7 19 51 54
33 42 47 52 61
35 44 49 54 63
1 37 46 51 56
3 39 48 53 58
5 41 50 55 60
7 43 52 57 62
0 9 45 54 59
2 11 47 56 61
4 13 49 58 63
1 6 15 51 60
3 8 17 53 62
0 5 10 19 55
2 7 12 21 57
4 9 14 23 59
6 11 16 25 61
8 13 18 27 63
1 10 15 20 29
3 12 17 22 31
5 14 19 24 33
7 16 21 26 35
9 18 23 28 37
11 20 25 30 39
13 22 27 32 41
15 24 29 34 43
17 26 31 36 45
19 28 33 38 47
21 30 35 40 49
23 32 37 42 51
25 34 39 44 53
27 36 41 46 55
29 38 43 48 57
31 40 45 50 59
