0 8 24 29 31 54
2 10 26 31 33 56
4 12 28 33 35 58
6 14 30 35 37 60
8 16 32 37 39 62
0 10 18 34 39 41
2 12 20 36 41 43
4 14 22 38 43 45
6 16 24 40 45 47
8 18 26 42 47 49
10 20 28 44 49 51
12 22 30 46 51 53
14 24 32 48 53 55
16 26 34 50 55 57
18 28 36 52 57 59
20 30 38 54 59 61
22 32 40 56 61 63
1 24 34 42 58 63
1 3 26 36 44 60
3 5 28 38 46 62
0 5 7 30 40 48
2 7 9 32 42 50
4 9 11 34 44 52
6 11 13 36 46 54
8 13 15 38 48 56
10 15 17 40 50 58
12 17 19 42 52 60
14 19 21 44 54 62
0 16 21 23 46 56
2 18 23 25 48 58
4 20 25 27 50 60
6 22 27 29 52 62
12 18 21 30 50 63
1 14 20 23 32 52
3 16 22 25 34 54
5 18 24 27 36 56
7 20 26 29 38 58
9 22 28 31 40 60
11 24 30 33 42 62
0 13 26 32 35 44
2 15 28 34 37 46
4 17 30 36 39 48
6 19 32 38 41 50
8 21 34 40 43 52
10 23 36 42 45 54
12 25 38 44 47 56
14 27 40 46 49 58
16 29 42 48 51 60
18 31 44 50 53 62
0 20 33 46 52 55
2 22 35 48 54 57
4 24 37 50 56 59
6 26 39 52 58 61
8 28 41 54 60 63
1 10 30 43 56 62
0 3 12 32 45 58
2 5 14 34 47 60
4 7 16 36 49 62
0 6 9 18 38 51
2 8 11 20 40 53
4 10 13 22 42 55
6 12 15 24 44 57
8 14 17 26 46 59
10 16 19 28 48 61
9 10 12 16 37 59
11 12 14 18 39 61
13 14 16 20 41 63
1 15 16 18 22 43
3 17 18 20 24 45
5 19 20 22 26 47
7 21 22 24 28 49
9 23 24 26 30 51
11 25 26 28 32 53
13 27 28 30 34 55
15 29 30 32 36 57
17 31 32 34 38 59
19 33 34 36 40 61
21 35 36 38 42 63
1 23 37 38 40 44
3 25 39 40 42 46
5 27 41 42 44 48
7 29 43 44 46 50
9 31 45 46 48 52
11 33 47 48 50 54
13 35 49 50 52 56
15 37 51 52 54 58
17 39 53 54 56 60
19 41 55 56 58 62
0 21 43 57 58 60
2 23 45 59 60 62
0 4 25 47 61 62
0 2 6 27 49 63
1 2 4 8 29 51
3 4 6 10 31 53
5 6 8 12 33 55
7 8 10 14 35 57
13 27 32 47 51 59
15 29 34 49 53 61
17 31 36 51 55 63
1 19 33 38 53 57
3 21 35 40 55 59
5 23 37 42 57 61
7 25 39 44 59 63
1 9 27 41 46 61
3 11 29 43 48 63
1 5 13 31 45 50
3 7 15 33 47 52
5 9 17 35 49 54
7 11 19 37 51 56
9 13 21 39 53 58
11 15 23 41 55 60
13 17 25 43 57 62
0 15 19 27 45 59
2 17 21 29 47 61
4 19 23 31 49 63
1 6 21 25 33 51
3 8 23 27 35 53
5 10 25 29 37 55
7 12 27 31 39 57
9 14 29 33 41 59
11 16 31 35 43 61
13 18 33 37 45 63
1 15 20 35 39 47
3 17 22 37 41 49
5 19 24 39 43 51
7 21 26 41 45 53
9 23 28 43 47 55
11 25 30 45 49 57
8 22 23 33 39 50
10 24 25 35 41 52
12 26 27 37 43 54
14 28 29 39 45 56
16 30 31 41 47 58
18 32 33 43 49 60
20 34 35 45 51 62
0 22 36 37 47 53
2 24 38 39 49 55
4 26 40 41 51 57
6 28 42 43 53 59
8 30 44 45 55 61
10 32 46 47 57 63
1 12 34 48 49 59
3 14 36 50 51 61
5 16 38 52 53 63
1 7 18 40 54 55
3 9 20 42 56 57
5 11 22 44 58 59
7 13 24 46 60 61
9 15 26 48 62 63
0 1 11 17 28 50
2 3 13 19 30 52
4 5 15 21 32 54
6 7 17 23 34 56
8 9 19 25 36 58
10 11 21 27 38 60
12 13 23 29 40 62
0 14 15 25 31 42
2 16 17 27 33 44
4 18 19 29 35 46
6 20 21 31 37 48
