0 15 17 28 33 35 39 47 54
2 17 19 30 35 37 41 49 56
4 19 21 32 37 39 43 51 58
6 21 23 34 39 41 45 53 60
8 23 25 36 41 43 47 55 62
0 10 25 27 38 43 45 49 57
2 12 27 29 40 45 47 51 59
4 14 29 31 42 47 49 53 61
6 16 31 33 44 49 51 55 63
1 8 18 33 35 46 51 53 57
3 10 20 35 37 48 53 55 59
5 12 22 37 39 50 55 57 61
7 14 24 39 41 52 57 59 63
1 9 16 26 41 43 54 59 61
3 11 18 28 43 45 56 61 63
1 5 13 20 30 45 47 58 63
1 3 7 15 22 32 47 49 60
3 5 9 17 24 34 49 51 62
0 5 7 11 19 26 36 51 53
2 7 9 13 21 28 38 53 55
4 9 11 15 23 30 40 55 57
6 11 13 17 25 32 42 57 59
8 13 15 19 27 34 44 59 61
10 15 17 21 29 36 46 61 63
1 12 17 19 23 31 38 48 63
1 3 14 19 21 25 33 40 50
3 5 16 21 23 27 35 42 52
5 7 18 23 25 29 37 44 54
7 9 20 25 27 31 39 46 56
9 11 22 27 29 33 41 48 58
11 13 24 29 31 35 43 50 60
13 15 26 31 33 37 45 52 62
10 12 15 16 24 25 53 56 58
12 14 17 18 26 27 55 58 60
14 16 19 20 28 29 57 60 62
0 16 18 21 22 30 31 59 62
0 2 18 20 23 24 32 33 61
2 4 20 22 25 26 34 35 63
1 4 6 22 24 27 28 36 37
3 6 8 24 26 29 30 38 39
5 8 10 26 28 31 32 40 41
7 10 12 28 30 33 34 42 43
9 12 14 30 32 35 36 44 45
11 14 16 32 34 37 38 46 47
13 16 18 34 36 39 40 48 49
15 18 20 36 38 41 42 50 51
17 20 22 38 40 43 44 52 53
19 22 24 40 42 45 46 54 55
21 24 26 42 44 47 48 56 57
23 26 28 44 46 49 50 58 59
25 28 30 46 48 51 52 60 61
27 30 32 48 50 53 54 62 63
0 1 29 32 34 50 52 55 56
2 3 31 34 36 52 54 57 58
4 5 33 36 38 54 56 59 60
6 7 35 38 40 56 58 61 62
0 8 9 37 40 42 58 60 63
1 2 10 11 39 42 44 60 62
0 3 4 12 13 41 44 46 62
0 2 5 6 14 15 43 46 48
2 4 7 8 16 17 45 48 50
4 6 9 10 18 19 47 50 52
6 8 11 12 20 21 49 52 54
8 10 13 14 22 23 51 54 56
