10 36 53
12 38 55
14 40 57
16 42 59
18 44 61
20 46 63
1 22 48
3 24 50
5 26 52
7 28 54
9 30 56
11 32 58
13 34 60
15 36 62
0 17 38
2 19 40
4 21 42
6 23 44
8 25 46
10 27 48
12 29 50
14 31 52
16 33 54
18 35 56
20 37 58
22 39 60
24 41 62
0 26 43
2 28 45
4 30 47
6 32 49
8 34 51
6 28 43
8 30 45
10 32 47
12 34 49
14 36 51
16 38 53
18 40 55
20 42 57
22 44 59
24 46 61
26 48 63
1 28 50
3 30 52
5 32 54
7 34 56
9 36 58
11 38 60
13 40 62
0 15 42
2 17 44
4 19 46
6 21 48
8 23 50
10 25 52
12 27 54
14 29 56
16 31 58
18 33 60
20 35 62
0 22 37
2 24 39
4 26 41
31 45 49
33 47 51
35 49 53
37 51 55
39 53 57
41 55 59
43 57 61
45 59 63
1 47 61
3 49 63
1 5 51
3 7 53
5 9 55
7 11 57
9 13 59
11 15 61
13 17 63
1 15 19
3 17 21
5 19 23
7 21 25
9 23 27
11 25 29
13 27 31
15 29 33
17 31 35
19 33 37
21 35 39
23 37 41
25 39 43
27 41 45
29 43 47
29 50 63
1 31 52
3 33 54
5 35 56
7 37 58
9 39 60
11 41 62
0 13 43
2 15 45
4 17 47
6 19 49
8 21 51
10 23 53
12 25 55
14 27 57
16 29 59
18 31 61
20 33 63
1 22 35
3 24 37
5 26 39
7 28 41
9 30 43
11 32 45
13 34 47
15 36 49
17 38 51
19 40 53
21 42 55
23 44 57
25 46 59
27 48 61
2 4 33
4 6 35
6 8 37
8 10 39
10 12 41
12 14 43
14 16 45
16 18 47
18 20 49
20 22 51
22 24 53
24 26 55
26 28 57
28 30 59
30 32 61
32 34 63
1 34 36
3 36 38
5 38 40
7 40 42
9 42 44
11 44 46
13 46 48
15 48 50
17 50 52
19 52 54
21 54 56
23 56 58
25 58 60
27 60 62
0 29 62
0 2 31
12 26 30
14 28 32
16 30 34
18 32 36
20 34 38
22 36 40
24 38 42
26 40 44
28 42 46
30 44 48
32 46 50
34 48 52
36 50 54
38 52 56
40 54 58
42 56 60
44 58 62
0 46 60
2 48 62
0 4 50
2 6 52
4 8 54
6 10 56
8 12 58
10 14 60
12 16 62
0 14 18
2 16 20
4 18 22
6 20 24
8 22 26
10 24 28
39 58 63
1 41 60
3 43 62
0 5 45
2 7 47
4 9 49
6 11 51
8 13 53
10 15 55
12 17 57
14 19 59
16 21 61
18 23 63
1 20 25
3 22 27
5 24 29
7 26 31
9 28 33
11 30 35
13 32 37
15 34 39
17 36 41
19 38 43
21 40 45
23 42 47
25 44 49
27 46 51
29 48 53
31 50 55
33 52 57
35 54 59
37 56 61
9 61 63
1 11 63
1 3 13
3 5 15
5 7 17
7 9 19
9 11 21
11 13 23
13 15 25
15 17 27
17 19 29
19 21 31
21 23 33
23 25 35
25 27 37
27 29 39
29 31 41
31 33 43
33 35 45
35 37 47
37 39 49
39 41 51
41 43 53
43 45 55
45 47 57
47 49 59
49 51 61
51 53 63
1 53 55
3 55 57
5 57 59
7 59 61
38 41 50
40 43 52
42 45 54
44 47 56
46 49 58
48 51 60
50 53 62
0 52 55
2 54 57
4 56 59
6 58 61
8 60 63
1 10 62
0 3 12
2 5 14
4 7 16
6 9 18
8 11 20
10 13 22
12 15 24
14 17 26
16 19 28
18 21 30
20 23 32
22 25 34
24 27 36
26 29 38
28 31 40
30 33 42
32 35 44
34 37 46
36 39 48
2 29 42
4 31 44
6 33 46
8 35 48
10 37 50
12 39 52
14 41 54
16 43 56
18 45 58
20 47 60
22 49 62
0 24 51
2 26 53
4 28 55
6 30 57
8 32 59
10 34 61
12 36 63
1 14 38
3 16 40
5 18 42
7 20 44
9 22 46
11 24 48
13 26 50
15 28 52
17 30 54
19 32 56
21 34 58
23 36 60
25 38 62
0 27 40
13 33 61
15 35 63
1 17 37
3 19 39
5 21 41
7 23 43
9 25 45
11 27 47
13 29 49
15 31 51
17 33 53
19 35 55
21 37 57
23 39 59
25 41 61
27 43 63
1 29 45
3 31 47
5 33 49
7 35 51
9 37 53
11 39 55
13 41 57
15 43 59
17 45 61
19 47 63
1 21 49
3 23 51
5 25 53
7 27 55
9 29 57
11 31 59
42 52 58
44 54 60
46 56 62
0 48 58
2 50 60
4 52 62
0 6 54
2 8 56
4 10 58
6 12 60
8 14 62
0 10 16
2 12 18
4 14 20
6 16 22
8 18 24
10 20 26
12 22 28
14 24 30
16 26 32
18 28 34
20 30 36
22 32 38
24 34 40
26 36 42
28 38 44
30 40 46
32 42 48
34 44 50
36 46 52
38 48 54
40 50 56
3 10 35
5 12 37
7 14 39
9 16 41
11 18 43
13 20 45
15 22 47
17 24 49
19 26 51
21 28 53
23 30 55
25 32 57
27 34 59
29 36 61
31 38 63
1 33 40
3 35 42
5 37 44
7 39 46
9 41 48
11 43 50
13 45 52
15 47 54
17 49 56
19 51 58
21 53 60
23 55 62
0 25 57
2 27 59
4 29 61
6 31 63
1 8 33
2 23 61
4 25 63
1 6 27
3 8 29
5 10 31
7 12 33
9 14 35
11 16 37
13 18 39
15 20 41
17 22 43
19 24 45
21 26 47
23 28 49
25 30 51
27 32 53
29 34 55
31 36 57
33 38 59
35 40 61
37 42 63
1 39 44
3 41 46
5 43 48
7 45 50
9 47 52
11 49 54
13 51 56
15 53 58
17 55 60
19 57 62
0 21 59
11 17 42
13 19 44
15 21 46
17 23 48
19 25 50
21 27 52
23 29 54
25 31 56
27 33 58
29 35 60
31 37 62
0 33 39
2 35 41
4 37 43
6 39 45
8 41 47
10 43 49
12 45 51
14 47 53
16 49 55
18 51 57
20 53 59
22 55 61
24 57 63
1 26 59
3 28 61
5 30 63
1 7 32
3 9 34
5 11 36
7 13 38
9 15 40
6 7 15
8 9 17
10 11 19
12 13 21
14 15 23
16 17 25
18 19 27
20 21 29
22 23 31
24 25 33
26 27 35
28 29 37
30 31 39
32 33 41
34 35 43
36 37 45
38 39 47
40 41 49
42 43 51
44 45 53
46 47 55
48 49 57
50 51 59
52 53 61
54 55 63
1 56 57
3 58 59
5 60 61
7 62 63
0 1 9
2 3 11
4 5 13
8 31 42
10 33 44
12 35 46
14 37 48
16 39 50
18 41 52
20 43 54
22 45 56
24 47 58
26 49 60
28 51 62
0 30 53
2 32 55
4 34 57
6 36 59
8 38 61
10 40 63
1 12 42
3 14 44
5 16 46
7 18 48
9 20 50
11 22 52
13 24 54
15 26 56
17 28 58
19 30 60
21 32 62
0 23 34
2 25 36
4 27 38
6 29 40
24 59 60
26 61 62
0 28 63
1 2 30
3 4 32
5 6 34
7 8 36
9 10 38
11 12 40
13 14 42
15 16 44
17 18 46
19 20 48
21 22 50
23 24 52
25 26 54
27 28 56
29 30 58
31 32 60
33 34 62
0 35 36
2 37 38
4 39 40
6 41 42
8 43 44
10 45 46
12 47 48
14 49 50
16 51 52
18 53 54
20 55 56
22 57 58
16 57 60
18 59 62
0 20 61
2 22 63
1 4 24
3 6 26
5 8 28
7 10 30
9 12 32
11 14 34
13 16 36
15 18 38
17 20 40
19 22 42
21 24 44
23 26 46
25 28 48
27 30 50
29 32 52
31 34 54
33 36 56
35 38 58
37 40 60
39 42 62
0 41 44
2 43 46
4 45 48
6 47 50
8 49 52
10 51 54
12 53 56
14 55 58
13 28 35
15 30 37
17 32 39
19 34 41
21 36 43
23 38 45
25 40 47
27 42 49
29 44 51
31 46 53
33 48 55
35 50 57
37 52 59
39 54 61
41 56 63
1 43 58
3 45 60
5 47 62
0 7 49
2 9 51
4 11 53
6 13 55
8 15 57
10 17 59
12 19 61
14 21 63
1 16 23
3 18 25
5 20 27
7 22 29
9 24 31
11 26 33
40 48 59
42 50 61
44 52 63
1 46 54
3 48 56
5 50 58
7 52 60
9 54 62
0 11 56
2 13 58
4 15 60
6 17 62
0 8 19
2 10 21
4 12 23
6 14 25
8 16 27
10 18 29
12 20 31
14 22 33
16 24 35
18 26 37
20 28 39
22 30 41
24 32 43
26 34 45
28 36 47
30 38 49
32 40 51
34 42 53
36 44 55
38 46 57
0 15 32
2 17 34
4 19 36
6 21 38
8 23 40
10 25 42
12 27 44
14 29 46
16 31 48
18 33 50
20 35 52
22 37 54
24 39 56
26 41 58
28 43 60
30 45 62
0 32 47
2 34 49
4 36 51
6 38 53
8 40 55
10 42 57
12 44 59
14 46 61
16 48 63
1 18 50
3 20 52
5 22 54
7 24 56
9 26 58
11 28 60
13 30 62
