7 49 51 62
0 9 51 53
2 11 53 55
4 13 55 57
6 15 57 59
8 17 59 61
10 19 61 63
1 12 21 63
1 3 14 23
3 5 16 25
5 7 18 27
7 9 20 29
9 11 22 31
11 13 24 33
13 15 26 35
15 17 28 37
17 19 30 39
19 21 32 41
21 23 34 43
23 25 36 45
25 27 38 47
27 29 40 49
29 31 42 51
31 33 44 53
33 35 46 55
35 37 48 57
37 39 50 59
39 41 52 61
41 43 54 63
1 43 45 56
3 45 47 58
5 47 49 60
8 26 30 44
10 28 32 46
12 30 34 48
14 32 36 50
16 34 38 52
18 36 40 54
20 38 42 56
22 40 44 58
24 42 46 60
26 44 48 62
0 28 46 50
2 30 48 52
4 32 50 54
6 34 52 56
8 36 54 58
10 38 56 60
12 40 58 62
0 14 42 60
2 16 44 62
0 4 18 46
2 6 20 48
4 8 22 50
6 10 24 52
8 12 26 54
10 14 28 56
12 16 30 58
14 18 32 60
16 20 34 62
0 18 22 36
2 20 24 38
4 22 26 40
6 24 28 42
11 18 34 39
13 20 36 41
15 22 38 43
17 24 40 45
19 26 42 47
21 28 44 49
23 30 46 51
25 32 48 53
27 34 50 55
29 36 52 57
31 38 54 59
33 40 56 61
35 42 58 63
1 37 44 60
3 39 46 62
0 5 41 48
2 7 43 50
4 9 45 52
6 11 47 54
8 13 49 56
10 15 51 58
12 17 53 60
14 19 55 62
0 16 21 57
2 18 23 59
4 20 25 61
6 22 27 63
1 8 24 29
3 10 26 31
5 12 28 33
7 14 30 35
9 16 32 37
7 11 19 25
9 13 21 27
11 15 23 29
13 17 25 31
15 19 27 33
17 21 29 35
19 23 31 37
21 25 33 39
23 27 35 41
25 29 37 43
27 31 39 45
29 33 41 47
31 35 43 49
33 37 45 51
35 39 47 53
37 41 49 55
39 43 51 57
41 45 53 59
43 47 55 61
45 49 57 63
1 47 51 59
3 49 53 61
5 51 55 63
1 7 53 57
3 9 55 59
5 11 57 61
7 13 59 63
1 9 15 61
3 11 17 63
1 5 13 19
3 7 15 21
5 9 17 23
1 16 39 49
3 18 41 51
5 20 43 53
7 22 45 55
9 24 47 57
11 26 49 59
13 28 51 61
15 30 53 63
1 17 32 55
3 19 34 57
5 21 36 59
7 23 38 61
9 25 40 63
1 11 27 42
3 13 29 44
5 15 31 46
7 17 33 48
9 19 35 50
11 21 37 52
13 23 39 54
15 25 41 56
17 27 43 58
19 29 45 60
21 31 47 62
0 23 33 49
2 25 35 51
4 27 37 53
6 29 39 55
8 31 41 57
10 33 43 59
12 35 45 61
14 37 47 63
24 27 51 54
26 29 53 56
28 31 55 58
30 33 57 60
32 35 59 62
0 34 37 61
2 36 39 63
1 4 38 41
3 6 40 43
5 8 42 45
7 10 44 47
9 12 46 49
11 14 48 51
13 16 50 53
15 18 52 55
17 20 54 57
19 22 56 59
21 24 58 61
23 26 60 63
1 25 28 62
0 3 27 30
2 5 29 32
4 7 31 34
6 9 33 36
8 11 35 38
10 13 37 40
12 15 39 42
14 17 41 44
16 19 43 46
18 21 45 48
20 23 47 50
22 25 49 52
16 17 22 51
18 19 24 53
20 21 26 55
22 23 28 57
24 25 30 59
26 27 32 61
28 29 34 63
1 30 31 36
3 32 33 38
5 34 35 40
7 36 37 42
9 38 39 44
11 40 41 46
13 42 43 48
15 44 45 50
17 46 47 52
19 48 49 54
21 50 51 56
23 52 53 58
25 54 55 60
27 56 57 62
0 29 58 59
2 31 60 61
4 33 62 63
0 1 6 35
2 3 8 37
4 5 10 39
6 7 12 41
8 9 14 43
10 11 16 45
12 13 18 47
14 15 20 49
10 20 22 35
12 22 24 37
14 24 26 39
16 26 28 41
18 28 30 43
20 30 32 45
22 32 34 47
24 34 36 49
26 36 38 51
28 38 40 53
30 40 42 55
32 42 44 57
34 44 46 59
36 46 48 61
38 48 50 63
1 40 50 52
3 42 52 54
5 44 54 56
7 46 56 58
9 48 58 60
11 50 60 62
0 13 52 62
0 2 15 54
2 4 17 56
4 6 19 58
6 8 21 60
8 10 23 62
0 10 12 25
2 12 14 27
4 14 16 29
6 16 18 31
8 18 20 33
5 24 41 50
7 26 43 52
9 28 45 54
11 30 47 56
13 32 49 58
15 34 51 60
17 36 53 62
0 19 38 55
2 21 40 57
4 23 42 59
6 25 44 61
8 27 46 63
1 10 29 48
3 12 31 50
5 14 33 52
7 16 35 54
9 18 37 56
11 20 39 58
13 22 41 60
15 24 43 62
0 17 26 45
2 19 28 47
4 21 30 49
6 23 32 51
8 25 34 53
10 27 36 55
12 29 38 57
14 31 40 59
16 33 42 61
18 35 44 63
1 20 37 46
3 22 39 48
14 25 57 58
16 27 59 60
18 29 61 62
0 20 31 63
1 2 22 33
3 4 24 35
5 6 26 37
7 8 28 39
9 10 30 41
11 12 32 43
13 14 34 45
15 16 36 47
17 18 38 49
19 20 40 51
21 22 42 53
23 24 44 55
25 26 46 57
27 28 48 59
29 30 50 61
31 32 52 63
1 33 34 54
3 35 36 56
5 37 38 58
7 39 40 60
9 41 42 62
0 11 43 44
2 13 45 46
4 15 47 48
6 17 49 50
8 19 51 52
10 21 53 54
12 23 55 56
0 7 24 32
2 9 26 34
4 11 28 36
6 13 30 38
8 15 32 40
10 17 34 42
12 19 36 44
14 21 38 46
16 23 40 48
18 25 42 50
20 27 44 52
22 29 46 54
24 31 48 56
26 33 50 58
28 35 52 60
30 37 54 62
0 32 39 56
2 34 41 58
4 36 43 60
6 38 45 62
0 8 40 47
2 10 42 49
4 12 44 51
6 14 46 53
8 16 48 55
10 18 50 57
12 20 52 59
14 22 54 61
16 24 56 63
1 18 26 58
3 20 28 60
5 22 30 62
