7 13 14 15 22 29 46 58
11 17 18 19 26 33 50 62
2 15 21 22 23 30 37 54
6 19 25 26 27 34 41 58
10 23 29 30 31 38 45 62
2 14 27 33 34 35 42 49
6 18 31 37 38 39 46 53
10 22 35 41 42 43 50 57
14 26 39 45 46 47 54 61
1 18 30 43 49 50 51 58
5 22 34 47 53 54 55 62
2 9 26 38 51 57 58 59
6 13 30 42 55 61 62 63
1 2 3 10 17 34 46 59
5 6 7 14 21 38 50 63
3 9 10 11 18 25 42 54
0 3 14 16 19 24 36 57
4 7 18 20 23 28 40 61
1 8 11 22 24 27 32 44
5 12 15 26 28 31 36 48
9 16 19 30 32 35 40 52
13 20 23 34 36 39 44 56
17 24 27 38 40 43 48 60
0 21 28 31 42 44 47 52
4 25 32 35 46 48 51 56
8 29 36 39 50 52 55 60
0 12 33 40 43 54 56 59
4 16 37 44 47 58 60 63
0 3 8 20 41 48 51 62
2 4 7 12 24 45 52 55
6 8 11 16 28 49 56 59
10 12 15 20 32 53 60 63
3 7 20 27 30 36 37 59
7 11 24 31 34 40 41 63
3 11 15 28 35 38 44 45
7 15 19 32 39 42 48 49
11 19 23 36 43 46 52 53
15 23 27 40 47 50 56 57
19 27 31 44 51 54 60 61
0 1 23 31 35 48 55 58
4 5 27 35 39 52 59 62
2 8 9 31 39 43 56 63
3 6 12 13 35 43 47 60
0 7 10 16 17 39 47 51
4 11 14 20 21 43 51 55
8 15 18 24 25 47 55 59
12 19 22 28 29 51 59 63
3 16 23 26 32 33 55 63
9 10 13 27 28 46 55 64
13 14 17 31 32 50 59 64
17 18 21 35 36 54 63 64
3 21 22 25 39 40 58 64
7 25 26 29 43 44 62 64
2 11 29 30 33 47 48 64
6 15 33 34 37 51 52 64
10 19 37 38 41 55 56 64
14 23 41 42 45 59 60 64
0 18 27 45 46 49 63 64
3 4 22 31 49 50 53 64
7 8 26 35 53 54 57 64
11 12 30 39 57 58 61 64
1 15 16 34 43 61 62 64
1 2 5 19 20 38 47 64
5 6 9 23 24 42 51 64
8 12 17 23 25 38 49 61
1 12 16 21 27 29 42 53
5 16 20 25 31 33 46 57
9 20 24 29 35 37 50 61
1 13 24 28 33 39 41 54
5 17 28 32 37 43 45 58
9 21 32 36 41 47 49 62
2 13 25 36 40 45 51 53
6 17 29 40 44 49 55 57
10 21 33 44 48 53 59 61
1 14 25 37 48 52 57 63
3 5 18 29 41 52 56 61
1 7 9 22 33 45 56 60
0 5 11 13 26 37 49 60
0 4 9 15 17 30 41 53
4 8 13 19 21 34 45 57
0 8 12 37 40 42 46 62
2 4 12 16 41 44 46 50
6 8 16 20 45 48 50 54
10 12 20 24 49 52 54 58
14 16 24 28 53 56 58 62
2 18 20 28 32 57 60 62
0 2 6 22 24 32 36 61
1 4 6 10 26 28 36 40
5 8 10 14 30 32 40 44
9 12 14 18 34 36 44 48
13 16 18 22 38 40 48 52
17 20 22 26 42 44 52 56
21 24 26 30 46 48 56 60
0 25 28 30 34 50 52 60
0 4 29 32 34 38 54 56
4 8 33 36 38 42 58 60
