3 19 64
0 4 20
1 5 21
2 6 22
3 7 23
4 8 24
5 9 25
6 10 26
7 11 27
8 12 28
9 13 29
10 14 30
11 15 31
12 16 32
13 17 33
14 18 34
15 19 35
16 20 36
17 21 37
18 22 38
19 23 39
20 24 40
21 25 41
22 26 42
23 27 43
24 28 44
25 29 45
26 30 46
27 31 47
28 32 48
29 33 49
30 34 50
31 35 51
32 36 52
33 37 53
34 38 54
35 39 55
36 40 56
37 41 57
38 42 58
39 43 59
40 44 60
41 45 61
42 46 62
43 47 63
44 48 64
0 45 49
1 46 50
2 47 51
3 48 52
4 49 53
5 50 54
6 51 55
7 52 56
8 53 57
9 54 58
10 55 59
11 56 60
12 57 61
13 58 62
14 59 63
15 60 64
0 16 61
1 17 62
2 18 63
9 41 57
10 42 58
11 43 59
12 44 60
13 45 61
14 46 62
15 47 63
16 48 64
0 17 49
1 18 50
2 19 51
3 20 52
4 21 53
5 22 54
6 23 55
7 24 56
8 25 57
9 26 58
10 27 59
11 28 60
12 29 61
13 30 62
14 31 63
15 32 64
0 16 33
1 17 34
2 18 35
3 19 36
4 20 37
5 21 38
6 22 39
7 23 40
8 24 41
9 25 42
10 26 43
11 27 44
12 28 45
13 29 46
14 30 47
15 31 48
16 32 49
17 33 50
18 34 51
19 35 52
20 36 53
21 37 54
22 38 55
23 39 56
24 40 57
25 41 58
26 42 59
27 43 60
28 44 61
29 45 62
30 46 63
31 47 64
0 32 48
1 33 49
2 34 50
3 35 51
4 36 52
5 37 53
6 38 54
7 39 55
8 40 56
39 40 49
40 41 50
41 42 51
42 43 52
43 44 53
44 45 54
45 46 55
46 47 56
47 48 57
48 49 58
49 50 59
50 51 60
51 52 61
52 53 62
53 54 63
54 55 64
0 55 56
1 56 57
2 57 58
3 58 59
4 59 60
5 60 61
6 61 62
7 62 63
8 63 64
0 9 64
0 1 10
1 2 11
2 3 12
3 4 13
4 5 14
5 6 15
6 7 16
7 8 17
8 9 18
9 10 19
10 11 20
11 12 21
12 13 22
13 14 23
14 15 24
15 16 25
16 17 26
17 18 27
18 19 28
19 20 29
20 21 30
21 22 31
22 23 32
23 24 33
24 25 34
25 26 35
26 27 36
27 28 37
28 29 38
29 30 39
30 31 40
31 32 41
32 33 42
33 34 43
34 35 44
35 36 45
36 37 46
37 38 47
38 39 48
28 52 58
29 53 59
30 54 60
31 55 61
32 56 62
33 57 63
34 58 64
0 35 59
1 36 60
2 37 61
3 38 62
4 39 63
5 40 64
0 6 41
1 7 42
2 8 43
3 9 44
4 10 45
5 11 46
6 12 47
7 13 48
8 14 49
9 15 50
10 16 51
11 17 52
12 18 53
13 19 54
14 20 55
15 21 56
16 22 57
17 23 58
18 24 59
19 25 60
20 26 61
21 27 62
22 28 63
23 29 64
0 24 30
1 25 31
2 26 32
3 27 33
4 28 34
5 29 35
6 30 36
7 31 37
8 32 38
9 33 39
10 34 40
11 35 41
12 36 42
13 37 43
14 38 44
15 39 45
16 40 46
17 41 47
18 42 48
19 43 49
20 44 50
21 45 51
22 46 52
23 47 53
24 48 54
25 49 55
26 50 56
27 51 57
7 29 54
8 30 55
9 31 56
10 32 57
11 33 58
12 34 59
13 35 60
14 36 61
15 37 62
16 38 63
17 39 64
0 18 40
1 19 41
2 20 42
3 21 43
4 22 44
5 23 45
6 24 46
7 25 47
8 26 48
9 27 49
10 28 50
11 29 51
12 30 52
13 31 53
14 32 54
15 33 55
16 34 56
17 35 57
18 36 58
19 37 59
20 38 60
21 39 61
22 40 62
23 41 63
24 42 64
0 25 43
1 26 44
2 27 45
3 28 46
4 29 47
5 30 48
6 31 49
7 32 50
8 33 51
9 34 52
10 35 53
11 36 54
12 37 55
13 38 56
14 39 57
15 40 58
16 41 59
17 42 60
18 43 61
19 44 62
20 45 63
21 46 64
0 22 47
1 23 48
2 24 49
3 25 50
4 26 51
5 27 52
6 28 53
2 48 60
3 49 61
4 50 62
5 51 63
6 52 64
0 7 53
1 8 54
2 9 55
3 10 56
4 11 57
5 12 58
6 13 59
7 14 60
8 15 61
9 16 62
10 17 63
11 18 64
0 12 19
1 13 20
2 14 21
3 15 22
4 16 23
5 17 24
6 18 25
7 19 26
8 20 27
9 21 28
10 22 29
11 23 30
12 24 31
13 25 32
14 26 33
15 27 34
16 28 35
17 29 36
18 30 37
19 31 38
20 32 39
21 33 40
22 34 41
23 35 42
24 36 43
25 37 44
26 38 45
27 39 46
28 40 47
29 41 48
30 42 49
31 43 50
32 44 51
33 45 52
34 46 53
35 47 54
36 48 55
37 49 56
38 50 57
39 51 58
40 52 59
41 53 60
42 54 61
43 55 62
44 56 63
45 57 64
0 46 58
1 47 59
54 57 62
55 58 63
56 59 64
0 57 60
1 58 61
2 59 62
3 60 63
4 61 64
0 5 62
1 6 63
2 7 64
0 3 8
1 4 9
2 5 10
3 6 11
4 7 12
5 8 13
6 9 14
7 10 15
8 11 16
9 12 17
10 13 18
11 14 19
12 15 20
13 16 21
14 17 22
15 18 23
16 19 24
17 20 25
18 21 26
19 22 27
20 23 28
21 24 29
22 25 30
23 26 31
24 27 32
25 28 33
26 29 34
27 30 35
28 31 36
29 32 37
30 33 38
31 34 39
32 35 40
33 36 41
34 37 42
35 38 43
36 39 44
37 40 45
38 41 46
39 42 47
40 43 48
41 44 49
42 45 50
43 46 51
44 47 52
45 48 53
46 49 54
47 50 55
48 51 56
49 52 57
50 53 58
51 54 59
52 55 60
53 56 61
38 49 64
0 39 50
1 40 51
2 41 52
3 42 53
4 43 54
5 44 55
6 45 56
7 46 57
8 47 58
9 48 59
10 49 60
11 50 61
12 51 62
13 52 63
14 53 64
0 15 54
1 16 55
2 17 56
3 18 57
4 19 58
5 20 59
6 21 60
7 22 61
8 23 62
9 24 63
10 25 64
0 11 26
1 12 27
2 13 28
3 14 29
4 15 30
5 16 31
6 17 32
7 18 33
8 19 34
9 20 35
10 21 36
11 22 37
12 23 38
13 24 39
14 25 40
15 26 41
16 27 42
17 28 43
18 29 44
19 30 45
20 31 46
21 32 47
22 33 48
23 34 49
24 35 50
25 36 51
26 37 52
27 38 53
28 39 54
29 40 55
30 41 56
31 42 57
32 43 58
33 44 59
34 45 60
35 46 61
36 47 62
37 48 63
5 28 42
6 29 43
7 30 44
8 31 45
9 32 46
10 33 47
11 34 48
12 35 49
13 36 50
14 37 51
15 38 52
16 39 53
17 40 54
18 41 55
19 42 56
20 43 57
21 44 58
22 45 59
23 46 60
24 47 61
25 48 62
26 49 63
27 50 64
0 28 51
1 29 52
2 30 53
3 31 54
4 32 55
5 33 56
6 34 57
7 35 58
8 36 59
9 37 60
10 38 61
11 39 62
12 40 63
13 41 64
0 14 42
1 15 43
2 16 44
3 17 45
4 18 46
5 19 47
6 20 48
7 21 49
8 22 50
9 23 51
10 24 52
11 25 53
12 26 54
13 27 55
14 28 56
15 29 57
16 30 58
17 31 59
18 32 60
19 33 61
20 34 62
21 35 63
22 36 64
0 23 37
1 24 38
2 25 39
3 26 40
4 27 41
27 54 56
28 55 57
29 56 58
30 57 59
31 58 60
32 59 61
33 60 62
34 61 63
35 62 64
0 36 63
1 37 64
0 2 38
1 3 39
2 4 40
3 5 41
4 6 42
5 7 43
6 8 44
7 9 45
8 10 46
9 11 47
10 12 48
11 13 49
12 14 50
13 15 51
14 16 52
15 17 53
16 18 54
17 19 55
18 20 56
19 21 57
20 22 58
21 23 59
22 24 60
23 25 61
24 26 62
25 27 63
26 28 64
0 27 29
1 28 30
2 29 31
3 30 32
4 31 33
5 32 34
6 33 35
7 34 36
8 35 37
9 36 38
10 37 39
11 38 40
12 39 41
13 40 42
14 41 43
15 42 44
16 43 45
17 44 46
18 45 47
19 46 48
20 47 49
21 48 50
22 49 51
23 50 52
24 51 53
25 52 54
26 53 55
22 35 56
23 36 57
24 37 58
25 38 59
26 39 60
27 40 61
28 41 62
29 42 63
30 43 64
0 31 44
1 32 45
2 33 46
3 34 47
4 35 48
5 36 49
6 37 50
7 38 51
8 39 52
9 40 53
10 41 54
11 42 55
12 43 56
13 44 57
14 45 58
15 46 59
16 47 60
17 48 61
18 49 62
19 50 63
20 51 64
0 21 52
1 22 53
2 23 54
3 24 55
4 25 56
5 26 57
6 27 58
7 28 59
8 29 60
9 30 61
10 31 62
11 32 63
12 33 64
0 13 34
1 14 35
2 15 36
3 16 37
4 17 38
5 18 39
6 19 40
7 20 41
8 21 42
9 22 43
10 23 44
11 24 45
12 25 46
13 26 47
14 27 48
15 28 49
16 29 50
17 30 51
18 31 52
19 32 53
20 33 54
21 34 55
