0 4 9 18 25 31 54 55 57
1 5 10 19 26 32 55 56 58
2 6 11 20 27 33 56 57 59
3 7 12 21 28 34 57 58 60
4 8 13 22 29 35 58 59 61
5 9 14 23 30 36 59 60 62
6 10 15 24 31 37 60 61 63
7 11 16 25 32 38 61 62 64
0 8 12 17 26 33 39 62 63
1 9 13 18 27 34 40 63 64
0 2 10 14 19 28 35 41 64
0 1 3 11 15 20 29 36 42
1 2 4 12 16 21 30 37 43
2 3 5 13 17 22 31 38 44
3 4 6 14 18 23 32 39 45
4 5 7 15 19 24 33 40 46
5 6 8 16 20 25 34 41 47
6 7 9 17 21 26 35 42 48
7 8 10 18 22 27 36 43 49
8 9 11 19 23 28 37 44 50
9 10 12 20 24 29 38 45 51
10 11 13 21 25 30 39 46 52
11 12 14 22 26 31 40 47 53
12 13 15 23 27 32 41 48 54
13 14 16 24 28 33 42 49 55
14 15 17 25 29 34 43 50 56
15 16 18 26 30 35 44 51 57
16 17 19 27 31 36 45 52 58
17 18 20 28 32 37 46 53 59
18 19 21 29 33 38 47 54 60
19 20 22 30 34 39 48 55 61
20 21 23 31 35 40 49 56 62
21 22 24 32 36 41 50 57 63
22 23 25 33 37 42 51 58 64
0 23 24 26 34 38 43 52 59
1 24 25 27 35 39 44 53 60
2 25 26 28 36 40 45 54 61
3 26 27 29 37 41 46 55 62
4 27 28 30 38 42 47 56 63
5 28 29 31 39 43 48 57 64
0 6 29 30 32 40 44 49 58
1 7 30 31 33 41 45 50 59
2 8 31 32 34 42 46 51 60
3 9 32 33 35 43 47 52 61
4 10 33 34 36 44 48 53 62
5 11 34 35 37 45 49 54 63
6 12 35 36 38 46 50 55 64
0 7 13 36 37 39 47 51 56
1 8 14 37 38 40 48 52 57
2 9 15 38 39 41 49 53 58
3 10 16 39 40 42 50 54 59
4 11 17 40 41 43 51 55 60
5 12 18 41 42 44 52 56 61
6 13 19 42 43 45 53 57 62
7 14 20 43 44 46 54 58 63
8 15 21 44 45 47 55 59 64
0 9 16 22 45 46 48 56 60
1 10 17 23 46 47 49 57 61
2 11 18 24 47 48 50 58 62
3 12 19 25 48 49 51 59 63
4 13 20 26 49 50 52 60 64
0 5 14 21 27 50 51 53 61
1 6 15 22 28 51 52 54 62
2 7 16 23 29 52 53 55 63
3 8 17 24 30 53 54 56 64
