6 14 28 30 58 62
7 15 29 31 59 63
8 16 30 32 60 64
0 9 17 31 33 61
1 10 18 32 34 62
2 11 19 33 35 63
3 12 20 34 36 64
0 4 13 21 35 37
1 5 14 22 36 38
2 6 15 23 37 39
3 7 16 24 38 40
4 8 17 25 39 41
5 9 18 26 40 42
6 10 19 27 41 43
7 11 20 28 42 44
8 12 21 29 43 45
9 13 22 30 44 46
10 14 23 31 45 47
11 15 24 32 46 48
12 16 25 33 47 49
13 17 26 34 48 50
14 18 27 35 49 51
15 19 28 36 50 52
16 20 29 37 51 53
17 21 30 38 52 54
18 22 31 39 53 55
19 23 32 40 54 56
20 24 33 41 55 57
21 25 34 42 56 58
22 26 35 43 57 59
23 27 36 44 58 60
24 28 37 45 59 61
25 29 38 46 60 62
26 30 39 47 61 63
27 31 40 48 62 64
0 28 32 41 49 63
1 29 33 42 50 64
0 2 30 34 43 51
1 3 31 35 44 52
2 4 32 36 45 53
3 5 33 37 46 54
4 6 34 38 47 55
5 7 35 39 48 56
6 8 36 40 49 57
7 9 37 41 50 58
8 10 38 42 51 59
9 11 39 43 52 60
10 12 40 44 53 61
11 13 41 45 54 62
12 14 42 46 55 63
13 15 43 47 56 64
0 14 16 44 48 57
1 15 17 45 49 58
2 16 18 46 50 59
3 17 19 47 51 60
4 18 20 48 52 61
5 19 21 49 53 62
6 20 22 50 54 63
7 21 23 51 55 64
0 8 22 24 52 56
1 9 23 25 53 57
2 10 24 26 54 58
3 11 25 27 55 59
4 12 26 28 56 60
5 13 27 29 57 61
32 35 50 55 61 62
33 36 51 56 62 63
34 37 52 57 63 64
0 35 38 53 58 64
0 1 36 39 54 59
1 2 37 40 55 60
2 3 38 41 56 61
3 4 39 42 57 62
4 5 40 43 58 63
5 6 41 44 59 64
0 6 7 42 45 60
1 7 8 43 46 61
2 8 9 44 47 62
3 9 10 45 48 63
4 10 11 46 49 64
0 5 11 12 47 50
1 6 12 13 48 51
2 7 13 14 49 52
3 8 14 15 50 53
4 9 15 16 51 54
5 10 16 17 52 55
6 11 17 18 53 56
7 12 18 19 54 57
8 13 19 20 55 58
9 14 20 21 56 59
10 15 21 22 57 60
11 16 22 23 58 61
12 17 23 24 59 62
13 18 24 25 60 63
14 19 25 26 61 64
0 15 20 26 27 62
1 16 21 27 28 63
2 17 22 28 29 64
0 3 18 23 29 30
1 4 19 24 30 31
2 5 20 25 31 32
3 6 21 26 32 33
4 7 22 27 33 34
5 8 23 28 34 35
6 9 24 29 35 36
7 10 25 30 36 37
8 11 26 31 37 38
9 12 27 32 38 39
10 13 28 33 39 40
11 14 29 34 40 41
12 15 30 35 41 42
13 16 31 36 42 43
14 17 32 37 43 44
15 18 33 38 44 45
16 19 34 39 45 46
17 20 35 40 46 47
18 21 36 41 47 48
19 22 37 42 48 49
20 23 38 43 49 50
21 24 39 44 50 51
22 25 40 45 51 52
23 26 41 46 52 53
24 27 42 47 53 54
25 28 43 48 54 55
26 29 44 49 55 56
27 30 45 50 56 57
28 31 46 51 57 58
29 32 47 52 58 59
30 33 48 53 59 60
31 34 49 54 60 61
4 14 40 50 59 64
3 5 7 22 30 47
4 5 23 24 26 45
7 18 34 43 59 62
7 16 26 35 36 53
14 29 38 39 48 54
6 12 16 31 59 63
2 19 27 35 42 52
10 25 28 31 50 56
8 10 18 33 35 58
18 28 37 38 47 64
15 20 24 39 49 64
20 32 35 45 48 60
3 12 28 43 52 53
15 30 36 40 55 61
0 6 10 26 50 51
0 21 31 40 41 46
6 19 21 28 46 61
2 11 36 51 57 61
0 9 19 45 55 64
7 17 32 38 49 57
2 10 12 13 21 23
1 8 26 27 54 64
12 22 37 55 58 62
4 10 19 20 29 44
14 23 32 33 42 61
6 16 25 33 52 62
0 5 15 25 29 34
1 16 20 34 41 56
39 41 42 50 58 60
6 25 30 35 44 54
17 27 36 37 46 56
13 34 38 44 53 63
9 24 28 30 34 49
11 20 21 30 33 43
5 14 24 43 51 60
8 17 23 42 48 63
3 13 22 32 41 51
2 3 48 49 58 59
1 9 11 19 47 57
13 15 19 25 38 59
