5 31 42 46
6 32 43 47
7 33 44 48
8 34 45 49
9 35 46 50
10 36 47 51
11 37 48 52
12 38 49 53
13 39 50 54
14 40 51 55
15 41 52 56
16 42 53 57
17 43 54 58
18 44 55 59
19 45 56 60
20 46 57 61
21 47 58 62
22 48 59 63
23 49 60 64
0 24 50 61
1 25 51 62
2 26 52 63
3 27 53 64
0 4 28 54
1 5 29 55
2 6 30 56
3 7 31 57
4 8 32 58
5 9 33 59
6 10 34 60
7 11 35 61
8 12 36 62
9 13 37 63
10 14 38 64
0 11 15 39
1 12 16 40
2 13 17 41
3 14 18 42
4 15 19 43
5 16 20 44
6 17 21 45
7 18 22 46
8 19 23 47
9 20 24 48
10 21 25 49
11 22 26 50
12 23 27 51
13 24 28 52
14 25 29 53
15 26 30 54
16 27 31 55
17 28 32 56
18 29 33 57
19 30 34 58
20 31 35 59
21 32 36 60
22 33 37 61
23 34 38 62
24 35 39 63
25 36 40 64
0 26 37 41
1 27 38 42
2 28 39 43
3 29 40 44
4 30 41 45
10 18 43 48
11 19 44 49
12 20 45 50
13 21 46 51
14 22 47 52
15 23 48 53
16 24 49 54
17 25 50 55
18 26 51 56
19 27 52 57
20 28 53 58
21 29 54 59
22 30 55 60
23 31 56 61
24 32 57 62
25 33 58 63
26 34 59 64
0 27 35 60
1 28 36 61
2 29 37 62
3 30 38 63
4 31 39 64
0 5 32 40
1 6 33 41
2 7 34 42
3 8 35 43
4 9 36 44
5 10 37 45
6 11 38 46
7 12 39 47
8 13 40 48
9 14 41 49
10 15 42 50
11 16 43 51
12 17 44 52
13 18 45 53
14 19 46 54
15 20 47 55
16 21 48 56
17 22 49 57
18 23 50 58
19 24 51 59
20 25 52 60
21 26 53 61
22 27 54 62
23 28 55 63
24 29 56 64
0 25 30 57
1 26 31 58
2 27 32 59
3 28 33 60
4 29 34 61
5 30 35 62
6 31 36 63
7 32 37 64
0 8 33 38
1 9 34 39
2 10 35 40
3 11 36 41
4 12 37 42
5 13 38 43
6 14 39 44
7 15 40 45
8 16 41 46
9 17 42 47
17 27 34 36
18 28 35 37
19 29 36 38
20 30 37 39
21 31 38 40
22 32 39 41
23 33 40 42
24 34 41 43
25 35 42 44
26 36 43 45
27 37 44 46
28 38 45 47
29 39 46 48
30 40 47 49
31 41 48 50
32 42 49 51
33 43 50 52
34 44 51 53
35 45 52 54
36 46 53 55
37 47 54 56
38 48 55 57
39 49 56 58
40 50 57 59
41 51 58 60
42 52 59 61
43 53 60 62
44 54 61 63
45 55 62 64
0 46 56 63
1 47 57 64
0 2 48 58
1 3 49 59
2 4 50 60
3 5 51 61
4 6 52 62
5 7 53 63
6 8 54 64
0 7 9 55
1 8 10 56
2 9 11 57
3 10 12 58
4 11 13 59
5 12 14 60
6 13 15 61
7 14 16 62
8 15 17 63
9 16 18 64
0 10 17 19
1 11 18 20
2 12 19 21
3 13 20 22
4 14 21 23
5 15 22 24
6 16 23 25
7 17 24 26
8 18 25 27
9 19 26 28
10 20 27 29
11 21 28 30
12 22 29 31
13 23 30 32
14 24 31 33
15 25 32 34
16 26 33 35
12 30 33 46
13 31 34 47
14 32 35 48
15 33 36 49
16 34 37 50
17 35 38 51
18 36 39 52
19 37 40 53
20 38 41 54
21 39 42 55
22 40 43 56
23 41 44 57
24 42 45 58
25 43 46 59
26 44 47 60
27 45 48 61
28 46 49 62
29 47 50 63
30 48 51 64
0 31 49 52
1 32 50 53
2 33 51 54
3 34 52 55
4 35 53 56
5 36 54 57
6 37 55 58
7 38 56 59
8 39 57 60
9 40 58 61
10 41 59 62
11 42 60 63
12 43 61 64
0 13 44 62
1 14 45 63
2 15 46 64
0 3 16 47
1 4 17 48
2 5 18 49
3 6 19 50
4 7 20 51
5 8 21 52
6 9 22 53
7 10 23 54
8 11 24 55
9 12 25 56
10 13 26 57
11 14 27 58
12 15 28 59
13 16 29 60
14 17 30 61
15 18 31 62
16 19 32 63
17 20 33 64
0 18 21 34
1 19 22 35
2 20 23 36
3 21 24 37
4 22 25 38
5 23 26 39
6 24 27 40
7 25 28 41
8 26 29 42
9 27 30 43
10 28 31 44
11 29 32 45
6 12 35 57
7 13 36 58
8 14 37 59
9 15 38 60
10 16 39 61
11 17 40 62
12 18 41 63
13 19 42 64
0 14 20 43
1 15 21 44
2 16 22 45
3 17 23 46
4 18 24 47
5 19 25 48
6 20 26 49
7 21 27 50
8 22 28 51
9 23 29 52
10 24 30 53
11 25 31 54
12 26 32 55
13 27 33 56
14 28 34 57
15 29 35 58
16 30 36 59
17 31 37 60
18 32 38 61
19 33 39 62
20 34 40 63
21 35 41 64
0 22 36 42
1 23 37 43
2 24 38 44
3 25 39 45
4 26 40 46
5 27 41 47
6 28 42 48
7 29 43 49
8 30 44 50
9 31 45 51
10 32 46 52
11 33 47 53
12 34 48 54
13 35 49 55
14 36 50 56
15 37 51 57
16 38 52 58
17 39 53 59
18 40 54 60
19 41 55 61
20 42 56 62
21 43 57 63
22 44 58 64
0 23 45 59
1 24 46 60
2 25 47 61
3 26 48 62
4 27 49 63
5 28 50 64
0 6 29 51
1 7 30 52
2 8 31 53
3 9 32 54
4 10 33 55
5 11 34 56
23 32 35 59
36 37 40 48
1 13 14 56
10 12 43 63
30 52 63 64
34 35 41 47
1 2 54 55
7 19 20 31
9 10 62 63
0 12 53 54
10 36 51 55
8 9 20 21
30 31 42 43
11 30 46 47
34 42 46 54
45 46 57 58
11 12 13 24
43 44 55 56
3 45 55 56
23 24 51 63
14 15 27 28
5 6 58 59
0 1 47 59
49 50 51 52
40 41 52 53
8 28 61 62
0 11 26 64
10 11 22 23
48 49 60 61
4 5 16 17
32 33 44 45
12 23 41 44
3 4 56 57
26 27 38 39
6 7 59 60
13 16 25 60
21 22 33 34
17 18 29 30
11 16 37 38
28 29 41 42
4 25 37 49
6 18 19 26
39 44 48 51
2 3 15 16
28 39 40 59
16 28 31 32
24 25 35 36
20 30 32 40
2 14 25 26
38 50 59 62
7 8 47 48
