3 8 18 32 45
4 9 19 33 46
5 10 20 34 47
6 11 21 35 48
7 12 22 36 49
8 13 23 37 50
9 14 24 38 51
10 15 25 39 52
11 16 26 40 53
12 17 27 41 54
13 18 28 42 55
14 19 29 43 56
15 20 30 44 57
16 21 31 45 58
17 22 32 46 59
18 23 33 47 60
19 24 34 48 61
20 25 35 49 62
21 26 36 50 63
22 27 37 51 64
0 23 28 38 52
1 24 29 39 53
2 25 30 40 54
3 26 31 41 55
4 27 32 42 56
5 28 33 43 57
6 29 34 44 58
7 30 35 45 59
8 31 36 46 60
9 32 37 47 61
10 33 38 48 62
11 34 39 49 63
12 35 40 50 64
0 13 36 41 51
1 14 37 42 52
2 15 38 43 53
3 16 39 44 54
4 17 40 45 55
5 18 41 46 56
6 19 42 47 57
7 20 43 48 58
8 21 44 49 59
9 22 45 50 60
10 23 46 51 61
11 24 47 52 62
12 25 48 53 63
13 26 49 54 64
0 14 27 50 55
1 15 28 51 56
2 16 29 52 57
3 17 30 53 58
4 18 31 54 59
5 19 32 55 60
6 20 33 56 61
7 21 34 57 62
8 22 35 58 63
9 23 36 59 64
0 10 24 37 60
1 11 25 38 61
2 12 26 39 62
3 13 27 40 63
4 14 28 41 64
0 5 15 29 42
1 6 16 30 43
2 7 17 31 44
18 50 52 58 61
19 51 53 59 62
20 52 54 60 63
21 53 55 61 64
0 22 54 56 62
1 23 55 57 63
2 24 56 58 64
0 3 25 57 59
1 4 26 58 60
2 5 27 59 61
3 6 28 60 62
4 7 29 61 63
5 8 30 62 64
0 6 9 31 63
1 7 10 32 64
0 2 8 11 33
1 3 9 12 34
2 4 10 13 35
3 5 11 14 36
4 6 12 15 37
5 7 13 16 38
6 8 14 17 39
7 9 15 18 40
8 10 16 19 41
9 11 17 20 42
10 12 18 21 43
11 13 19 22 44
12 14 20 23 45
13 15 21 24 46
14 16 22 25 47
15 17 23 26 48
16 18 24 27 49
17 19 25 28 50
18 20 26 29 51
19 21 27 30 52
20 22 28 31 53
21 23 29 32 54
22 24 30 33 55
23 25 31 34 56
24 26 32 35 57
25 27 33 36 58
26 28 34 37 59
27 29 35 38 60
28 30 36 39 61
29 31 37 40 62
30 32 38 41 63
31 33 39 42 64
0 32 34 40 43
1 33 35 41 44
2 34 36 42 45
3 35 37 43 46
4 36 38 44 47
5 37 39 45 48
6 38 40 46 49
7 39 41 47 50
8 40 42 48 51
9 41 43 49 52
10 42 44 50 53
11 43 45 51 54
12 44 46 52 55
13 45 47 53 56
14 46 48 54 57
15 47 49 55 58
16 48 50 56 59
17 49 51 57 60
0 4 20 21 39
1 5 21 22 40
2 6 22 23 41
3 7 23 24 42
4 8 24 25 43
5 9 25 26 44
6 10 26 27 45
7 11 27 28 46
8 12 28 29 47
9 13 29 30 48
10 14 30 31 49
11 15 31 32 50
12 16 32 33 51
13 17 33 34 52
14 18 34 35 53
15 19 35 36 54
16 20 36 37 55
17 21 37 38 56
18 22 38 39 57
19 23 39 40 58
20 24 40 41 59
21 25 41 42 60
22 26 42 43 61
23 27 43 44 62
24 28 44 45 63
25 29 45 46 64
0 26 30 46 47
1 27 31 47 48
2 28 32 48 49
3 29 33 49 50
4 30 34 50 51
5 31 35 51 52
6 32 36 52 53
7 33 37 53 54
8 34 38 54 55
9 35 39 55 56
10 36 40 56 57
11 37 41 57 58
12 38 42 58 59
13 39 43 59 60
14 40 44 60 61
15 41 45 61 62
16 42 46 62 63
17 43 47 63 64
0 18 44 48 64
0 1 19 45 49
1 2 20 46 50
2 3 21 47 51
3 4 22 48 52
4 5 23 49 53
5 6 24 50 54
6 7 25 51 55
7 8 26 52 56
8 9 27 53 57
9 10 28 54 58
10 11 29 55 59
11 12 30 56 60
12 13 31 57 61
13 14 32 58 62
14 15 33 59 63
15 16 34 60 64
0 16 17 35 61
1 17 18 36 62
2 18 19 37 63
3 19 20 38 64
16 28 40 46 52
6 13 19 20 64
9 15 16 21 57
6 11 18 54 59
11 45 52 57 64
1 3 47 54 61
0 12 50 51 58
10 43 50 55 62
3 10 14 15 22
41 46 48 53 58
4 11 16 23 62
24 31 36 43 48
25 32 39 44 51
7 17 19 31 35
9 33 40 47 62
3 37 44 49 56
8 20 42 49 61
22 29 34 36 41
0 7 14 53 60
2 12 14 19 26
4 25 38 50 57
11 22 27 39 46
5 10 17 29 63
26 31 33 38 45
2 9 48 55 60
5 9 34 46 58
23 30 35 42 54
5 12 17 24 44
28 35 36 47 59
14 21 28 33 42
13 18 25 30 37
27 34 51 56 63
8 15 20 27 32
1 8 13 52 59
