0 6 10 12 20 22 44 47 56 64
0 1 4 5 24 27 36 38 43 45
2 6 15 18 19 27 34 44 52 56
12 25 32 35 37 38 40 53 54 60
7 12 15 17 27 29 41 47 51 55
0 1 8 9 23 29 53 58 60 61
0 8 11 18 31 37 49 51 59 63
1 13 15 18 26 39 42 47 57 60
3 8 17 21 26 32 34 43 61 63
2 11 14 36 46 48 51 53 54 56
5 16 22 26 28 31 38 41 55 62
14 25 28 29 33 34 44 51 57 58
2 7 10 18 24 26 45 53 58 62
4 7 9 13 19 31 35 50 56 63
19 20 21 41 52 53 57 59 61 64
5 11 20 27 32 37 58 60 63 64
3 9 22 24 41 45 50 51 52 60
19 26 30 35 37 42 46 47 54 58
6 17 21 24 25 29 31 37 39 42
5 10 13 20 29 34 42 45 46 59
15 17 28 35 36 39 56 58 59 62
11 12 13 21 23 24 28 43 44 56
6 16 36 42 43 47 51 53 55 63
3 4 7 8 20 28 39 44 46 53
6 7 13 16 25 27 37 48 61 62
2 8 22 29 31 32 40 47 57 59
7 8 10 13 15 25 43 51 54 64
0 13 19 30 32 35 36 41 44 48
9 14 26 27 38 45 47 49 53 64
6 7 14 15 16 30 40 43 59 60
4 12 16 18 34 48 55 58 59 60
4 6 11 26 29 33 35 40 48 64
1 5 6 9 18 21 32 46 50 57
3 10 17 18 19 23 33 36 60 64
4 5 26 44 46 49 51 60 62 63
7 22 36 37 38 44 49 50 57 61
3 4 11 15 18 21 22 25 30 38
2 4 23 24 27 30 39 54 57 63
0 7 11 21 33 34 47 50 53 62
1 11 13 16 22 33 39 52 58 63
0 5 9 16 17 25 26 54 56 57
14 18 20 22 29 35 43 52 54 62
12 15 16 23 31 32 33 45 46 61
6 8 23 34 35 38 39 41 45 46
2 12 20 23 25 26 36 50 55 59
5 8 10 12 14 39 48 50 52 63
0 3 13 14 24 32 39 55 61 64
10 16 20 21 24 27 35 40 46 49
18 25 28 40 41 42 45 56 61 63
3 6 10 27 28 31 41 50 54 58
3 12 19 39 42 43 48 49 57 62
4 9 15 20 28 37 47 48 52 61
0 2 4 10 14 21 28 31 37 60
1 31 34 36 40 44 52 54 62 64
9 10 21 23 30 32 36 51 56 62
1 17 21 44 45 48 49 54 55 58
8 24 25 30 33 46 47 52 55 62
4 7 11 14 17 23 32 41 42 52
5 15 19 22 23 24 34 37 48 53
1 3 10 11 35 37 45 55 56 57
8 16 19 28 29 30 36 45 50 64
2 3 9 16 29 33 38 42 44 59
0 2 17 22 40 42 43 46 50 64
2 3 5 13 23 40 41 47 49 58
1 6 14 19 24 25 28 32 49 59
1 2 5 7 20 30 33 35 51 61
0 15 26 29 38 49 50 52 56 63
8 22 27 33 42 54 56 59 60 61
9 10 11 19 38 39 40 51 55 61
1 9 12 30 33 34 37 41 43 49
13 17 20 30 31 38 43 48 53 58
