4 6 9 27
6 8 11 29
8 10 13 31
10 12 15 33
12 14 17 35
14 16 19 37
16 18 21 39
18 20 23 41
20 22 25 43
22 24 27 45
24 26 29 47
26 28 31 49
28 30 33 51
30 32 35 53
32 34 37 55
34 36 39 57
36 38 41 59
38 40 43 61
40 42 45 63
42 44 47 65
1 44 46 49
3 46 48 51
5 48 50 53
7 50 52 55
9 52 54 57
11 54 56 59
13 56 58 61
15 58 60 63
17 60 62 65
1 19 62 64
0 3 21 64
0 2 5 23
2 4 7 25
3 5 34 62
5 7 36 64
0 7 9 38
2 9 11 40
4 11 13 42
6 13 15 44
8 15 17 46
10 17 19 48
12 19 21 50
14 21 23 52
16 23 25 54
18 25 27 56
20 27 29 58
22 29 31 60
24 31 33 62
26 33 35 64
0 28 35 37
2 30 37 39
4 32 39 41
6 34 41 43
8 36 43 45
10 38 45 47
12 40 47 49
14 42 49 51
16 44 51 53
18 46 53 55
20 48 55 57
22 50 57 59
24 52 59 61
26 54 61 63
28 56 63 65
1 30 58 65
1 3 32 60
4 8 21 22
6 10 23 24
8 12 25 26
10 14 27 28
12 16 29 30
14 18 31 32
16 20 33 34
18 22 35 36
20 24 37 38
22 26 39 40
24 28 41 42
26 30 43 44
28 32 45 46
30 34 47 48
32 36 49 50
34 38 51 52
36 40 53 54
38 42 55 56
40 44 57 58
42 46 59 60
44 48 61 62
46 50 63 64
0 48 52 65
1 2 50 54
3 4 52 56
5 6 54 58
7 8 56 60
9 10 58 62
11 12 60 64
0 13 14 62
2 15 16 64
0 4 17 18
2 6 19 20
4 20 30 45
6 22 32 47
8 24 34 49
10 26 36 51
12 28 38 53
14 30 40 55
16 32 42 57
18 34 44 59
20 36 46 61
22 38 48 63
24 40 50 65
1 26 42 52
3 28 44 54
5 30 46 56
7 32 48 58
9 34 50 60
11 36 52 62
13 38 54 64
0 15 40 56
2 17 42 58
4 19 44 60
6 21 46 62
8 23 48 64
0 10 25 50
2 12 27 52
4 14 29 54
6 16 31 56
8 18 33 58
10 20 35 60
12 22 37 62
14 24 39 64
0 16 26 41
2 18 28 43
27 33 54 65
1 29 35 56
3 31 37 58
5 33 39 60
7 35 41 62
9 37 43 64
0 11 39 45
2 13 41 47
4 15 43 49
6 17 45 51
8 19 47 53
10 21 49 55
12 23 51 57
14 25 53 59
16 27 55 61
18 29 57 63
20 31 59 65
1 22 33 61
3 24 35 63
5 26 37 65
1 7 28 39
3 9 30 41
5 11 32 43
7 13 34 45
9 15 36 47
11 17 38 49
13 19 40 51
15 21 42 53
17 23 44 55
19 25 46 57
21 27 48 59
23 29 50 61
25 31 52 63
4 28 61 64
0 6 30 63
2 8 32 65
1 4 10 34
3 6 12 36
5 8 14 38
7 10 16 40
9 12 18 42
11 14 20 44
13 16 22 46
15 18 24 48
17 20 26 50
19 22 28 52
21 24 30 54
23 26 32 56
25 28 34 58
27 30 36 60
29 32 38 62
31 34 40 64
0 33 36 42
2 35 38 44
4 37 40 46
6 39 42 48
8 41 44 50
10 43 46 52
12 45 48 54
14 47 50 56
16 49 52 58
18 51 54 60
20 53 56 62
22 55 58 64
0 24 57 60
2 26 59 62
20 21 28 40
22 23 30 42
24 25 32 44
26 27 34 46
28 29 36 48
30 31 38 50
32 33 40 52
34 35 42 54
36 37 44 56
38 39 46 58
40 41 48 60
42 43 50 62
44 45 52 64
0 46 47 54
2 48 49 56
4 50 51 58
6 52 53 60
8 54 55 62
10 56 57 64
0 12 58 59
2 14 60 61
4 16 62 63
6 18 64 65
0 1 8 20
2 3 10 22
4 5 12 24
6 7 14 26
8 9 16 28
10 11 18 30
12 13 20 32
14 15 22 34
16 17 24 36
18 19 26 38
0 32 51 61
2 34 53 63
4 36 55 65
1 6 38 57
3 8 40 59
5 10 42 61
7 12 44 63
9 14 46 65
1 11 16 48
3 13 18 50
5 15 20 52
7 17 22 54
9 19 24 56
11 21 26 58
13 23 28 60
15 25 30 62
17 27 32 64
0 19 29 34
2 21 31 36
4 23 33 38
6 25 35 40
8 27 37 42
10 29 39 44
12 31 41 46
14 33 43 48
16 35 45 50
18 37 47 52
20 39 49 54
22 41 51 56
24 43 53 58
26 45 55 60
28 47 57 62
30 49 59 64
7 19 30 59
9 21 32 61
11 23 34 63
13 25 36 65
1 15 27 38
3 17 29 40
5 19 31 42
7 21 33 44
9 23 35 46
11 25 37 48
13 27 39 50
15 29 41 52
17 31 43 54
19 33 45 56
21 35 47 58
23 37 49 60
25 39 51 62
27 41 53 64
0 29 43 55
2 31 45 57
4 33 47 59
6 35 49 61
8 37 51 63
10 39 53 65
1 12 41 55
3 14 43 57
5 16 45 59
7 18 47 61
9 20 49 63
11 22 51 65
1 13 24 53
3 15 26 55
5 17 28 57
7 11 24 46
9 13 26 48
11 15 28 50
13 17 30 52
15 19 32 54
17 21 34 56
19 23 36 58
21 25 38 60
23 27 40 62
25 29 42 64
0 27 31 44
2 29 33 46
4 31 35 48
6 33 37 50
8 35 39 52
10 37 41 54
12 39 43 56
14 41 45 58
16 43 47 60
18 45 49 62
20 47 51 64
0 22 49 53
2 24 51 55
4 26 53 57
6 28 55 59
8 30 57 61
10 32 59 63
12 34 61 65
1 14 36 63
3 16 38 65
1 5 18 40
3 7 20 42
5 9 22 44
1 9 25 45
3 11 27 47
5 13 29 49
7 15 31 51
9 17 33 53
11 19 35 55
13 21 37 57
15 23 39 59
17 25 41 61
19 27 43 63
21 29 45 65
1 23 31 47
3 25 33 49
5 27 35 51
7 29 37 53
9 31 39 55
11 33 41 57
13 35 43 59
15 37 45 61
17 39 47 63
19 41 49 65
1 21 43 51
3 23 45 53
5 25 47 55
7 27 49 57
9 29 51 59
11 31 53 61
13 33 55 63
15 35 57 65
1 17 37 59
3 19 39 61
5 21 41 63
7 23 43 65
