10 22 27 38 58 64
0 12 24 29 40 60
2 14 26 31 42 62
4 16 28 33 44 64
0 6 18 30 35 46
2 8 20 32 37 48
4 10 22 34 39 50
6 12 24 36 41 52
8 14 26 38 43 54
10 16 28 40 45 56
12 18 30 42 47 58
14 20 32 44 49 60
16 22 34 46 51 62
18 24 36 48 53 64
0 20 26 38 50 55
2 22 28 40 52 57
4 24 30 42 54 59
6 26 32 44 56 61
8 28 34 46 58 63
10 30 36 48 60 65
1 12 32 38 50 62
3 14 34 40 52 64
0 5 16 36 42 54
2 7 18 38 44 56
4 9 20 40 46 58
6 11 22 42 48 60
8 13 24 44 50 62
10 15 26 46 52 64
0 12 17 28 48 54
2 14 19 30 50 56
4 16 21 32 52 58
6 18 23 34 54 60
8 20 25 36 56 62
13 18 29 49 52 62
15 20 31 51 54 64
0 17 22 33 53 56
2 19 24 35 55 58
4 21 26 37 57 60
6 23 28 39 59 62
8 25 30 41 61 64
0 10 27 32 43 63
2 12 29 34 45 65
1 4 14 31 36 47
3 6 16 33 38 49
5 8 18 35 40 51
7 10 20 37 42 53
9 12 22 39 44 55
11 14 24 41 46 57
13 16 26 43 48 59
15 18 28 45 50 61
17 20 30 47 52 63
19 22 32 49 54 65
1 21 24 34 51 56
3 23 26 36 53 58
5 25 28 38 55 60
7 27 30 40 57 62
9 29 32 42 59 64
0 11 31 34 44 61
2 13 33 36 46 63
4 15 35 38 48 65
1 6 17 37 40 50
3 8 19 39 42 52
5 10 21 41 44 54
7 12 23 43 46 56
9 14 25 45 48 58
11 16 27 47 50 60
6 8 27 31 49 59
8 10 29 33 51 61
10 12 31 35 53 63
12 14 33 37 55 65
1 14 16 35 39 57
3 16 18 37 41 59
5 18 20 39 43 61
7 20 22 41 45 63
9 22 24 43 47 65
1 11 24 26 45 49
3 13 26 28 47 51
5 15 28 30 49 53
7 17 30 32 51 55
9 19 32 34 53 57
11 21 34 36 55 59
13 23 36 38 57 61
15 25 38 40 59 63
17 27 40 42 61 65
1 19 29 42 44 63
3 21 31 44 46 65
1 5 23 33 46 48
3 7 25 35 48 50
5 9 27 37 50 52
7 11 29 39 52 54
9 13 31 41 54 56
11 15 33 43 56 58
13 17 35 45 58 60
15 19 37 47 60 62
17 21 39 49 62 64
0 19 23 41 51 64
0 2 21 25 43 53
2 4 23 27 45 55
4 6 25 29 47 57
8 12 15 21 22 23
10 14 17 23 24 25
12 16 19 25 26 27
14 18 21 27 28 29
16 20 23 29 30 31
18 22 25 31 32 33
20 24 27 33 34 35
22 26 29 35 36 37
24 28 31 37 38 39
26 30 33 39 40 41
28 32 35 41 42 43
30 34 37 43 44 45
32 36 39 45 46 47
34 38 41 47 48 49
36 40 43 49 50 51
38 42 45 51 52 53
40 44 47 53 54 55
42 46 49 55 56 57
44 48 51 57 58 59
46 50 53 59 60 61
48 52 55 61 62 63
50 54 57 63 64 65
0 1 52 56 59 65
1 2 3 54 58 61
3 4 5 56 60 63
5 6 7 58 62 65
1 7 8 9 60 64
0 3 9 10 11 62
2 5 11 12 13 64
0 4 7 13 14 15
2 6 9 15 16 17
4 8 11 17 18 19
6 10 13 19 20 21
21 23 33 42 47 50
23 25 35 44 49 52
25 27 37 46 51 54
27 29 39 48 53 56
29 31 41 50 55 58
31 33 43 52 57 60
33 35 45 54 59 62
35 37 47 56 61 64
0 37 39 49 58 63
2 39 41 51 60 65
1 4 41 43 53 62
3 6 43 45 55 64
0 5 8 45 47 57
2 7 10 47 49 59
4 9 12 49 51 61
6 11 14 51 53 63
8 13 16 53 55 65
1 10 15 18 55 57
3 12 17 20 57 59
5 14 19 22 59 61
7 16 21 24 61 63
9 18 23 26 63 65
1 11 20 25 28 65
1 3 13 22 27 30
3 5 15 24 29 32
5 7 17 26 31 34
7 9 19 28 33 36
9 11 21 30 35 38
11 13 23 32 37 40
13 15 25 34 39 42
15 17 27 36 41 44
17 19 29 38 43 46
19 21 31 40 45 48
