3 54 61
5 56 63
7 58 65
1 9 60
3 11 62
5 13 64
0 7 15
2 9 17
4 11 19
6 13 21
8 15 23
10 17 25
12 19 27
14 21 29
16 23 31
18 25 33
20 27 35
22 29 37
24 31 39
26 33 41
28 35 43
30 37 45
32 39 47
34 41 49
36 43 51
38 45 53
40 47 55
42 49 57
44 51 59
46 53 61
48 55 63
50 57 65
1 52 59
6 24 47
8 26 49
10 28 51
12 30 53
14 32 55
16 34 57
18 36 59
20 38 61
22 40 63
24 42 65
1 26 44
3 28 46
5 30 48
7 32 50
9 34 52
11 36 54
13 38 56
15 40 58
17 42 60
19 44 62
21 46 64
0 23 48
2 25 50
4 27 52
6 29 54
8 31 56
10 33 58
12 35 60
14 37 62
16 39 64
0 18 41
2 20 43
4 22 45
34 51 61
36 53 63
38 55 65
1 40 57
3 42 59
5 44 61
7 46 63
9 48 65
1 11 50
3 13 52
5 15 54
7 17 56
9 19 58
11 21 60
13 23 62
15 25 64
0 17 27
2 19 29
4 21 31
6 23 33
8 25 35
10 27 37
12 29 39
14 31 41
16 33 43
18 35 45
20 37 47
22 39 49
24 41 51
26 43 53
28 45 55
30 47 57
32 49 59
35 46 50
37 48 52
39 50 54
41 52 56
43 54 58
45 56 60
47 58 62
49 60 64
0 51 62
2 53 64
0 4 55
2 6 57
4 8 59
6 10 61
8 12 63
10 14 65
1 12 16
3 14 18
5 16 20
7 18 22
9 20 24
11 22 26
13 24 28
15 26 30
17 28 32
19 30 34
21 32 36
23 34 38
25 36 40
27 38 42
29 40 44
31 42 46
33 44 48
8 41 42
10 43 44
12 45 46
14 47 48
16 49 50
18 51 52
20 53 54
22 55 56
24 57 58
26 59 60
28 61 62
30 63 64
0 32 65
1 2 34
3 4 36
5 6 38
7 8 40
9 10 42
11 12 44
13 14 46
15 16 48
17 18 50
19 20 52
21 22 54
23 24 56
25 26 58
27 28 60
29 30 62
31 32 64
0 33 34
2 35 36
4 37 38
6 39 40
23 46 65
1 25 48
3 27 50
5 29 52
7 31 54
9 33 56
11 35 58
13 37 60
15 39 62
17 41 64
0 19 43
2 21 45
4 23 47
6 25 49
8 27 51
10 29 53
12 31 55
14 33 57
16 35 59
18 37 61
20 39 63
22 41 65
1 24 43
3 26 45
5 28 47
7 30 49
9 32 51
11 34 53
13 36 55
15 38 57
17 40 59
19 42 61
21 44 63
22 24 34
24 26 36
26 28 38
28 30 40
30 32 42
32 34 44
34 36 46
36 38 48
38 40 50
40 42 52
42 44 54
44 46 56
46 48 58
48 50 60
50 52 62
52 54 64
0 54 56
2 56 58
4 58 60
6 60 62
8 62 64
0 10 64
0 2 12
2 4 14
4 6 16
6 8 18
8 10 20
10 12 22
12 14 24
14 16 26
16 18 28
18 20 30
20 22 32
8 16 44
10 18 46
12 20 48
14 22 50
16 24 52
18 26 54
20 28 56
22 30 58
24 32 60
26 34 62
28 36 64
0 30 38
2 32 40
4 34 42
6 36 44
8 38 46
10 40 48
12 42 50
14 44 52
16 46 54
18 48 56
20 50 58
22 52 60
24 54 62
26 56 64
0 28 58
2 30 60
4 32 62
6 34 64
0 8 36
2 10 38
4 12 40
6 14 42
4 18 29
6 20 31
8 22 33
10 24 35
12 26 37
14 28 39
16 30 41
18 32 43
20 34 45
22 36 47
24 38 49
26 40 51
28 42 53
30 44 55
32 46 57
34 48 59
36 50 61
38 52 63
40 54 65
1 42 56
3 44 58
5 46 60
7 48 62
9 50 64
0 11 52
2 13 54
4 15 56
6 17 58
8 19 60
10 21 62
12 23 64
0 14 25
2 16 27
16 51 65
1 18 53
3 20 55
5 22 57
7 24 59
9 26 61
11 28 63
13 30 65
1 15 32
3 17 34
5 19 36
7 21 38
9 23 40
11 25 42
13 27 44
15 29 46
17 31 48
19 33 50
21 35 52
23 37 54
25 39 56
27 41 58
29 43 60
31 45 62
33 47 64
0 35 49
2 37 51
4 39 53
6 41 55
8 43 57
10 45 59
12 47 61
14 49 63
17 29 48
19 31 50
21 33 52
23 35 54
25 37 56
27 39 58
29 41 60
31 43 62
33 45 64
0 35 47
2 37 49
4 39 51
6 41 53
8 43 55
10 45 57
12 47 59
14 49 61
16 51 63
18 53 65
1 20 55
3 22 57
5 24 59
7 26 61
9 28 63
11 30 65
1 13 32
3 15 34
5 17 36
7 19 38
9 21 40
11 23 42
13 25 44
15 27 46
22 46 59
24 48 61
26 50 63
28 52 65
1 30 54
3 32 56
5 34 58
7 36 60
9 38 62
11 40 64
0 13 42
2 15 44
4 17 46
6 19 48
8 21 50
10 23 52
12 25 54
14 27 56
16 29 58
18 31 60
20 33 62
22 35 64
0 24 37
2 26 39
4 28 41
6 30 43
8 32 45
10 34 47
12 36 49
14 38 51
16 40 53
18 42 55
20 44 57
19 39 41
21 41 43
23 43 45
25 45 47
27 47 49
29 49 51
31 51 53
33 53 55
35 55 57
37 57 59
39 59 61
41 61 63
43 63 65
1 45 65
1 3 47
3 5 49
5 7 51
7 9 53
9 11 55
11 13 57
13 15 59
15 17 61
17 19 63
19 21 65
1 21 23
3 23 25
5 25 27
7 27 29
9 29 31
11 31 33
13 33 35
15 35 37
17 37 39
9 16 36
11 18 38
13 20 40
15 22 42
17 24 44
19 26 46
21 28 48
23 30 50
25 32 52
27 34 54
29 36 56
31 38 58
33 40 60
35 42 62
37 44 64
0 39 46
2 41 48
4 43 50
6 45 52
8 47 54
10 49 56
12 51 58
14 53 60
16 55 62
18 57 64
0 20 59
2 22 61
4 24 63
6 26 65
1 8 28
3 10 30
5 12 32
7 14 34
29 64 65
0 1 31
2 3 33
4 5 35
6 7 37
8 9 39
10 11 41
12 13 43
14 15 45
16 17 47
18 19 49
20 21 51
22 23 53
24 25 55
26 27 57
28 29 59
30 31 61
32 33 63
34 35 65
1 36 37
3 38 39
5 40 41
7 42 43
9 44 45
11 46 47
13 48 49
15 50 51
17 52 53
19 54 55
21 56 57
23 58 59
25 60 61
27 62 63
1 7 33
3 9 35
5 11 37
7 13 39
9 15 41
11 17 43
13 19 45
15 21 47
17 23 49
19 25 51
21 27 53
23 29 55
25 31 57
27 33 59
29 35 61
31 37 63
33 39 65
1 35 41
3 37 43
5 39 45
7 41 47
9 43 49
11 45 51
13 47 53
15 49 55
17 51 57
19 53 59
21 55 61
23 57 63
25 59 65
1 27 61
3 29 63
5 31 65
33 46 49
35 48 51
37 50 53
39 52 55
41 54 57
43 56 59
45 58 61
47 60 63
49 62 65
1 51 64
0 3 53
2 5 55
4 7 57
6 9 59
8 11 61
10 13 63
12 15 65
1 14 17
3 16 19
5 18 21
7 20 23
9 22 25
11 24 27
13 26 29
15 28 31
17 30 33
19 32 35
21 34 37
23 36 39
25 38 41
27 40 43
29 42 45
31 44 47
56 61 65
1 58 63
3 60 65
1 5 62
3 7 64
0 5 9
2 7 11
4 9 13
6 11 15
8 13 17
10 15 19
12 17 21
14 19 23
16 21 25
18 23 27
20 25 29
22 27 31
24 29 33
26 31 35
28 33 37
30 35 39
32 37 41
34 39 43
36 41 45
38 43 47
40 45 49
42 47 51
44 49 53
46 51 55
48 53 57
50 55 59
52 57 61
54 59 63
4 10 26
6 12 28
8 14 30
10 16 32
12 18 34
14 20 36
16 22 38
18 24 40
20 26 42
22 28 44
24 30 46
26 32 48
28 34 50
30 36 52
32 38 54
34 40 56
36 42 58
38 44 60
40 46 62
42 48 64
0 44 50
2 46 52
4 48 54
6 50 56
8 52 58
10 54 60
12 56 62
14 58 64
0 16 60
2 18 62
4 20 64
0 6 22
2 8 24
1 4 49
3 6 51
5 8 53
7 10 55
9 12 57
11 14 59
13 16 61
15 18 63
17 20 65
1 19 22
3 21 24
5 23 26
7 25 28
9 27 30
11 29 32
13 31 34
15 33 36
17 35 38
19 37 40
21 39 42
23 41 44
25 43 46
27 45 48
29 47 50
31 49 52
33 51 54
35 53 56
37 55 58
39 57 60
41 59 62
43 61 64
0 45 63
2 47 65
2 23 28
4 25 30
6 27 32
8 29 34
10 31 36
12 33 38
14 35 40
16 37 42
18 39 44
20 41 46
22 43 48
24 45 50
26 47 52
28 49 54
30 51 56
32 53 58
34 55 60
36 57 62
38 59 64
0 40 61
2 42 63
4 44 65
1 6 46
3 8 48
5 10 50
7 12 52
9 14 54
11 16 56
13 18 58
15 20 60
17 22 62
19 24 64
0 21 26
8 37 65
1 10 39
3 12 41
5 14 43
7 16 45
9 18 47
11 20 49
13 22 51
15 24 53
17 26 55
19 28 57
21 30 59
23 32 61
25 34 63
27 36 65
1 29 38
3 31 40
5 33 42
7 35 44
9 37 46
11 39 48
13 41 50
15 43 52
17 45 54
19 47 56
21 49 58
23 51 60
25 53 62
27 55 64
0 29 57
2 31 59
4 33 61
6 35 63
