0 16 22 24 31 37 52 62 65
1 2 7 19 21 33 39 56 62
3 5 18 29 36 38 54 59 62
0 6 14 18 27 31 33 43 57
8 23 26 32 40 48 51 57 61
10 16 17 24 27 32 37 59 60
11 16 20 21 22 23 43 54 58
7 9 11 12 27 29 45 50 65
13 21 37 42 46 53 61 64 65
5 13 15 16 25 45 56 57 63
2 14 15 22 28 44 48 55 59
3 17 20 25 31 32 41 42 58
1 17 24 29 30 43 48 53 63
0 12 17 26 28 35 39 46 54
3 4 21 30 34 35 45 51 55
6 20 41 44 49 51 53 60 62
6 7 8 20 35 38 52 63 64
10 19 20 47 50 53 54 55 57
2 12 15 18 20 24 34 40 61
7 22 24 30 36 40 41 46 57
0 1 5 8 11 33 37 41 55
4 5 10 15 20 26 29 33 64
0 9 13 15 19 30 51 58 60
8 10 18 25 28 30 39 49 65
4 23 24 33 39 42 44 47 50
11 17 34 36 40 45 47 56 64
1 15 21 31 32 36 49 50 52
3 6 16 19 26 28 37 40 50
28 29 34 37 39 47 51 57 58
4 5 19 27 31 46 48 49 55
2 11 25 29 42 46 52 57 60
10 17 19 41 43 44 45 52 61
7 13 23 28 31 33 45 53 59
7 9 15 25 34 37 44 48 54
1 13 18 26 27 35 44 47 58
0 26 34 42 43 49 53 56 59
0 2 3 23 32 35 44 57 65
1 4 6 22 34 54 61 63 65
8 16 23 25 27 34 35 36 53
5 12 19 22 31 32 34 38 42
22 25 27 35 43 50 51 62 64
18 33 35 41 48 50 56 60 65
9 10 16 19 33 35 36 42 63
0 6 20 21 25 38 45 47 48
6 8 15 42 45 46 55 58 62
9 24 31 39 55 56 60 61 64
2 15 27 37 38 39 41 53 63
5 21 23 27 30 41 52 54 56
2 8 10 13 14 24 31 51 54
1 14 16 20 39 45 46 51 59
13 29 35 37 40 43 49 54 55
1 12 16 36 44 48 57 58 64
12 14 20 23 30 37 55 56 62
3 11 27 28 49 58 61 62 63
3 9 17 18 21 22 26 53 55
5 14 39 40 48 52 53 58 65
0 1 10 23 28 38 46 60 64
2 16 17 30 33 38 47 49 61
19 24 25 26 36 38 44 55 65
6 15 17 19 23 29 51 59 65
2 4 18 26 36 37 45 52 60
8 21 22 29 31 40 44 60 63
3 5 7 18 24 42 47 48 51
3 6 10 11 13 22 30 39 48
3 13 33 34 38 43 46 50 52
11 14 15 21 24 28 35 38 57
22 24 32 33 45 49 54 58 64
3 8 12 15 43 47 56 60 65
0 14 22 29 36 50 51 56 61
2 5 6 9 24 28 36 43 58
1 9 20 27 28 40 42 56 65
4 7 16 18 28 29 32 41 55
5 7 14 17 23 34 49 50 60
12 25 28 33 40 51 52 55 63
4 6 11 12 32 44 46 53 56
7 10 11 26 31 38 51 56 58
14 26 30 32 42 45 54 60 63
2 8 11 18 19 30 50 59 64
9 12 22 41 47 49 52 57 59
0 7 13 20 32 36 39 43 61
4 8 9 13 17 38 40 57 62
1 3 4 14 19 25 41 43 64
0 4 10 21 40 50 58 59 63
9 14 18 23 32 46 47 62 63
5 25 30 31 35 44 47 59 61
10 12 13 21 26 34 41 48 62
