4 5 11 20 22 30 34 49
6 7 13 22 24 32 36 51
8 9 15 24 26 34 38 53
10 11 17 26 28 36 40 55
12 13 19 28 30 38 42 57
14 15 21 30 32 40 44 59
16 17 23 32 34 42 46 61
18 19 25 34 36 44 48 63
20 21 27 36 38 46 50 65
1 22 23 29 38 40 48 52
3 24 25 31 40 42 50 54
5 26 27 33 42 44 52 56
7 28 29 35 44 46 54 58
9 30 31 37 46 48 56 60
11 32 33 39 48 50 58 62
13 34 35 41 50 52 60 64
0 15 36 37 43 52 54 62
2 17 38 39 45 54 56 64
0 4 19 40 41 47 56 58
2 6 21 42 43 49 58 60
4 8 23 44 45 51 60 62
6 10 25 46 47 53 62 64
0 8 12 27 48 49 55 64
0 2 10 14 29 50 51 57
2 4 12 16 31 52 53 59
4 6 14 18 33 54 55 61
6 8 16 20 35 56 57 63
8 10 18 22 37 58 59 65
1 10 12 20 24 39 60 61
3 12 14 22 26 41 62 63
5 14 16 24 28 43 64 65
0 1 7 16 18 26 30 45
2 3 9 18 20 28 32 47
5 8 19 29 31 35 36 39
7 10 21 31 33 37 38 41
9 12 23 33 35 39 40 43
11 14 25 35 37 41 42 45
13 16 27 37 39 43 44 47
15 18 29 39 41 45 46 49
17 20 31 41 43 47 48 51
19 22 33 43 45 49 50 53
21 24 35 45 47 51 52 55
23 26 37 47 49 53 54 57
25 28 39 49 51 55 56 59
27 30 41 51 53 57 58 61
29 32 43 53 55 59 60 63
31 34 45 55 57 61 62 65
1 33 36 47 57 59 63 64
0 3 35 38 49 59 61 65
1 2 5 37 40 51 61 63
3 4 7 39 42 53 63 65
1 5 6 9 41 44 55 65
1 3 7 8 11 43 46 57
3 5 9 10 13 45 48 59
5 7 11 12 15 47 50 61
7 9 13 14 17 49 52 63
9 11 15 16 19 51 54 65
1 11 13 17 18 21 53 56
3 13 15 19 20 23 55 58
5 15 17 21 22 25 57 60
7 17 19 23 24 27 59 62
9 19 21 25 26 29 61 64
0 11 21 23 27 28 31 63
2 13 23 25 29 30 33 65
1 4 15 25 27 31 32 35
3 6 17 27 29 33 34 37
6 18 22 28 31 39 52 57
8 20 24 30 33 41 54 59
10 22 26 32 35 43 56 61
12 24 28 34 37 45 58 63
14 26 30 36 39 47 60 65
1 16 28 32 38 41 49 62
3 18 30 34 40 43 51 64
0 5 20 32 36 42 45 53
2 7 22 34 38 44 47 55
4 9 24 36 40 46 49 57
6 11 26 38 42 48 51 59
8 13 28 40 44 50 53 61
10 15 30 42 46 52 55 63
12 17 32 44 48 54 57 65
1 14 19 34 46 50 56 59
3 16 21 36 48 52 58 61
5 18 23 38 50 54 60 63
7 20 25 40 52 56 62 65
1 9 22 27 42 54 58 64
0 3 11 24 29 44 56 60
2 5 13 26 31 46 58 62
4 7 15 28 33 48 60 64
0 6 9 17 30 35 50 62
2 8 11 19 32 37 52 64
0 4 10 13 21 34 39 54
2 6 12 15 23 36 41 56
4 8 14 17 25 38 43 58
6 10 16 19 27 40 45 60
8 12 18 21 29 42 47 62
10 14 20 23 31 44 49 64
0 12 16 22 25 33 46 51
2 14 18 24 27 35 48 53
4 16 20 26 29 37 50 55
