8 17 40 44 45 54 59
10 19 42 46 47 56 61
12 21 44 48 49 58 63
14 23 46 50 51 60 65
1 16 25 48 52 53 62
3 18 27 50 54 55 64
0 5 20 29 52 56 57
2 7 22 31 54 58 59
4 9 24 33 56 60 61
6 11 26 35 58 62 63
8 13 28 37 60 64 65
0 1 10 15 30 39 62
2 3 12 17 32 41 64
0 4 5 14 19 34 43
2 6 7 16 21 36 45
4 8 9 18 23 38 47
6 10 11 20 25 40 49
8 12 13 22 27 42 51
10 14 15 24 29 44 53
12 16 17 26 31 46 55
14 18 19 28 33 48 57
16 20 21 30 35 50 59
18 22 23 32 37 52 61
20 24 25 34 39 54 63
22 26 27 36 41 56 65
1 24 28 29 38 43 58
3 26 30 31 40 45 60
5 28 32 33 42 47 62
7 30 34 35 44 49 64
0 9 32 36 37 46 51
2 11 34 38 39 48 53
4 13 36 40 41 50 55
6 15 38 42 43 52 57
4 5 16 39 47 54 65
1 6 7 18 41 49 56
3 8 9 20 43 51 58
5 10 11 22 45 53 60
7 12 13 24 47 55 62
9 14 15 26 49 57 64
0 11 16 17 28 51 59
2 13 18 19 30 53 61
4 15 20 21 32 55 63
6 17 22 23 34 57 65
1 8 19 24 25 36 59
3 10 21 26 27 38 61
5 12 23 28 29 40 63
7 14 25 30 31 42 65
1 9 16 27 32 33 44
3 11 18 29 34 35 46
5 13 20 31 36 37 48
7 15 22 33 38 39 50
9 17 24 35 40 41 52
11 19 26 37 42 43 54
13 21 28 39 44 45 56
15 23 30 41 46 47 58
17 25 32 43 48 49 60
19 27 34 45 50 51 62
21 29 36 47 52 53 64
0 23 31 38 49 54 55
2 25 33 40 51 56 57
4 27 35 42 53 58 59
6 29 37 44 55 60 61
8 31 39 46 57 62 63
10 33 41 48 59 64 65
0 1 12 35 43 50 61
2 3 14 37 45 52 63
3 20 22 28 41 44 62
5 22 24 30 43 46 64
0 7 24 26 32 45 48
2 9 26 28 34 47 50
4 11 28 30 36 49 52
6 13 30 32 38 51 54
8 15 32 34 40 53 56
10 17 34 36 42 55 58
12 19 36 38 44 57 60
14 21 38 40 46 59 62
16 23 40 42 48 61 64
0 18 25 42 44 50 63
2 20 27 44 46 52 65
1 4 22 29 46 48 54
3 6 24 31 48 50 56
5 8 26 33 50 52 58
7 10 28 35 52 54 60
9 12 30 37 54 56 62
11 14 32 39 56 58 64
0 13 16 34 41 58 60
2 15 18 36 43 60 62
4 17 20 38 45 62 64
0 6 19 22 40 47 64
0 2 8 21 24 42 49
2 4 10 23 26 44 51
4 6 12 25 28 46 53
6 8 14 27 30 48 55
8 10 16 29 32 50 57
10 12 18 31 34 52 59
12 14 20 33 36 54 61
14 16 22 35 38 56 63
16 18 24 37 40 58 65
1 18 20 26 39 42 60
25 30 45 47 57 58 61
27 32 47 49 59 60 63
29 34 49 51 61 62 65
1 31 36 51 53 63 64
0 3 33 38 53 55 65
1 2 5 35 40 55 57
3 4 7 37 42 57 59
5 6 9 39 44 59 61
7 8 11 41 46 61 63
9 10 13 43 48 63 65
1 11 12 15 45 50 65
1 3 13 14 17 47 52
3 5 15 16 19 49 54
5 7 17 18 21 51 56
7 9 19 20 23 53 58
9 11 21 22 25 55 60
11 13 23 24 27 57 62
13 15 25 26 29 59 64
0 15 17 27 28 31 61
2 17 19 29 30 33 63
4 19 21 31 32 35 65
1 6 21 23 33 34 37
3 8 23 25 35 36 39
5 10 25 27 37 38 41
7 12 27 29 39 40 43
9 14 29 31 41 42 45
11 16 31 33 43 44 47
13 18 33 35 45 46 49
15 20 35 37 47 48 51
17 22 37 39 49 50 53
19 24 39 41 51 52 55
21 26 41 43 53 54 57
23 28 43 45 55 56 59
