5 7 15 27 43 45 47 49 56 64
1 10 11 14 40 45 49 51 52 55
4 6 13 25 28 39 43 57 61 64
1 2 7 20 21 28 41 46 52 62
1 7 16 17 22 29 31 37 54 57
7 12 18 29 32 35 36 46 50 65
6 7 11 19 23 41 48 59 60 61
12 24 30 38 40 47 49 53 57 61
4 15 16 18 23 45 46 52 53 65
5 13 17 19 20 29 34 51 53 60
3 6 9 28 36 44 50 51 53 63
0 1 4 21 37 47 48 54 63 64
1 8 12 33 43 45 59 60 62 63
4 9 12 13 19 21 26 32 44 52
15 26 28 33 34 36 52 54 57 59
3 10 12 17 21 25 27 45 54 56
3 9 15 17 32 42 47 51 57 62
2 11 14 19 36 44 45 47 57 58
1 13 14 22 23 26 27 35 36 38
3 4 8 19 28 31 35 40 61 65
1 5 6 8 16 18 22 30 51 54
0 9 18 27 30 33 39 48 49 51
3 10 18 24 25 28 47 48 52 60
0 7 24 26 37 44 51 55 57 65
0 9 13 16 28 30 35 45 55 59
7 9 11 16 21 25 29 33 40 62
3 10 16 23 26 29 39 43 44 64
2 10 17 32 33 38 54 55 59 61
20 22 25 37 40 44 46 50 59 61
4 12 22 34 39 46 47 55 58 60
5 21 23 25 34 35 36 55 57 63
6 18 31 34 38 44 45 54 61 62
1 20 32 39 45 48 50 53 56 57
2 3 5 11 18 20 26 30 61 65
16 21 23 24 32 42 43 51 58 61
6 7 8 14 21 39 42 53 59 65
0 6 14 17 30 34 35 43 50 52
2 8 9 29 37 52 56 58 61 63
2 10 19 22 25 43 49 50 62 65
0 2 7 12 28 34 38 42 51 64
0 1 17 18 19 24 36 39 61 62
0 6 10 15 20 36 40 58 60 64
12 14 27 36 37 43 48 53 55 61
4 5 8 15 21 24 29 38 48 50
2 8 16 24 27 32 34 40 41 48
6 11 12 22 24 28 29 37 45 49
6 11 19 26 42 46 50 54 55 56
3 7 13 18 24 38 40 56 58 59
4 16 25 31 36 41 47 51 56 59
0 8 11 25 26 31 38 43 46 53
12 15 16 19 20 33 37 38 39 41
1 3 9 16 34 37 38 49 60 65
9 10 19 21 22 30 31 36 41 64
17 23 27 28 31 33 47 50 58 65
2 5 9 12 15 23 31 39 40 54
18 21 31 32 40 49 53 55 60 64
4 7 10 14 19 27 30 46 57 63
5 26 35 46 48 49 51 58 59 62
0 5 14 18 23 25 28 32 37 56
17 18 22 26 40 41 42 43 45 63
5 10 34 35 37 41 42 44 47 53
13 14 41 49 53 54 58 62 63 65
11 15 27 32 35 38 39 52 63 64
3 5 13 22 31 33 42 46 48 52
2 8 10 11 13 18 41 50 57 60
2 4 6 22 32 33 35 53 56 62
1 15 25 27 29 30 42 44 58 60
14 16 20 24 31 33 44 50 63 64
7 13 23 26 30 32 37 47 60 62
11 17 30 34 44 46 48 56 64 65
4 8 11 17 20 23 36 42 44 49
6 8 20 27 29 47 55 59 62 64
9 14 20 24 35 43 46 54 56 60
0 3 13 14 15 22 29 41 55 61
