19 24 34 54 57
21 26 36 56 59
23 28 38 58 61
25 30 40 60 63
27 32 42 62 65
1 29 34 44 64
0 3 31 36 46
2 5 33 38 48
4 7 35 40 50
6 9 37 42 52
8 11 39 44 54
10 13 41 46 56
12 15 43 48 58
14 17 45 50 60
16 19 47 52 62
18 21 49 54 64
0 20 23 51 56
2 22 25 53 58
4 24 27 55 60
6 26 29 57 62
8 28 31 59 64
0 10 30 33 61
2 12 32 35 63
4 14 34 37 65
1 6 16 36 39
3 8 18 38 41
5 10 20 40 43
7 12 22 42 45
9 14 24 44 47
11 16 26 46 49
13 18 28 48 51
15 20 30 50 53
17 22 32 52 55
6 21 24 43 53
8 23 26 45 55
10 25 28 47 57
12 27 30 49 59
14 29 32 51 61
16 31 34 53 63
18 33 36 55 65
1 20 35 38 57
3 22 37 40 59
5 24 39 42 61
7 26 41 44 63
9 28 43 46 65
1 11 30 45 48
3 13 32 47 50
5 15 34 49 52
7 17 36 51 54
9 19 38 53 56
11 21 40 55 58
13 23 42 57 60
15 25 44 59 62
17 27 46 61 64
0 19 29 48 63
2 21 31 50 65
1 4 23 33 52
3 6 25 35 54
5 8 27 37 56
7 10 29 39 58
9 12 31 41 60
11 14 33 43 62
13 16 35 45 64
0 15 18 37 47
2 17 20 39 49
4 19 22 41 51
31 38 42 54 55
33 40 44 56 57
35 42 46 58 59
37 44 48 60 61
39 46 50 62 63
41 48 52 64 65
0 1 43 50 54
2 3 45 52 56
4 5 47 54 58
6 7 49 56 60
8 9 51 58 62
10 11 53 60 64
0 12 13 55 62
2 14 15 57 64
0 4 16 17 59
2 6 18 19 61
4 8 20 21 63
6 10 22 23 65
1 8 12 24 25
3 10 14 26 27
5 12 16 28 29
7 14 18 30 31
9 16 20 32 33
11 18 22 34 35
13 20 24 36 37
15 22 26 38 39
17 24 28 40 41
19 26 30 42 43
21 28 32 44 45
23 30 34 46 47
25 32 36 48 49
27 34 38 50 51
29 36 40 52 53
9 11 25 31 56
11 13 27 33 58
13 15 29 35 60
15 17 31 37 62
17 19 33 39 64
0 19 21 35 41
2 21 23 37 43
4 23 25 39 45
6 25 27 41 47
8 27 29 43 49
10 29 31 45 51
12 31 33 47 53
14 33 35 49 55
16 35 37 51 57
18 37 39 53 59
20 39 41 55 61
22 41 43 57 63
24 43 45 59 65
1 26 45 47 61
3 28 47 49 63
5 30 49 51 65
1 7 32 51 53
3 9 34 53 55
5 11 36 55 57
7 13 38 57 59
9 15 40 59 61
11 17 42 61 63
13 19 44 63 65
1 15 21 46 65
1 3 17 23 48
3 5 19 25 50
5 7 21 27 52
7 9 23 29 54
2 7 24 48 62
4 9 26 50 64
0 6 11 28 52
2 8 13 30 54
4 10 15 32 56
6 12 17 34 58
8 14 19 36 60
10 16 21 38 62
12 18 23 40 64
0 14 20 25 42
2 16 22 27 44
4 18 24 29 46
6 20 26 31 48
8 22 28 33 50
10 24 30 35 52
12 26 32 37 54
14 28 34 39 56
16 30 36 41 58
18 32 38 43 60
20 34 40 45 62
22 36 42 47 64
0 24 38 44 49
2 26 40 46 51
4 28 42 48 53
6 30 44 50 55
8 32 46 52 57
10 34 48 54 59
12 36 50 56 61
14 38 52 58 63
16 40 54 60 65
1 18 42 56 62
3 20 44 58 64
0 5 22 46 60
3 21 29 33 42
5 23 31 35 44
7 25 33 37 46
9 27 35 39 48
11 29 37 41 50
13 31 39 43 52
15 33 41 45 54
17 35 43 47 56
19 37 45 49 58
21 39 47 51 60
23 41 49 53 62
25 43 51 55 64
0 27 45 53 57
2 29 47 55 59
4 31 49 57 61
6 33 51 59 63
8 35 53 61 65
1 10 37 55 63
3 12 39 57 65
1 5 14 41 59
3 7 16 43 61
5 9 18 45 63
7 11 20 47 65
1 9 13 22 49
3 11 15 24 51
5 13 17 26 53
7 15 19 28 55
9 17 21 30 57
11 19 23 32 59
13 21 25 34 61
15 23 27 36 63
17 25 29 38 65
1 19 27 31 40
0 30 32 39 40
2 32 34 41 42
4 34 36 43 44
6 36 38 45 46
8 38 40 47 48
10 40 42 49 50
12 42 44 51 52
14 44 46 53 54
16 46 48 55 56
18 48 50 57 58
20 50 52 59 60
22 52 54 61 62
24 54 56 63 64
0 26 56 58 65
1 2 28 58 60
3 4 30 60 62
5 6 32 62 64
0 7 8 34 64
0 2 9 10 36
2 4 11 12 38
4 6 13 14 40
6 8 15 16 42
8 10 17 18 44
10 12 19 20 46
12 14 21 22 48
14 16 23 24 50
16 18 25 26 52
18 20 27 28 54
20 22 29 30 56
22 24 31 32 58
24 26 33 34 60
26 28 35 36 62
28 30 37 38 64
