4 8 29 31 38 49 59
5 9 30 32 39 50 60
6 10 31 33 40 51 61
7 11 32 34 41 52 62
8 12 33 35 42 53 63
9 13 34 36 43 54 64
10 14 35 37 44 55 65
11 15 36 38 45 56 66
0 12 16 37 39 46 57
1 13 17 38 40 47 58
2 14 18 39 41 48 59
3 15 19 40 42 49 60
4 16 20 41 43 50 61
5 17 21 42 44 51 62
6 18 22 43 45 52 63
7 19 23 44 46 53 64
8 20 24 45 47 54 65
9 21 25 46 48 55 66
0 10 22 26 47 49 56
1 11 23 27 48 50 57
2 12 24 28 49 51 58
3 13 25 29 50 52 59
4 14 26 30 51 53 60
5 15 27 31 52 54 61
6 16 28 32 53 55 62
7 17 29 33 54 56 63
8 18 30 34 55 57 64
9 19 31 35 56 58 65
10 20 32 36 57 59 66
0 11 21 33 37 58 60
1 12 22 34 38 59 61
2 13 23 35 39 60 62
3 14 24 36 40 61 63
4 15 25 37 41 62 64
5 16 26 38 42 63 65
6 17 27 39 43 64 66
0 7 18 28 40 44 65
1 8 19 29 41 45 66
0 2 9 20 30 42 46
1 3 10 21 31 43 47
2 4 11 22 32 44 48
3 5 12 23 33 45 49
4 6 13 24 34 46 50
5 7 14 25 35 47 51
6 8 15 26 36 48 52
7 9 16 27 37 49 53
8 10 17 28 38 50 54
9 11 18 29 39 51 55
10 12 19 30 40 52 56
11 13 20 31 41 53 57
12 14 21 32 42 54 58
13 15 22 33 43 55 59
14 16 23 34 44 56 60
15 17 24 35 45 57 61
16 18 25 36 46 58 62
17 19 26 37 47 59 63
18 20 27 38 48 60 64
19 21 28 39 49 61 65
20 22 29 40 50 62 66
0 21 23 30 41 51 63
1 22 24 31 42 52 64
2 23 25 32 43 53 65
3 24 26 33 44 54 66
0 4 25 27 34 45 55
1 5 26 28 35 46 56
2 6 27 29 36 47 57
3 7 28 30 37 48 58
7 11 13 14 42 61 66
0 8 12 14 15 43 62
1 9 13 15 16 44 63
2 10 14 16 17 45 64
3 11 15 17 18 46 65
4 12 16 18 19 47 66
0 5 13 17 19 20 48
1 6 14 18 20 21 49
2 7 15 19 21 22 50
3 8 16 20 22 23 51
4 9 17 21 23 24 52
5 10 18 22 24 25 53
6 11 19 23 25 26 54
7 12 20 24 26 27 55
8 13 21 25 27 28 56
9 14 22 26 28 29 57
10 15 23 27 29 30 58
11 16 24 28 30 31 59
12 17 25 29 31 32 60
13 18 26 30 32 33 61
14 19 27 31 33 34 62
15 20 28 32 34 35 63
16 21 29 33 35 36 64
17 22 30 34 36 37 65
18 23 31 35 37 38 66
0 19 24 32 36 38 39
1 20 25 33 37 39 40
2 21 26 34 38 40 41
3 22 27 35 39 41 42
4 23 28 36 40 42 43
5 24 29 37 41 43 44
6 25 30 38 42 44 45
7 26 31 39 43 45 46
8 27 32 40 44 46 47
9 28 33 41 45 47 48
10 29 34 42 46 48 49
11 30 35 43 47 49 50
12 31 36 44 48 50 51
13 32 37 45 49 51 52
14 33 38 46 50 52 53
15 34 39 47 51 53 54
16 35 40 48 52 54 55
17 36 41 49 53 55 56
18 37 42 50 54 56 57
19 38 43 51 55 57 58
20 39 44 52 56 58 59
21 40 45 53 57 59 60
22 41 46 54 58 60 61
23 42 47 55 59 61 62
24 43 48 56 60 62 63
25 44 49 57 61 63 64
26 45 50 58 62 64 65
27 46 51 59 63 65 66
0 28 47 52 60 64 66
0 1 29 48 53 61 65
1 2 30 49 54 62 66
0 2 3 31 50 55 63
1 3 4 32 51 56 64
2 4 5 33 52 57 65
3 5 6 34 53 58 66
0 4 6 7 35 54 59
1 5 7 8 36 55 60
2 6 8 9 37 56 61
3 7 9 10 38 57 62
4 8 10 11 39 58 63
5 9 11 12 40 59 64
6 10 12 13 41 60 65
