2 8 45 50 52
3 9 46 51 53
4 10 47 52 54
5 11 48 53 55
6 12 49 54 56
7 13 50 55 57
8 14 51 56 58
9 15 52 57 59
10 16 53 58 60
11 17 54 59 61
12 18 55 60 62
13 19 56 61 63
14 20 57 62 64
15 21 58 63 65
0 16 22 59 64
1 17 23 60 65
0 2 18 24 61
1 3 19 25 62
2 4 20 26 63
3 5 21 27 64
4 6 22 28 65
0 5 7 23 29
1 6 8 24 30
2 7 9 25 31
3 8 10 26 32
4 9 11 27 33
5 10 12 28 34
6 11 13 29 35
7 12 14 30 36
8 13 15 31 37
9 14 16 32 38
10 15 17 33 39
11 16 18 34 40
12 17 19 35 41
13 18 20 36 42
14 19 21 37 43
15 20 22 38 44
16 21 23 39 45
17 22 24 40 46
18 23 25 41 47
19 24 26 42 48
20 25 27 43 49
21 26 28 44 50
22 27 29 45 51
23 28 30 46 52
24 29 31 47 53
25 30 32 48 54
26 31 33 49 55
27 32 34 50 56
28 33 35 51 57
29 34 36 52 58
30 35 37 53 59
31 36 38 54 60
32 37 39 55 61
33 38 40 56 62
34 39 41 57 63
35 40 42 58 64
36 41 43 59 65
0 37 42 44 60
1 38 43 45 61
2 39 44 46 62
3 40 45 47 63
4 41 46 48 64
5 42 47 49 65
0 6 43 48 50
1 7 44 49 51
1 10 14 22 48
2 11 15 23 49
3 12 16 24 50
4 13 17 25 51
5 14 18 26 52
6 15 19 27 53
7 16 20 28 54
8 17 21 29 55
9 18 22 30 56
10 19 23 31 57
11 20 24 32 58
12 21 25 33 59
13 22 26 34 60
14 23 27 35 61
15 24 28 36 62
16 25 29 37 63
17 26 30 38 64
18 27 31 39 65
0 19 28 32 40
1 20 29 33 41
2 21 30 34 42
3 22 31 35 43
4 23 32 36 44
5 24 33 37 45
6 25 34 38 46
7 26 35 39 47
8 27 36 40 48
9 28 37 41 49
10 29 38 42 50
11 30 39 43 51
12 31 40 44 52
13 32 41 45 53
14 33 42 46 54
15 34 43 47 55
16 35 44 48 56
17 36 45 49 57
18 37 46 50 58
19 38 47 51 59
20 39 48 52 60
21 40 49 53 61
22 41 50 54 62
23 42 51 55 63
24 43 52 56 64
25 44 53 57 65
0 26 45 54 58
1 27 46 55 59
2 28 47 56 60
3 29 48 57 61
4 30 49 58 62
5 31 50 59 63
6 32 51 60 64
7 33 52 61 65
0 8 34 53 62
1 9 35 54 63
2 10 36 55 64
3 11 37 56 65
0 4 12 38 57
1 5 13 39 58
2 6 14 40 59
3 7 15 41 60
4 8 16 42 61
5 9 17 43 62
6 10 18 44 63
7 11 19 45 64
8 12 20 46 65
0 9 13 21 47
14 24 49 60 63
15 25 50 61 64
16 26 51 62 65
0 17 27 52 63
1 18 28 53 64
2 19 29 54 65
0 3 20 30 55
1 4 21 31 56
2 5 22 32 57
3 6 23 33 58
4 7 24 34 59
5 8 25 35 60
6 9 26 36 61
7 10 27 37 62
8 11 28 38 63
9 12 29 39 64
10 13 30 40 65
0 11 14 31 41
1 12 15 32 42
2 13 16 33 43
3 14 17 34 44
4 15 18 35 45
5 16 19 36 46
6 17 20 37 47
7 18 21 38 48
8 19 22 39 49
9 20 23 40 50
10 21 24 41 51
11 22 25 42 52
12 23 26 43 53
13 24 27 44 54
14 25 28 45 55
15 26 29 46 56
16 27 30 47 57
17 28 31 48 58
18 29 32 49 59
19 30 33 50 60
20 31 34 51 61
21 32 35 52 62
22 33 36 53 63
23 34 37 54 64
24 35 38 55 65
0 25 36 39 56
1 26 37 40 57
2 27 38 41 58
3 28 39 42 59
4 29 40 43 60
5 30 41 44 61
6 31 42 45 62
7 32 43 46 63
8 33 44 47 64
9 34 45 48 65
0 10 35 46 49
1 11 36 47 50
2 12 37 48 51
3 13 38 49 52
4 14 39 50 53
5 15 40 51 54
6 16 41 52 55
7 17 42 53 56
8 18 43 54 57
9 19 44 55 58
10 20 45 56 59
11 21 46 57 60
12 22 47 58 61
13 23 48 59 62
12 15 48 60 63
3 12 18 36 51
0 18 19 33 34
3 4 7 19 55
14 46 47 62 66
19 20 52 53 66
3 20 21 54 66
31 32 37 63 64
2 3 11 38 53
6 39 42 57 66
9 24 45 60 66
11 44 59 60 61
12 13 27 28 66
0 1 16 35 66
26 27 41 42 56
10 13 45 46 61
13 16 31 49 64
8 9 47 54 60
27 47 62 63 66
31 46 54 55 56
13 14 32 50 65
29 31 32 57 58
4 5 38 51 66
6 7 21 22 34
40 41 53 54 65
29 30 40 63 66
10 11 25 26 66
9 10 28 42 43
16 17 25 50 58
1 2 17 39 54
0 15 30 31 66
17 18 32 59 66
1 34 48 49 66
8 23 38 39 59
36 61 64 65 66
7 26 40 58 59
23 24 56 57 66
41 43 44 58 66
7 8 33 41 66
0 50 51 52 65
11 12 45 54 62
20 27 34 35 60
5 6 16 20 56
1 14 15 16 52
4 35 36 37 54
22 23 37 55 66
2 35 49 50 66
24 25 39 40 55
1 28 29 61 62
37 38 52 53 58
3 32 33 47 48
1 26 30 44 45
14 21 29 36 44
