0 3 11 25 31 37 46 47 63 65
1 4 12 26 32 38 47 48 64 66
0 2 5 13 27 33 39 48 49 65
1 3 6 14 28 34 40 49 50 66
0 2 4 7 15 29 35 41 50 51
1 3 5 8 16 30 36 42 51 52
2 4 6 9 17 31 37 43 52 53
3 5 7 10 18 32 38 44 53 54
4 6 8 11 19 33 39 45 54 55
5 7 9 12 20 34 40 46 55 56
6 8 10 13 21 35 41 47 56 57
7 9 11 14 22 36 42 48 57 58
8 10 12 15 23 37 43 49 58 59
9 11 13 16 24 38 44 50 59 60
10 12 14 17 25 39 45 51 60 61
11 13 15 18 26 40 46 52 61 62
12 14 16 19 27 41 47 53 62 63
13 15 17 20 28 42 48 54 63 64
14 16 18 21 29 43 49 55 64 65
15 17 19 22 30 44 50 56 65 66
0 16 18 20 23 31 45 51 57 66
0 1 17 19 21 24 32 46 52 58
1 2 18 20 22 25 33 47 53 59
2 3 19 21 23 26 34 48 54 60
3 4 20 22 24 27 35 49 55 61
4 5 21 23 25 28 36 50 56 62
5 6 22 24 26 29 37 51 57 63
6 7 23 25 27 30 38 52 58 64
7 8 24 26 28 31 39 53 59 65
8 9 25 27 29 32 40 54 60 66
0 9 10 26 28 30 33 41 55 61
1 10 11 27 29 31 34 42 56 62
2 11 12 28 30 32 35 43 57 63
3 12 13 29 31 33 36 44 58 64
4 13 14 30 32 34 37 45 59 65
5 14 15 31 33 35 38 46 60 66
0 6 15 16 32 34 36 39 47 61
1 7 16 17 33 35 37 40 48 62
2 8 17 18 34 36 38 41 49 63
3 9 18 19 35 37 39 42 50 64
4 10 19 20 36 38 40 43 51 65
5 11 20 21 37 39 41 44 52 66
0 6 12 21 22 38 40 42 45 53
1 7 13 22 23 39 41 43 46 54
2 8 14 23 24 40 42 44 47 55
3 9 15 24 25 41 43 45 48 56
4 10 16 25 26 42 44 46 49 57
5 11 17 26 27 43 45 47 50 58
6 12 18 27 28 44 46 48 51 59
7 13 19 28 29 45 47 49 52 60
8 14 20 29 30 46 48 50 53 61
9 15 21 30 31 47 49 51 54 62
10 16 22 31 32 48 50 52 55 63
11 17 23 32 33 49 51 53 56 64
12 18 24 33 34 50 52 54 57 65
13 19 25 34 35 51 53 55 58 66
0 14 20 26 35 36 52 54 56 59
1 15 21 27 36 37 53 55 57 60
2 16 22 28 37 38 54 56 58 61
3 17 23 29 38 39 55 57 59 62
4 18 24 30 39 40 56 58 60 63
5 19 25 31 40 41 57 59 61 64
6 20 26 32 41 42 58 60 62 65
7 21 27 33 42 43 59 61 63 66
0 8 22 28 34 43 44 60 62 64
1 9 23 29 35 44 45 61 63 65
2 10 24 30 36 45 46 62 64 66
