11 24 27 37
13 26 29 39
15 28 31 41
17 30 33 43
19 32 35 45
21 34 37 47
23 36 39 49
25 38 41 51
27 40 43 53
29 42 45 55
31 44 47 57
33 46 49 59
35 48 51 61
37 50 53 63
39 52 55 65
1 41 54 57
3 43 56 59
5 45 58 61
7 47 60 63
9 49 62 65
1 11 51 64
0 3 13 53
2 5 15 55
4 7 17 57
6 9 19 59
8 11 21 61
10 13 23 63
12 15 25 65
1 14 17 27
3 16 19 29
5 18 21 31
7 20 23 33
9 22 25 35
3 21 35 42
5 23 37 44
7 25 39 46
9 27 41 48
11 29 43 50
13 31 45 52
15 33 47 54
17 35 49 56
19 37 51 58
21 39 53 60
23 41 55 62
25 43 57 64
0 27 45 59
2 29 47 61
4 31 49 63
6 33 51 65
1 8 35 53
3 10 37 55
5 12 39 57
7 14 41 59
9 16 43 61
11 18 45 63
13 20 47 65
1 15 22 49
3 17 24 51
5 19 26 53
7 21 28 55
9 23 30 57
11 25 32 59
13 27 34 61
15 29 36 63
17 31 38 65
1 19 33 40
34 39 51 56
36 41 53 58
38 43 55 60
40 45 57 62
42 47 59 64
0 44 49 61
2 46 51 63
4 48 53 65
1 6 50 55
3 8 52 57
5 10 54 59
7 12 56 61
9 14 58 63
11 16 60 65
1 13 18 62
3 15 20 64
0 5 17 22
2 7 19 24
4 9 21 26
6 11 23 28
8 13 25 30
10 15 27 32
12 17 29 34
14 19 31 36
16 21 33 38
18 23 35 40
20 25 37 42
22 27 39 44
24 29 41 46
26 31 43 48
28 33 45 50
30 35 47 52
32 37 49 54
7 29 44 64
0 9 31 46
2 11 33 48
4 13 35 50
6 15 37 52
8 17 39 54
10 19 41 56
12 21 43 58
14 23 45 60
16 25 47 62
18 27 49 64
0 20 29 51
2 22 31 53
4 24 33 55
6 26 35 57
8 28 37 59
10 30 39 61
12 32 41 63
14 34 43 65
1 16 36 45
3 18 38 47
5 20 40 49
7 22 42 51
9 24 44 53
11 26 46 55
13 28 48 57
15 30 50 59
17 32 52 61
19 34 54 63
21 36 56 65
1 23 38 58
3 25 40 60
5 27 42 62
2 28 39 62
4 30 41 64
0 6 32 43
2 8 34 45
4 10 36 47
6 12 38 49
8 14 40 51
10 16 42 53
12 18 44 55
14 20 46 57
16 22 48 59
18 24 50 61
20 26 52 63
22 28 54 65
1 24 30 56
3 26 32 58
5 28 34 60
7 30 36 62
9 32 38 64
0 11 34 40
2 13 36 42
4 15 38 44
6 17 40 46
8 19 42 48
10 21 44 50
12 23 46 52
14 25 48 54
16 27 50 56
18 29 52 58
20 31 54 60
22 33 56 62
24 35 58 64
0 26 37 60
3 11 14 39
5 13 16 41
7 15 18 43
9 17 20 45
11 19 22 47
13 21 24 49
15 23 26 51
17 25 28 53
19 27 30 55
21 29 32 57
23 31 34 59
25 33 36 61
27 35 38 63
29 37 40 65
1 31 39 42
3 33 41 44
5 35 43 46
7 37 45 48
9 39 47 50
11 41 49 52
13 43 51 54
15 45 53 56
17 47 55 58
19 49 57 60
21 51 59 62
23 53 61 64
0 25 55 63
2 27 57 65
1 4 29 59
3 6 31 61
5 8 33 63
7 10 35 65
1 9 12 37
20 28 35 66
22 30 37 66
24 32 39 66
26 34 41 66
28 36 43 66
30 38 45 66
32 40 47 66
34 42 49 66
36 44 51 66
38 46 53 66
40 48 55 66
42 50 57 66
44 52 59 66
46 54 61 66
48 56 63 66
50 58 65 66
1 52 60 66
3 54 62 66
5 56 64 66
0 7 58 66
2 9 60 66
4 11 62 66
6 13 64 66
0 8 15 66
2 10 17 66
4 12 19 66
6 14 21 66
8 16 23 66
10 18 25 66
12 20 27 66
14 22 29 66
16 24 31 66
18 26 33 66
15 60 61 62
17 62 63 64
0 19 64 65
0 1 2 21
2 3 4 23
4 5 6 25
6 7 8 27
8 9 10 29
10 11 12 31
12 13 14 33
14 15 16 35
16 17 18 37
18 19 20 39
20 21 22 41
22 23 24 43
24 25 26 45
26 27 28 47
28 29 30 49
30 31 32 51
32 33 34 53
34 35 36 55
36 37 38 57
38 39 40 59
40 41 42 61
42 43 44 63
44 45 46 65
1 46 47 48
3 48 49 50
5 50 51 52
7 52 53 54
9 54 55 56
11 56 57 58
13 58 59 60
0 35 39 41
2 37 41 43
4 39 43 45
6 41 45 47
8 43 47 49
10 45 49 51
12 47 51 53
14 49 53 55
16 51 55 57
18 53 57 59
20 55 59 61
22 57 61 63
24 59 63 65
1 26 61 65
1 3 28 63
3 5 30 65
1 5 7 32
3 7 9 34
5 9 11 36
7 11 13 38
9 13 15 40
11 15 17 42
13 17 19 44
15 19 21 46
17 21 23 48
19 23 25 50
21 25 27 52
23 27 29 54
25 29 31 56
27 31 33 58
29 33 35 60
31 35 37 62
33 37 39 64
8 18 41 65
1 10 20 43
3 12 22 45
5 14 24 47
7 16 26 49
9 18 28 51
11 20 30 53
13 22 32 55
15 24 34 57
17 26 36 59
19 28 38 61
21 30 40 63
23 32 42 65
1 25 34 44
3 27 36 46
5 29 38 48
7 31 40 50
9 33 42 52
11 35 44 54
13 37 46 56
15 39 48 58
17 41 50 60
19 43 52 62
21 45 54 64
0 23 47 56
2 25 49 58
4 27 51 60
6 29 53 62
8 31 55 64
0 10 33 57
2 12 35 59
4 14 37 61
6 16 39 63
6 10 24 60
8 12 26 62
10 14 28 64
0 12 16 30
2 14 18 32
4 16 20 34
6 18 22 36
8 20 24 38
10 22 26 40
12 24 28 42
14 26 30 44
16 28 32 46
18 30 34 48
20 32 36 50
22 34 38 52
24 36 40 54
26 38 42 56
28 40 44 58
30 42 46 60
32 44 48 62
34 46 50 64
0 36 48 52
2 38 50 54
4 40 52 56
6 42 54 58
8 44 56 60
10 46 58 62
12 48 60 64
0 14 50 62
2 16 52 64
0 4 18 54
2 6 20 56
4 8 22 58
4 14 38 42
4 28 46 56
6 16 40 44
8 36 53 64
10 24 48 52
2 20 26 44
18 22 46 60
12 36 41 60
0 14 28 52
21 24 34 62
6 30 34 48
0 8 42 46
16 26 30 54
20 48 55 62
4 8 32 60
22 26 50 64
32 38 56 62
14 18 42 56
2 13 30 58
16 20 25 58
8 12 50 54
0 24 38 48
22 40 64 65
10 34 38 58
2 12 36 40
