5 16 21 31 33 63
6 17 22 32 34 64
7 18 23 33 35 65
0 8 19 24 34 36
1 9 20 25 35 37
2 10 21 26 36 38
3 11 22 27 37 39
4 12 23 28 38 40
5 13 24 29 39 41
6 14 25 30 40 42
7 15 26 31 41 43
8 16 27 32 42 44
9 17 28 33 43 45
10 18 29 34 44 46
11 19 30 35 45 47
12 20 31 36 46 48
13 21 32 37 47 49
14 22 33 38 48 50
15 23 34 39 49 51
16 24 35 40 50 52
17 25 36 41 51 53
18 26 37 42 52 54
19 27 38 43 53 55
20 28 39 44 54 56
21 29 40 45 55 57
22 30 41 46 56 58
23 31 42 47 57 59
24 32 43 48 58 60
25 33 44 49 59 61
26 34 45 50 60 62
27 35 46 51 61 63
28 36 47 52 62 64
29 37 48 53 63 65
0 30 38 49 54 64
1 31 39 50 55 65
0 2 32 40 51 56
1 3 33 41 52 57
2 4 34 42 53 58
3 5 35 43 54 59
4 6 36 44 55 60
5 7 37 45 56 61
6 8 38 46 57 62
7 9 39 47 58 63
8 10 40 48 59 64
9 11 41 49 60 65
0 10 12 42 50 61
1 11 13 43 51 62
2 12 14 44 52 63
3 13 15 45 53 64
4 14 16 46 54 65
0 5 15 17 47 55
1 6 16 18 48 56
2 7 17 19 49 57
3 8 18 20 50 58
4 9 19 21 51 59
5 10 20 22 52 60
6 11 21 23 53 61
7 12 22 24 54 62
8 13 23 25 55 63
9 14 24 26 56 64
10 15 25 27 57 65
0 11 16 26 28 58
1 12 17 27 29 59
2 13 18 28 30 60
3 14 19 29 31 61
4 15 20 30 32 62
12 30 34 37 43 57
13 31 35 38 44 58
14 32 36 39 45 59
15 33 37 40 46 60
16 34 38 41 47 61
17 35 39 42 48 62
18 36 40 43 49 63
19 37 41 44 50 64
20 38 42 45 51 65
0 21 39 43 46 52
1 22 40 44 47 53
2 23 41 45 48 54
3 24 42 46 49 55
4 25 43 47 50 56
5 26 44 48 51 57
6 27 45 49 52 58
7 28 46 50 53 59
8 29 47 51 54 60
9 30 48 52 55 61
10 31 49 53 56 62
11 32 50 54 57 63
12 33 51 55 58 64
13 34 52 56 59 65
0 14 35 53 57 60
1 15 36 54 58 61
2 16 37 55 59 62
3 17 38 56 60 63
4 18 39 57 61 64
5 19 40 58 62 65
0 6 20 41 59 63
1 7 21 42 60 64
2 8 22 43 61 65
0 3 9 23 44 62
1 4 10 24 45 63
2 5 11 25 46 64
3 6 12 26 47 65
0 4 7 13 27 48
1 5 8 14 28 49
2 6 9 15 29 50
3 7 10 16 30 51
4 8 11 17 31 52
5 9 12 18 32 53
6 10 13 19 33 54
7 11 14 20 34 55
8 12 15 21 35 56
9 13 16 22 36 57
10 14 17 23 37 58
11 15 18 24 38 59
12 16 19 25 39 60
13 17 20 26 40 61
14 18 21 27 41 62
15 19 22 28 42 63
16 20 23 29 43 64
17 21 24 30 44 65
0 18 22 25 31 45
1 19 23 26 32 46
2 20 24 27 33 47
3 21 25 28 34 48
4 22 26 29 35 49
5 23 27 30 36 50
6 24 28 31 37 51
7 25 29 32 38 52
8 26 30 33 39 53
9 27 31 34 40 54
10 28 32 35 41 55
11 29 33 36 42 56
10 14 15 18 47 51
19 27 28 56 57 64
0 1 2 37 38 66
3 4 17 32 33 66
25 26 59 62 63 66
11 19 46 47 48 66
15 16 44 45 48 49
16 17 18 19 20 53
2 3 36 39 40 55
0 35 36 64 65 66
44 45 51 52 54 66
8 9 10 16 39 66
7 8 36 37 47 50
2 12 17 35 49 50
8 11 12 40 41 45
24 25 53 54 57 58
7 15 40 52 53 66
27 28 32 61 65 66
18 22 23 55 56 66
21 22 50 51 58 59
5 6 34 35 38 39
6 13 45 46 50 66
20 21 31 49 57 66
26 27 30 55 59 60
23 24 31 60 61 66
6 7 10 11 43 44
12 13 14 42 43 66
9 17 38 42 46 54
1 29 30 34 58 66
21 33 34 54 55 63
4 5 37 41 42 66
9 19 20 23 51 52
2 30 31 32 63 64
0 28 29 33 61 62
