2 6 9 13 21 39 41 62 63
3 7 10 14 22 40 42 63 64
4 8 11 15 23 41 43 64 65
0 5 9 12 16 24 42 44 65
0 1 6 10 13 17 25 43 45
1 2 7 11 14 18 26 44 46
2 3 8 12 15 19 27 45 47
3 4 9 13 16 20 28 46 48
4 5 10 14 17 21 29 47 49
5 6 11 15 18 22 30 48 50
6 7 12 16 19 23 31 49 51
7 8 13 17 20 24 32 50 52
8 9 14 18 21 25 33 51 53
9 10 15 19 22 26 34 52 54
10 11 16 20 23 27 35 53 55
11 12 17 21 24 28 36 54 56
12 13 18 22 25 29 37 55 57
13 14 19 23 26 30 38 56 58
14 15 20 24 27 31 39 57 59
15 16 21 25 28 32 40 58 60
16 17 22 26 29 33 41 59 61
17 18 23 27 30 34 42 60 62
18 19 24 28 31 35 43 61 63
19 20 25 29 32 36 44 62 64
20 21 26 30 33 37 45 63 65
0 21 22 27 31 34 38 46 64
1 22 23 28 32 35 39 47 65
0 2 23 24 29 33 36 40 48
1 3 24 25 30 34 37 41 49
2 4 25 26 31 35 38 42 50
3 5 26 27 32 36 39 43 51
4 6 27 28 33 37 40 44 52
5 7 28 29 34 38 41 45 53
6 8 29 30 35 39 42 46 54
7 9 30 31 36 40 43 47 55
8 10 31 32 37 41 44 48 56
9 11 32 33 38 42 45 49 57
10 12 33 34 39 43 46 50 58
11 13 34 35 40 44 47 51 59
12 14 35 36 41 45 48 52 60
13 15 36 37 42 46 49 53 61
14 16 37 38 43 47 50 54 62
15 17 38 39 44 48 51 55 63
16 18 39 40 45 49 52 56 64
17 19 40 41 46 50 53 57 65
0 18 20 41 42 47 51 54 58
1 19 21 42 43 48 52 55 59
2 20 22 43 44 49 53 56 60
3 21 23 44 45 50 54 57 61
4 22 24 45 46 51 55 58 62
5 23 25 46 47 52 56 59 63
6 24 26 47 48 53 57 60 64
7 25 27 48 49 54 58 61 65
0 8 26 28 49 50 55 59 62
1 9 27 29 50 51 56 60 63
2 10 28 30 51 52 57 61 64
3 11 29 31 52 53 58 62 65
0 4 12 30 32 53 54 59 63
1 5 13 31 33 54 55 60 64
2 6 14 32 34 55 56 61 65
0 3 7 15 33 35 56 57 62
1 4 8 16 34 36 57 58 63
2 5 9 17 35 37 58 59 64
3 6 10 18 36 38 59 60 65
0 4 7 11 19 37 39 60 61
1 5 8 12 20 38 40 61 62
6 9 17 20 31 34 47 61 66
0 1 14 22 28 44 53 58 66
2 3 8 16 17 18 39 53 54
5 7 21 34 37 42 43 48 57
7 16 27 30 44 50 59 65 66
3 5 19 32 41 46 55 60 66
10 26 35 40 48 49 54 62 66
1 7 15 18 32 33 47 62 66
0 2 11 38 43 52 57 63 66
8 9 10 23 24 37 58 60 66
4 10 13 18 24 27 38 41 56
8 13 21 22 35 36 51 65 66
4 12 23 26 29 43 61 64 66
6 12 15 35 41 44 49 58 63
14 19 20 33 34 36 49 50 64
15 29 31 37 45 46 51 59 66
11 25 28 36 39 42 55 56 66
