0 15 16 24 25 30 38 41
1 4 36 43 51 55 59 60
2 11 14 31 37 41 46 50
0 2 3 5 7 19 44 55
5 10 39 45 51 53 63 66
1 6 7 20 26 45 58 64
8 21 28 33 37 38 45 60
8 9 16 30 43 52 54 63
4 5 15 24 32 34 47 65
6 14 17 28 42 52 56 65
5 12 18 26 28 29 30 62
20 22 24 29 48 56 60 63
7 13 22 25 27 37 42 49
19 21 24 28 43 46 54 61
14 19 30 32 37 44 47 51
15 21 27 28 50 51 57 64
1 3 9 10 25 47 54 57
11 15 18 25 31 39 56 59
2 11 13 34 38 52 55 62
4 6 11 16 22 33 47 66
0 43 45 47 49 50 56 62
5 35 41 44 49 52 60 61
1 9 18 32 38 49 50 65
13 16 19 20 27 36 51 65
2 4 8 17 44 57 59 62
3 8 15 22 26 36 39 46
3 4 20 28 34 39 40 50
10 12 15 33 42 43 44 58
31 35 50 53 57 58 60 61
5 6 25 29 32 33 46 55
7 9 11 17 22 29 35 51
0 35 37 39 54 62 64 65
2 4 16 18 42 45 48 61
1 3 13 21 22 29 41 42
6 10 16 21 35 40 49 59
4 9 12 23 40 46 63 65
0 7 14 33 34 59 61 63
2 12 20 21 25 32 52 66
8 11 12 19 49 53 54 55
4 14 25 26 27 35 39 43
3 17 18 19 33 52 60 64
1 13 15 19 40 56 61 66
17 27 32 34 38 45 48 54
10 12 14 24 31 62 64 66
7 8 10 32 40 41 56 58
8 27 29 54 58 59 65 66
0 9 25 26 42 51 60 66
4 10 15 19 29 37 52 57
4 33 36 41 51 54 56 62
3 11 24 27 30 45 58 59
17 18 27 37 40 41 43 53
10 11 20 30 38 44 61 65
10 17 25 36 37 47 50 63
2 5 9 27 31 33 52 56
3 28 31 32 36 44 48 53
7 9 19 21 39 48 58 62
5 14 22 23 30 49 54 57
2 6 7 15 31 43 54 60
3 6 12 16 34 37 51 58
9 15 20 41 47 48 55 59
2 28 46 47 49 51 58 63
5 19 26 38 42 50 59 63
0 5 11 23 36 40 58 64
16 26 32 37 55 56 61 64
6 8 9 13 24 39 44 64
29 38 39 40 42 47 53 64
0 13 23 29 32 43 50 53
0 10 22 27 42 44 46 52
12 13 19 31 34 35 36 45
13 14 18 21 55 57 58 63
1 25 28 30 33 34 53 56
10 13 23 28 33 39 49 60
2 10 21 24 26 48 53 65
1 7 12 14 27 38 47 60
2 9 14 29 36 40 45 61
1 5 8 20 23 37 43 48
8 11 15 32 35 42 62 63
0 4 5 13 17 21 26 31
4 6 9 22 38 53 58 62
1 24 33 35 40 48 51 52
16 21 29 34 39 43 44 56
3 14 15 16 17 20 49 53
3 17 35 38 43 46 56 66
1 2 12 22 32 39 59 61
11 24 32 36 42 43 57 60
3 6 23 27 41 61 62 63
11 15 21 23 27 45 47 55
9 13 34 37 46 48 59 64
2 6 19 23 30 35 56 64
3 30 31 40 42 55 60 65
0 8 18 20 31 47 51 61
7 23 26 44 45 52 53 59
20 26 33 40 45 46 57 62
1 4 29 31 44 49 63 64
17 23 24 25 34 42 58 61
6 18 23 24 44 50 54 66
8 10 18 22 34 35 50 55
7 16 33 39 41 50 57 65
11 26 34 41 48 49 57 66
13 20 28 30 35 42 47 54
0 1 9 11 12 17 28 41
4 7 18 21 30 36 46 66
7 24 28 36 37 49 55 66
8 14 22 25 40 44 48 62
16 22 23 28 31 38 51 59
12 17 30 39 48 50 52 55
1 5 16 34 46 53 60 62
0 6 12 36 38 48 56 57
18 26 36 40 47 52 54 58
19 22 25 41 43 45 64 65
