0 1 2 10 23 26 36 46 49 64
0 3 4 61 62 63 64 65 66 67
0 5 15 25 28 38 41 51 57 64
0 6 16 19 29 39 42 52 58 64
7 13 19 32 38 44 49 50 55 67
0 7 17 20 30 33 43 53 59 64
0 8 18 21 31 34 44 47 60 64
0 9 12 22 32 35 45 48 54 64
0 11 14 24 27 37 40 50 56 64
1 3 4 19 20 21 22 23 24 25
1 5 14 23 32 34 43 52 56 63
1 6 18 23 28 33 45 50 60 66
1 7 15 23 31 39 40 48 57 62
1 8 12 23 27 38 42 53 54 65
1 8 13 25 30 35 40 52 55 66
1 9 16 23 30 37 44 51 58 61
1 11 17 23 29 35 41 47 59 67
2 3 4 47 48 49 50 51 52 53
2 5 17 22 27 39 44 49 59 66
2 6 12 25 31 37 43 49 54 67
2 7 14 21 28 35 42 49 56 61
2 8 16 24 32 33 41 49 58 62
2 9 18 20 29 38 40 49 60 63
0 11 13 22 31 33 42 51 55 63
2 11 15 19 30 34 45 49 57 65
3 4 5 6 7 8 9 10 11 18
3 4 12 16 17 54 55 58 59 60
3 4 26 27 28 29 30 31 32 57
3 4 13 33 34 35 36 37 38 39
3 4 15 40 41 42 43 44 45 46
10 14 16 25 29 33 44 48 56 65
11 18 25 32 39 46 51 53 60 61
3 8 14 20 26 39 45 51 56 67
10 13 17 24 31 38 45 52 59 61
10 18 19 27 35 43 51 55 60 62
5 12 14 19 26 33 40 47 54 61
5 18 24 30 36 42 48 50 60 67
5 13 21 23 29 37 45 53 55 62
5 15 16 20 31 35 46 50 58 65
6 13 20 27 34 41 48 55 61 64
6 14 22 30 38 46 47 55 56 62
6 15 24 26 35 44 53 54 57 63
6 17 21 28 32 36 40 51 59 65
7 12 13 24 29 34 46 51 54 66
7 16 18 25 27 36 45 47 58 63
7 18 22 26 37 41 43 52 60 65
8 15 22 29 36 43 50 55 57 61
8 17 18 19 28 37 46 48 59 63
2 9 13 24 28 39 43 47 55 65
9 14 19 31 36 41 53 56 59 66
9 15 21 27 33 46 52 57 59 67
9 17 25 26 34 42 50 55 59 62
10 12 21 30 39 41 50 54 56 63
10 16 22 28 34 40 53 57 58 67
10 12 15 20 32 37 42 47 57 66
11 12 18 20 28 36 44 52 54 62
11 13 16 21 26 38 43 48 58 66
4 13 14 15 17 18 56 57 58 60
