7 24 44 56 60
11 28 48 60 64
0 15 32 52 64
0 4 19 36 56
4 8 23 40 60
8 12 27 44 64
0 12 16 31 48
4 16 20 35 52
8 20 24 39 56
12 24 28 43 60
16 28 32 47 64
0 20 32 36 51
4 24 36 40 55
8 28 40 44 59
12 32 44 48 63
16 36 48 52 67
3 20 40 52 56
6 16 24 53 59
10 20 28 57 63
14 24 32 61 67
3 18 28 36 65
1 7 22 32 40
5 11 26 36 44
9 15 30 40 48
13 19 34 44 52
17 23 38 48 56
21 27 42 52 60
25 31 46 56 64
0 29 35 50 60
4 33 39 54 64
0 8 37 43 58
4 12 41 47 62
8 16 45 51 66
2 12 20 49 55
5 15 23 54 60
9 19 27 58 64
0 13 23 31 62
4 17 27 35 66
2 8 21 31 39
6 12 25 35 43
10 16 29 39 47
14 20 33 43 51
18 24 37 47 55
22 28 41 51 59
26 32 45 55 63
30 36 49 59 67
3 34 40 53 63
7 38 44 57 67
3 11 42 48 61
7 15 46 52 65
1 11 19 50 56
3 22 43 64 67
0 3 7 26 47
4 7 11 30 51
8 11 15 34 55
12 15 19 38 59
16 19 23 42 63
20 23 27 46 67
3 24 27 31 50
7 28 31 35 54
11 32 35 39 58
15 36 39 43 62
19 40 43 47 66
2 23 44 47 51
6 27 48 51 55
10 31 52 55 59
14 35 56 59 63
18 39 60 63 67
27 28 38 39 42
31 32 42 43 46
35 36 46 47 50
39 40 50 51 54
43 44 54 55 58
47 48 58 59 62
51 52 62 63 66
2 55 56 66 67
2 3 6 59 60
6 7 10 63 64
0 10 11 14 67
3 4 14 15 18
7 8 18 19 22
11 12 22 23 26
15 16 26 27 30
19 20 30 31 34
23 24 34 35 38
10 15 22 28 56
14 19 26 32 60
18 23 30 36 64
0 22 27 34 40
4 26 31 38 44
8 30 35 42 48
12 34 39 46 52
16 38 43 50 56
20 42 47 54 60
24 46 51 58 64
0 28 50 55 62
4 32 54 59 66
2 8 36 58 63
6 12 40 62 67
3 10 16 44 66
2 7 14 20 48
6 11 18 24 52
2 15 35 43 53
6 19 39 47 57
10 23 43 51 61
14 27 47 55 65
1 18 31 51 59
5 22 35 55 63
9 26 39 59 67
3 13 30 43 63
7 17 34 47 67
3 11 21 38 51
7 15 25 42 55
11 19 29 46 59
15 23 33 50 63
19 27 37 54 67
3 23 31 41 58
7 27 35 45 62
11 31 39 49 66
0 18 21 38 54
4 22 25 42 58
8 26 29 46 62
12 30 33 50 66
2 16 34 37 54
6 20 38 41 58
10 24 42 45 62
14 28 46 49 66
2 18 32 50 53
6 22 36 54 57
10 26 40 58 61
14 30 44 62 65
1 18 34 48 66
2 5 22 38 52
6 9 26 42 56
10 13 30 46 60
14 17 34 50 64
0 5 45 59 64
0 4 9 49 63
4 8 13 53 67
3 8 12 17 57
7 12 16 21 61
11 16 20 25 65
1 15 20 24 29
5 19 24 28 33
9 23 28 32 37
13 27 32 36 41
17 31 36 40 45
21 35 40 44 49
25 39 44 48 53
29 43 48 52 57
33 47 52 56 61
37 51 56 60 65
1 41 55 60 64
10 18 19 35 41
14 22 23 39 45
18 26 27 43 49
22 30 31 47 53
26 34 35 51 57
30 38 39 55 61
34 42 43 59 65
1 38 46 47 63
5 42 50 51 67
3 9 46 54 55
7 13 50 58 59
11 17 54 62 63
15 21 58 66 67
2 3 19 25 62
6 7 23 29 66
2 10 11 27 33
6 14 15 31 37
12 18 45 56 58
16 22 49 60 62
20 26 53 64 66
0 2 24 30 57
4 6 28 34 61
8 10 32 38 65
1 12 14 36 42
5 16 18 40 46
9 20 22 44 50
13 24 26 48 54
17 28 30 52 58
21 32 34 56 62
25 36 38 60 66
2 29 40 42 64
0 6 33 44 46
4 10 37 48 50
8 14 41 52 54
13 42 49 56 57
17 46 53 60 61
21 50 57 64 65
0 1 25 54 61
4 5 29 58 65
1 8 9 33 62
5 12 13 37 66
2 9 16 17 41
6 13 20 21 45
10 17 24 25 49
14 21 28 29 53
18 25 32 33 57
22 29 36 37 61
26 33 40 41 65
1 30 37 44 45
5 34 41 48 49
9 38 45 52 53
19 45 48 61 65
1 23 49 52 65
1 5 27 53 56
5 9 31 57 60
9 13 35 61 64
0 13 17 39 65
1 4 17 21 43
5 8 21 25 47
9 12 25 29 51
13 16 29 33 55
17 20 33 37 59
21 24 37 41 63
25 28 41 45 67
3 29 32 45 49
7 33 36 49 53
11 37 40 53 57
15 41 44 57 61
2 31 61 63 65
1 6 35 65 67
1 3 5 10 39
5 7 9 14 43
9 11 13 18 47
13 15 17 22 51
17 19 21 26 55
21 23 25 30 59
25 27 29 34 63
29 31 33 38 67
3 33 35 37 42
7 37 39 41 46
11 41 43 45 50
15 45 47 49 54
19 49 51 53 58
23 53 55 57 62
27 57 59 61 66
5 18 20 61 62
9 22 24 65 66
1 2 13 26 28
5 6 17 30 32
9 10 21 34 36
13 14 25 38 40
17 18 29 42 44
21 22 33 46 48
25 26 37 50 52
29 30 41 54 56
33 34 45 58 60
37 38 49 62 64
0 41 42 53 66
2 4 45 46 57
6 8 49 50 61
10 12 53 54 65
1 14 16 57 58
