9 17 19 23 46 57 64
11 19 21 25 48 59 66
0 13 21 23 27 50 61
2 15 23 25 29 52 63
4 17 25 27 31 54 65
6 19 27 29 33 56 67
1 8 21 29 31 35 58
3 10 23 31 33 37 60
5 12 25 33 35 39 62
7 14 27 35 37 41 64
9 16 29 37 39 43 66
0 11 18 31 39 41 45
2 13 20 33 41 43 47
4 15 22 35 43 45 49
6 17 24 37 45 47 51
8 19 26 39 47 49 53
10 21 28 41 49 51 55
12 23 30 43 51 53 57
14 25 32 45 53 55 59
16 27 34 47 55 57 61
18 29 36 49 57 59 63
20 31 38 51 59 61 65
22 33 40 53 61 63 67
1 24 35 42 55 63 65
3 26 37 44 57 65 67
1 5 28 39 46 59 67
1 3 7 30 41 48 61
3 5 9 32 43 50 63
5 7 11 34 45 52 65
7 9 13 36 47 54 67
1 9 11 15 38 49 56
3 11 13 17 40 51 58
5 13 15 19 42 53 60
7 15 17 21 44 55 62
0 18 23 32 47 58 62
2 20 25 34 49 60 64
4 22 27 36 51 62 66
0 6 24 29 38 53 64
2 8 26 31 40 55 66
0 4 10 28 33 42 57
2 6 12 30 35 44 59
4 8 14 32 37 46 61
6 10 16 34 39 48 63
8 12 18 36 41 50 65
10 14 20 38 43 52 67
1 12 16 22 40 45 54
3 14 18 24 42 47 56
5 16 20 26 44 49 58
7 18 22 28 46 51 60
9 20 24 30 48 53 62
11 22 26 32 50 55 64
13 24 28 34 52 57 66
0 15 26 30 36 54 59
2 17 28 32 38 56 61
4 19 30 34 40 58 63
6 21 32 36 42 60 65
8 23 34 38 44 62 67
1 10 25 36 40 46 64
3 12 27 38 42 48 66
0 5 14 29 40 44 50
2 7 16 31 42 46 52
4 9 18 33 44 48 54
6 11 20 35 46 50 56
8 13 22 37 48 52 58
10 15 24 39 50 54 60
12 17 26 41 52 56 62
14 19 28 43 54 58 64
16 21 30 45 56 60 66
4 5 38 41 47 59 63
6 7 40 43 49 61 65
8 9 42 45 51 63 67
1 10 11 44 47 53 65
3 12 13 46 49 55 67
1 5 14 15 48 51 57
3 7 16 17 50 53 59
5 9 18 19 52 55 61
7 11 20 21 54 57 63
9 13 22 23 56 59 65
11 15 24 25 58 61 67
1 13 17 26 27 60 63
3 15 19 28 29 62 65
5 17 21 30 31 64 67
1 7 19 23 32 33 66
0 3 9 21 25 34 35
2 5 11 23 27 36 37
4 7 13 25 29 38 39
6 9 15 27 31 40 41
8 11 17 29 33 42 43
10 13 19 31 35 44 45
12 15 21 33 37 46 47
14 17 23 35 39 48 49
16 19 25 37 41 50 51
18 21 27 39 43 52 53
20 23 29 41 45 54 55
22 25 31 43 47 56 57
24 27 33 45 49 58 59
26 29 35 47 51 60 61
28 31 37 49 53 62 63
30 33 39 51 55 64 65
32 35 41 53 57 66 67
0 1 34 37 43 55 59
2 3 36 39 45 57 61
4 9 11 12 14 28 60
6 11 13 14 16 30 62
8 13 15 16 18 32 64
10 15 17 18 20 34 66
0 12 17 19 20 22 36
2 14 19 21 22 24 38
4 16 21 23 24 26 40
6 18 23 25 26 28 42
8 20 25 27 28 30 44
10 22 27 29 30 32 46
12 24 29 31 32 34 48
14 26 31 33 34 36 50
16 28 33 35 36 38 52
18 30 35 37 38 40 54
20 32 37 39 40 42 56
22 34 39 41 42 44 58
24 36 41 43 44 46 60
26 38 43 45 46 48 62
28 40 45 47 48 50 64
30 42 47 49 50 52 66
0 32 44 49 51 52 54
2 34 46 51 53 54 56
4 36 48 53 55 56 58
6 38 50 55 57 58 60
8 40 52 57 59 60 62
10 42 54 59 61 62 64
12 44 56 61 63 64 66
0 14 46 58 63 65 66
0 2 16 48 60 65 67
1 2 4 18 50 62 67
1 3 4 6 20 52 64
3 5 6 8 22 54 66
0 5 7 8 10 24 56
2 7 9 10 12 26 58
