2 16 18 29 40 41 46 50
4 18 20 31 42 43 48 52
6 20 22 33 44 45 50 54
8 22 24 35 46 47 52 56
10 24 26 37 48 49 54 58
12 26 28 39 50 51 56 60
14 28 30 41 52 53 58 62
16 30 32 43 54 55 60 64
18 32 34 45 56 57 62 66
0 20 34 36 47 58 59 64
2 22 36 38 49 60 61 66
0 4 24 38 40 51 62 63
2 6 26 40 42 53 64 65
4 8 28 42 44 55 66 67
0 1 6 10 30 44 46 57
2 3 8 12 32 46 48 59
4 5 10 14 34 48 50 61
6 7 12 16 36 50 52 63
8 9 14 18 38 52 54 65
10 11 16 20 40 54 56 67
1 12 13 18 22 42 56 58
3 14 15 20 24 44 58 60
5 16 17 22 26 46 60 62
7 18 19 24 28 48 62 64
9 20 21 26 30 50 64 66
0 11 22 23 28 32 52 66
0 2 13 24 25 30 34 54
2 4 15 26 27 32 36 56
4 6 17 28 29 34 38 58
6 8 19 30 31 36 40 60
8 10 21 32 33 38 42 62
10 12 23 34 35 40 44 64
12 14 25 36 37 42 46 66
0 14 16 27 38 39 44 48
9 10 12 17 24 39 43 67
1 11 12 14 19 26 41 45
3 13 14 16 21 28 43 47
5 15 16 18 23 30 45 49
7 17 18 20 25 32 47 51
9 19 20 22 27 34 49 53
11 21 22 24 29 36 51 55
13 23 24 26 31 38 53 57
15 25 26 28 33 40 55 59
17 27 28 30 35 42 57 61
19 29 30 32 37 44 59 63
21 31 32 34 39 46 61 65
23 33 34 36 41 48 63 67
1 25 35 36 38 43 50 65
3 27 37 38 40 45 52 67
1 5 29 39 40 42 47 54
3 7 31 41 42 44 49 56
5 9 33 43 44 46 51 58
7 11 35 45 46 48 53 60
9 13 37 47 48 50 55 62
11 15 39 49 50 52 57 64
13 17 41 51 52 54 59 66
0 15 19 43 53 54 56 61
2 17 21 45 55 56 58 63
4 19 23 47 57 58 60 65
6 21 25 49 59 60 62 67
1 8 23 27 51 61 62 64
3 10 25 29 53 63 64 66
0 5 12 27 31 55 65 66
0 2 7 14 29 33 57 67
1 2 4 9 16 31 35 59
3 4 6 11 18 33 37 61
5 6 8 13 20 35 39 63
7 8 10 15 22 37 41 65
14 22 31 40 43 57 59 63
16 24 33 42 45 59 61 65
18 26 35 44 47 61 63 67
1 20 28 37 46 49 63 65
3 22 30 39 48 51 65 67
1 5 24 32 41 50 53 67
1 3 7 26 34 43 52 55
3 5 9 28 36 45 54 57
5 7 11 30 38 47 56 59
7 9 13 32 40 49 58 61
9 11 15 34 42 51 60 63
11 13 17 36 44 53 62 65
13 15 19 38 46 55 64 67
1 15 17 21 40 48 57 66
0 3 17 19 23 42 50 59
2 5 19 21 25 44 52 61
4 7 21 23 27 46 54 63
6 9 23 25 29 48 56 65
8 11 25 27 31 50 58 67
1 10 13 27 29 33 52 60
3 12 15 29 31 35 54 62
5 14 17 31 33 37 56 64
7 16 19 33 35 39 58 66
0 9 18 21 35 37 41 60
2 11 20 23 37 39 43 62
4 13 22 25 39 41 45 64
6 15 24 27 41 43 47 66
0 8 17 26 29 43 45 49
2 10 19 28 31 45 47 51
4 12 21 30 33 47 49 53
6 14 23 32 35 49 51 55
8 16 25 34 37 51 53 57
10 18 27 36 39 53 55 59
12 20 29 38 41 55 57 61
