7 29 40
8 30 41
9 31 42
10 32 43
11 33 44
12 34 45
13 35 46
14 36 47
15 37 48
16 38 49
17 39 50
18 40 51
19 41 52
20 42 53
21 43 54
22 44 55
23 45 56
24 46 57
25 47 58
26 48 59
27 49 60
28 50 61
29 51 62
30 52 63
31 53 64
32 54 65
33 55 66
0 34 56
1 35 57
2 36 58
3 37 59
4 38 60
5 39 61
6 40 62
7 41 63
8 42 64
9 43 65
10 44 66
0 11 45
1 12 46
2 13 47
3 14 48
4 15 49
5 16 50
6 17 51
7 18 52
8 19 53
9 20 54
10 21 55
11 22 56
12 23 57
13 24 58
14 25 59
15 26 60
16 27 61
17 28 62
18 29 63
19 30 64
20 31 65
21 32 66
0 22 33
1 23 34
2 24 35
3 25 36
4 26 37
5 27 38
6 28 39
6 14 46
7 15 47
8 16 48
9 17 49
10 18 50
11 19 51
12 20 52
13 21 53
14 22 54
15 23 55
16 24 56
17 25 57
18 26 58
19 27 59
20 28 60
21 29 61
22 30 62
23 31 63
24 32 64
25 33 65
26 34 66
0 27 35
1 28 36
2 29 37
3 30 38
4 31 39
5 32 40
6 33 41
7 34 42
8 35 43
9 36 44
10 37 45
11 38 46
12 39 47
13 40 48
14 41 49
15 42 50
16 43 51
17 44 52
18 45 53
19 46 54
20 47 55
21 48 56
22 49 57
23 50 58
24 51 59
25 52 60
26 53 61
27 54 62
28 55 63
29 56 64
30 57 65
31 58 66
0 32 59
1 33 60
2 34 61
3 35 62
4 36 63
5 37 64
6 38 65
7 39 66
0 8 40
1 9 41
2 10 42
3 11 43
4 12 44
5 13 45
4 25 45
5 26 46
6 27 47
7 28 48
8 29 49
9 30 50
10 31 51
11 32 52
12 33 53
13 34 54
14 35 55
15 36 56
16 37 57
17 38 58
18 39 59
19 40 60
20 41 61
21 42 62
22 43 63
23 44 64
24 45 65
25 46 66
0 26 47
1 27 48
2 28 49
3 29 50
4 30 51
5 31 52
6 32 53
7 33 54
8 34 55
9 35 56
10 36 57
11 37 58
12 38 59
13 39 60
14 40 61
15 41 62
16 42 63
17 43 64
18 44 65
19 45 66
0 20 46
1 21 47
2 22 48
3 23 49
4 24 50
5 25 51
6 26 52
7 27 53
8 28 54
9 29 55
10 30 56
11 31 57
12 32 58
13 33 59
14 34 60
15 35 61
16 36 62
17 37 63
18 38 64
19 39 65
20 40 66
0 21 41
1 22 42
2 23 43
3 24 44
23 29 41
24 30 42
25 31 43
26 32 44
27 33 45
28 34 46
29 35 47
30 36 48
31 37 49
32 38 50
33 39 51
34 40 52
35 41 53
36 42 54
37 43 55
38 44 56
39 45 57
40 46 58
41 47 59
42 48 60
43 49 61
44 50 62
45 51 63
46 52 64
47 53 65
48 54 66
0 49 55
1 50 56
2 51 57
3 52 58
4 53 59
5 54 60
6 55 61
7 56 62
8 57 63
9 58 64
10 59 65
11 60 66
0 12 61
1 13 62
2 14 63
3 15 64
4 16 65
5 17 66
0 6 18
1 7 19
2 8 20
3 9 21
4 10 22
5 11 23
6 12 24
7 13 25
8 14 26
9 15 27
10 16 28
11 17 29
12 18 30
13 19 31
14 20 32
15 21 33
16 22 34
17 23 35
18 24 36
19 25 37
20 26 38
21 27 39
22 28 40
46 48 55
47 49 56
48 50 57
49 51 58
50 52 59
51 53 60
52 54 61
53 55 62
54 56 63
55 57 64
56 58 65
57 59 66
0 58 60
1 59 61
2 60 62
3 61 63
4 62 64
5 63 65
6 64 66
0 7 65
1 8 66
0 2 9
1 3 10
2 4 11
3 5 12
4 6 13
5 7 14
6 8 15
7 9 16
8 10 17
9 11 18
10 12 19
11 13 20
12 14 21
13 15 22
14 16 23
15 17 24
16 18 25
17 19 26
18 20 27
19 21 28
20 22 29
21 23 30
22 24 31
23 25 32
24 26 33
25 27 34
26 28 35
27 29 36
28 30 37
29 31 38
30 32 39
31 33 40
32 34 41
33 35 42
34 36 43
35 37 44
36 38 45
37 39 46
38 40 47
39 41 48
40 42 49
41 43 50
42 44 51
43 45 52
44 46 53
45 47 54
17 40 65
18 41 66
0 19 42
1 20 43
2 21 44
3 22 45
4 23 46
5 24 47
6 25 48
7 26 49
8 27 50
9 28 51
10 29 52
11 30 53
12 31 54
13 32 55
14 33 56
15 34 57
16 35 58
17 36 59
18 37 60
19 38 61
20 39 62
21 40 63
22 41 64
23 42 65
24 43 66
0 25 44
1 26 45
2 27 46
3 28 47
4 29 48
5 30 49
6 31 50
7 32 51
8 33 52
9 34 53
10 35 54
11 36 55
12 37 56
13 38 57
14 39 58
15 40 59
16 41 60
17 42 61
18 43 62
19 44 63
20 45 64
21 46 65
22 47 66
0 23 48
1 24 49
2 25 50
3 26 51
4 27 52
5 28 53
6 29 54
7 30 55
8 31 56
9 32 57
10 33 58
11 34 59
12 35 60
13 36 61
14 37 62
15 38 63
16 39 64
23 36 39
24 37 40
25 38 41
26 39 42
27 40 43
28 41 44
29 42 45
30 43 46
31 44 47
32 45 48
33 46 49
34 47 50
35 48 51
36 49 52
37 50 53
38 51 54
39 52 55
40 53 56
41 54 57
42 55 58
43 56 59
44 57 60
45 58 61
46 59 62
47 60 63
48 61 64
49 62 65
50 63 66
0 51 64
1 52 65
2 53 66
0 3 54
1 4 55
2 5 56
3 6 57
4 7 58
5 8 59
6 9 60
7 10 61
8 11 62
9 12 63
10 13 64
11 14 65
12 15 66
0 13 16
1 14 17
2 15 18
3 16 19
4 17 20
5 18 21
6 19 22
7 20 23
8 21 24
9 22 25
10 23 26
11 24 27
12 25 28
13 26 29
14 27 30
15 28 31
16 29 32
17 30 33
18 31 34
19 32 35
20 33 36
21 34 37
22 35 38
26 50 54
27 51 55
28 52 56
29 53 57
30 54 58
31 55 59
32 56 60
33 57 61
34 58 62
35 59 63
36 60 64
37 61 65
38 62 66
0 39 63
1 40 64
2 41 65
3 42 66
0 4 43
1 5 44
2 6 45
3 7 46
4 8 47
5 9 48
6 10 49
7 11 50
8 12 51
9 13 52
10 14 53
11 15 54
12 16 55
13 17 56
14 18 57
15 19 58
16 20 59
17 21 60
18 22 61
19 23 62
20 24 63
21 25 64
22 26 65
23 27 66
0 24 28
1 25 29
2 26 30
3 27 31
4 28 32
5 29 33
6 30 34
7 31 35
8 32 36
9 33 37
10 34 38
11 35 39
12 36 40
13 37 41
14 38 42
15 39 43
16 40 44
17 41 45
18 42 46
19 43 47
20 44 48
21 45 49
22 46 50
23 47 51
24 48 52
25 49 53
22 51 52
23 52 53
24 53 54
25 54 55
26 55 56
27 56 57
28 57 58
29 58 59
30 59 60
31 60 61
32 61 62
33 62 63
34 63 64
35 64 65
36 65 66
0 37 66
0 1 38
1 2 39
2 3 40
3 4 41
4 5 42
5 6 43
6 7 44
7 8 45
8 9 46
9 10 47
10 11 48
11 12 49
12 13 50
13 14 51
14 15 52
15 16 53
16 17 54
17 18 55
18 19 56
19 20 57
20 21 58
21 22 59
22 23 60
23 24 61
24 25 62
25 26 63
26 27 64
27 28 65
28 29 66
0 29 30
1 30 31
2 31 32
3 32 33
4 33 34
5 34 35
6 35 36
7 36 37
8 37 38
9 38 39
10 39 40
11 40 41
12 41 42
13 42 43
14 43 44
15 44 45
16 45 46
17 46 47
18 47 48
19 48 49
20 49 50
21 50 51
17 22 32
18 23 33
19 24 34
20 25 35
21 26 36
22 27 37
23 28 38
24 29 39
25 30 40
26 31 41
27 32 42
28 33 43
29 34 44
30 35 45
31 36 46
32 37 47
33 38 48
34 39 49
35 40 50
36 41 51
37 42 52
38 43 53
39 44 54
40 45 55
41 46 56
42 47 57
43 48 58
44 49 59
45 50 60
46 51 61
47 52 62
48 53 63
49 54 64
50 55 65
51 56 66
0 52 57
1 53 58
2 54 59
3 55 60
4 56 61
5 57 62
6 58 63
7 59 64
8 60 65
9 61 66
0 10 62
1 11 63
2 12 64
3 13 65
4 14 66
0 5 15
1 6 16
2 7 17
3 8 18
4 9 19
5 10 20
6 11 21
7 12 22
8 13 23
9 14 24
10 15 25
11 16 26
12 17 27
13 18 28
14 19 29
15 20 30
16 21 31
0 17 53
1 18 54
2 19 55
3 20 56
4 21 57
5 22 58
6 23 59
7 24 60
8 25 61
9 26 62
10 27 63
11 28 64
12 29 65
13 30 66
0 14 31
1 15 32
2 16 33
3 17 34
4 18 35
5 19 36
6 20 37
7 21 38
8 22 39
9 23 40
10 24 41
11 25 42
12 26 43
13 27 44
14 28 45
15 29 46
16 30 47
17 31 48
18 32 49
19 33 50
20 34 51
21 35 52
22 36 53
23 37 54
24 38 55
25 39 56
26 40 57
27 41 58
28 42 59
29 43 60
30 44 61
31 45 62
32 46 63
33 47 64
34 48 65
35 49 66
0 36 50
1 37 51
2 38 52
3 39 53
4 40 54
5 41 55
6 42 56
7 43 57
8 44 58
9 45 59
10 46 60
11 47 61
12 48 62
13 49 63
14 50 64
15 51 65
16 52 66
44 53 67
12 32 67
33 56 67
28 59 67
9 58 67
20 65 67
15 55 67
16 40 67
19 36 67
37 57 67
11 45 67
6 43 67
1 18 67
30 48 67
63 66 67
31 60 67
13 22 67
5 10 67
21 35 67
4 23 67
29 62 67
17 34 67
14 27 67
2 50 67
7 24 67
51 61 67
0 52 67
8 54 67
46 64 67
25 39 67
42 52 67
3 26 67
47 49 67
38 41 67
