0 4 10 14 19 27 34 54 56 59
2 6 12 16 21 29 36 56 58 61
4 8 14 18 23 31 38 58 60 63
6 10 16 20 25 33 40 60 62 65
8 12 18 22 27 35 42 62 64 67
1 10 14 20 24 29 37 44 64 66
0 3 12 16 22 26 31 39 46 66
0 2 5 14 18 24 28 33 41 48
2 4 7 16 20 26 30 35 43 50
4 6 9 18 22 28 32 37 45 52
6 8 11 20 24 30 34 39 47 54
8 10 13 22 26 32 36 41 49 56
10 12 15 24 28 34 38 43 51 58
12 14 17 26 30 36 40 45 53 60
14 16 19 28 32 38 42 47 55 62
16 18 21 30 34 40 44 49 57 64
18 20 23 32 36 42 46 51 59 66
0 20 22 25 34 38 44 48 53 61
2 22 24 27 36 40 46 50 55 63
4 24 26 29 38 42 48 52 57 65
6 26 28 31 40 44 50 54 59 67
1 8 28 30 33 42 46 52 56 61
3 10 30 32 35 44 48 54 58 63
5 12 32 34 37 46 50 56 60 65
7 14 34 36 39 48 52 58 62 67
1 9 16 36 38 41 50 54 60 64
3 11 18 38 40 43 52 56 62 66
0 5 13 20 40 42 45 54 58 64
2 7 15 22 42 44 47 56 60 66
0 4 9 17 24 44 46 49 58 62
2 6 11 19 26 46 48 51 60 64
4 8 13 21 28 48 50 53 62 66
0 6 10 15 23 30 50 52 55 64
2 8 12 17 25 32 52 54 57 66
0 1 11 15 28 35 36 57 63 65
2 3 13 17 30 37 38 59 65 67
1 4 5 15 19 32 39 40 61 67
1 3 6 7 17 21 34 41 42 63
3 5 8 9 19 23 36 43 44 65
5 7 10 11 21 25 38 45 46 67
1 7 9 12 13 23 27 40 47 48
3 9 11 14 15 25 29 42 49 50
5 11 13 16 17 27 31 44 51 52
7 13 15 18 19 29 33 46 53 54
9 15 17 20 21 31 35 48 55 56
11 17 19 22 23 33 37 50 57 58
13 19 21 24 25 35 39 52 59 60
15 21 23 26 27 37 41 54 61 62
17 23 25 28 29 39 43 56 63 64
19 25 27 30 31 41 45 58 65 66
0 21 27 29 32 33 43 47 60 67
1 2 23 29 31 34 35 45 49 62
3 4 25 31 33 36 37 47 51 64
5 6 27 33 35 38 39 49 53 66
0 7 8 29 35 37 40 41 51 55
2 9 10 31 37 39 42 43 53 57
4 11 12 33 39 41 44 45 55 59
6 13 14 35 41 43 46 47 57 61
8 15 16 37 43 45 48 49 59 63
10 17 18 39 45 47 50 51 61 65
12 19 20 41 47 49 52 53 63 67
1 14 21 22 43 49 51 54 55 65
3 16 23 24 45 51 53 56 57 67
1 5 18 25 26 47 53 55 58 59
3 7 20 27 28 49 55 57 60 61
5 9 22 29 30 51 57 59 62 63
7 11 24 31 32 53 59 61 64 65
9 13 26 33 34 55 61 63 66 67
