0 12 17 18 21 28 52 59 65
1 13 18 19 22 29 53 60 66
0 2 14 19 20 23 30 54 61
1 3 15 20 21 24 31 55 62
2 4 16 21 22 25 32 56 63
3 5 17 22 23 26 33 57 64
4 6 18 23 24 27 34 58 65
5 7 19 24 25 28 35 59 66
0 6 8 20 25 26 29 36 60
1 7 9 21 26 27 30 37 61
2 8 10 22 27 28 31 38 62
3 9 11 23 28 29 32 39 63
4 10 12 24 29 30 33 40 64
5 11 13 25 30 31 34 41 65
6 12 14 26 31 32 35 42 66
0 7 13 15 27 32 33 36 43
1 8 14 16 28 33 34 37 44
2 9 15 17 29 34 35 38 45
3 10 16 18 30 35 36 39 46
4 11 17 19 31 36 37 40 47
5 12 18 20 32 37 38 41 48
6 13 19 21 33 38 39 42 49
7 14 20 22 34 39 40 43 50
8 15 21 23 35 40 41 44 51
9 16 22 24 36 41 42 45 52
10 17 23 25 37 42 43 46 53
11 18 24 26 38 43 44 47 54
12 19 25 27 39 44 45 48 55
13 20 26 28 40 45 46 49 56
14 21 27 29 41 46 47 50 57
15 22 28 30 42 47 48 51 58
16 23 29 31 43 48 49 52 59
17 24 30 32 44 49 50 53 60
18 25 31 33 45 50 51 54 61
19 26 32 34 46 51 52 55 62
20 27 33 35 47 52 53 56 63
21 28 34 36 48 53 54 57 64
22 29 35 37 49 54 55 58 65
23 30 36 38 50 55 56 59 66
0 24 31 37 39 51 56 57 60
1 25 32 38 40 52 57 58 61
2 26 33 39 41 53 58 59 62
3 27 34 40 42 54 59 60 63
4 28 35 41 43 55 60 61 64
5 29 36 42 44 56 61 62 65
6 30 37 43 45 57 62 63 66
0 7 31 38 44 46 58 63 64
1 8 32 39 45 47 59 64 65
2 9 33 40 46 48 60 65 66
0 3 10 34 41 47 49 61 66
0 1 4 11 35 42 48 50 62
1 2 5 12 36 43 49 51 63
2 3 6 13 37 44 50 52 64
3 4 7 14 38 45 51 53 65
4 5 8 15 39 46 52 54 66
0 5 6 9 16 40 47 53 55
1 6 7 10 17 41 48 54 56
2 7 8 11 18 42 49 55 57
3 8 9 12 19 43 50 56 58
4 9 10 13 20 44 51 57 59
5 10 11 14 21 45 52 58 60
6 11 12 15 22 46 53 59 61
7 12 13 16 23 47 54 60 62
8 13 14 17 24 48 55 61 63
9 14 15 18 25 49 56 62 64
10 15 16 19 26 50 57 63 65
11 16 17 20 27 51 58 64 66
2 3 24 25 46 47 48 65 67
11 12 30 34 35 52 56 57 67
1 13 14 35 36 46 58 59 67
8 18 19 31 41 53 63 64 67
4 5 8 9 26 27 30 49 67
16 17 20 21 39 43 61 65 67
9 10 31 32 33 54 55 66 67
1 10 20 23 28 42 45 53 67
0 3 21 22 44 45 62 66 67
11 15 16 33 37 38 59 60 67
7 26 29 39 48 51 52 63 67
6 17 18 28 40 50 51 62 67
2 5 15 32 37 42 50 61 64
