12 29 31 55
14 31 33 57
16 33 35 59
18 35 37 61
20 37 39 63
22 39 41 65
24 41 43 67
1 26 43 45
3 28 45 47
5 30 47 49
7 32 49 51
9 34 51 53
11 36 53 55
13 38 55 57
15 40 57 59
17 42 59 61
19 44 61 63
21 46 63 65
23 48 65 67
1 25 50 67
1 3 27 52
3 5 29 54
5 7 31 56
7 9 33 58
9 11 35 60
11 13 37 62
13 15 39 64
15 17 41 66
0 17 19 43
2 19 21 45
4 21 23 47
6 23 25 49
8 25 27 51
10 27 29 53
23 28 36 52
25 30 38 54
27 32 40 56
29 34 42 58
31 36 44 60
33 38 46 62
35 40 48 64
37 42 50 66
0 39 44 52
2 41 46 54
4 43 48 56
6 45 50 58
8 47 52 60
10 49 54 62
12 51 56 64
14 53 58 66
0 16 55 60
2 18 57 62
4 20 59 64
6 22 61 66
0 8 24 63
2 10 26 65
4 12 28 67
1 6 14 30
3 8 16 32
5 10 18 34
7 12 20 36
9 14 22 38
11 16 24 40
13 18 26 42
15 20 28 44
17 22 30 46
19 24 32 48
21 26 34 50
9 13 36 49
11 15 38 51
13 17 40 53
15 19 42 55
17 21 44 57
19 23 46 59
21 25 48 61
23 27 50 63
25 29 52 65
27 31 54 67
1 29 33 56
3 31 35 58
5 33 37 60
7 35 39 62
9 37 41 64
11 39 43 66
0 13 41 45
2 15 43 47
4 17 45 49
6 19 47 51
8 21 49 53
10 23 51 55
12 25 53 57
14 27 55 59
16 29 57 61
18 31 59 63
20 33 61 65
22 35 63 67
1 24 37 65
3 26 39 67
1 5 28 41
3 7 30 43
5 9 32 45
7 11 34 47
12 17 52 63
14 19 54 65
16 21 56 67
1 18 23 58
3 20 25 60
5 22 27 62
7 24 29 64
9 26 31 66
0 11 28 33
2 13 30 35
4 15 32 37
6 17 34 39
8 19 36 41
10 21 38 43
12 23 40 45
14 25 42 47
16 27 44 49
18 29 46 51
20 31 48 53
22 33 50 55
24 35 52 57
26 37 54 59
28 39 56 61
30 41 58 63
32 43 60 65
34 45 62 67
1 36 47 64
3 38 49 66
0 5 40 51
2 7 42 53
4 9 44 55
6 11 46 57
8 13 48 59
10 15 50 61
9 10 14 28
11 12 16 30
13 14 18 32
15 16 20 34
17 18 22 36
19 20 24 38
21 22 26 40
23 24 28 42
25 26 30 44
27 28 32 46
29 30 34 48
31 32 36 50
33 34 38 52
35 36 40 54
37 38 42 56
39 40 44 58
41 42 46 60
43 44 48 62
45 46 50 64
47 48 52 66
0 49 50 54
2 51 52 56
4 53 54 58
6 55 56 60
8 57 58 62
10 59 60 64
12 61 62 66
0 14 63 64
2 16 65 66
0 4 18 67
1 2 6 20
3 4 8 22
5 6 10 24
7 8 12 26
0 29 31 37
2 31 33 39
4 33 35 41
6 35 37 43
8 37 39 45
10 39 41 47
12 41 43 49
14 43 45 51
16 45 47 53
18 47 49 55
20 49 51 57
22 51 53 59
24 53 55 61
26 55 57 63
28 57 59 65
30 59 61 67
1 32 61 63
3 34 63 65
5 36 65 67
1 7 38 67
1 3 9 40
3 5 11 42
5 7 13 44
7 9 15 46
9 11 17 48
11 13 19 50
13 15 21 52
15 17 23 54
17 19 25 56
19 21 27 58
21 23 29 60
23 25 31 62
25 27 33 64
27 29 35 66
17 35 51 65
19 37 53 67
1 21 39 55
3 23 41 57
5 25 43 59
7 27 45 61
9 29 47 63
11 31 49 65
13 33 51 67
1 15 35 53
3 17 37 55
5 19 39 57
7 21 41 59
9 23 43 61
11 25 45 63
13 27 47 65
15 29 49 67
1 17 31 51
3 19 33 53
5 21 35 55
7 23 37 57
9 25 39 59
11 27 41 61
13 29 43 63
15 31 45 65
17 33 47 67
1 19 35 49
3 21 37 51
5 23 39 53
7 25 41 55
9 27 43 57
11 29 45 59
13 31 47 61
15 33 49 63
5 9 20 50
7 11 22 52
9 13 24 54
11 15 26 56
13 17 28 58
15 19 30 60
17 21 32 62
19 23 34 64
21 25 36 66
0 23 27 38
2 25 29 40
4 27 31 42
6 29 33 44
8 31 35 46
10 33 37 48
12 35 39 50
14 37 41 52
16 39 43 54
18 41 45 56
20 43 47 58
22 45 49 60
24 47 51 62
26 49 53 64
28 51 55 66
0 30 53 57
2 32 55 59
4 34 57 61
6 36 59 63
8 38 61 65
10 40 63 67
1 12 42 65
3 14 44 67
1 5 16 46
3 7 18 48
6 15 27 48
8 17 29 50
10 19 31 52
12 21 33 54
14 23 35 56
16 25 37 58
18 27 39 60
20 29 41 62
22 31 43 64
24 33 45 66
0 26 35 47
2 28 37 49
4 30 39 51
6 32 41 53
8 34 43 55
10 36 45 57
12 38 47 59
14 40 49 61
16 42 51 63
18 44 53 65
20 46 55 67
1 22 48 57
3 24 50 59
5 26 52 61
7 28 54 63
9 30 56 65
11 32 58 67
1 13 34 60
3 15 36 62
5 17 38 64
7 19 40 66
0 9 21 42
2 11 23 44
4 13 25 46
27 30 36 37
29 32 38 39
31 34 40 41
33 36 42 43
35 38 44 45
37 40 46 47
39 42 48 49
41 44 50 51
43 46 52 53
45 48 54 55
47 50 56 57
49 52 58 59
51 54 60 61
53 56 62 63
55 58 64 65
57 60 66 67
0 1 59 62
2 3 61 64
4 5 63 66
0 6 7 65
2 8 9 67
1 4 10 11
3 6 12 13
5 8 14 15
7 10 16 17
9 12 18 19
11 14 20 21
13 16 22 23
15 18 24 25
17 20 26 27
19 22 28 29
21 24 30 31
23 26 32 33
25 28 34 35
14 16 36 48
16 18 38 50
18 20 40 52
20 22 42 54
22 24 44 56
24 26 46 58
26 28 48 60
28 30 50 62
30 32 52 64
32 34 54 66
0 34 36 56
2 36 38 58
4 38 40 60
6 40 42 62
8 42 44 64
10 44 46 66
0 12 46 48
2 14 48 50
4 16 50 52
6 18 52 54
8 20 54 56
10 22 56 58
12 24 58 60
14 26 60 62
16 28 62 64
18 30 64 66
0 20 32 66
0 2 22 34
2 4 24 36
4 6 26 38
6 8 28 40
8 10 30 42
10 12 32 44
12 14 34 46
30 33 40 55
32 35 42 57
34 37 44 59
36 39 46 61
38 41 48 63
40 43 50 65
42 45 52 67
1 44 47 54
3 46 49 56
5 48 51 58
7 50 53 60
9 52 55 62
11 54 57 64
13 56 59 66
0 15 58 61
2 17 60 63
4 19 62 65
6 21 64 67
1 8 23 66
0 3 10 25
2 5 12 27
4 7 14 29
6 9 16 31
8 11 18 33
10 13 20 35
12 15 22 37
14 17 24 39
16 19 26 41
18 21 28 43
20 23 30 45
22 25 32 47
24 27 34 49
26 29 36 51
28 31 38 53
