7 19 22 29 67
1 10 22 25 32
4 13 25 28 35
7 16 28 31 38
10 19 31 34 41
13 22 34 37 44
16 25 37 40 47
19 28 40 43 50
22 31 43 46 53
25 34 46 49 56
28 37 49 52 59
31 40 52 55 62
34 43 55 58 65
37 46 58 61 68
2 40 49 61 64
5 43 52 64 67
1 8 46 55 67
1 4 11 49 58
4 7 14 52 61
7 10 17 55 64
10 13 20 58 67
1 13 16 23 61
4 16 19 26 64
20 26 28 29 49
23 29 31 32 52
26 32 34 35 55
29 35 37 38 58
32 38 40 41 61
35 41 43 44 64
38 44 46 47 67
1 41 47 49 50
4 44 50 52 53
7 47 53 55 56
10 50 56 58 59
13 53 59 61 62
16 56 62 64 65
19 59 65 67 68
1 2 22 62 68
2 4 5 25 65
5 7 8 28 68
2 8 10 11 31
5 11 13 14 34
8 14 16 17 37
11 17 19 20 40
14 20 22 23 43
17 23 25 26 46
0 18 31 50 61
3 21 34 53 64
6 24 37 56 67
1 9 27 40 59
4 12 30 43 62
7 15 33 46 65
10 18 36 49 68
2 13 21 39 52
5 16 24 42 55
8 19 27 45 58
11 22 30 48 61
14 25 33 51 64
17 28 36 54 67
1 20 31 39 57
4 23 34 42 60
7 26 37 45 63
10 29 40 48 66
0 13 32 43 51
3 16 35 46 54
6 19 38 49 57
9 22 41 52 60
12 25 44 55 63
15 28 47 58 66
5 20 38 48 50
8 23 41 51 53
11 26 44 54 56
14 29 47 57 59
17 32 50 60 62
20 35 53 63 65
23 38 56 66 68
0 2 26 41 59
3 5 29 44 62
6 8 32 47 65
9 11 35 50 68
2 12 14 38 53
5 15 17 41 56
8 18 20 44 59
11 21 23 47 62
14 24 26 50 65
17 27 29 53 68
2 20 30 32 56
5 23 33 35 59
8 26 36 38 62
11 29 39 41 65
14 32 42 44 68
2 17 35 45 47
1 9 13 17 65
4 12 16 20 68
2 7 15 19 23
5 10 18 22 26
8 13 21 25 29
11 16 24 28 32
14 19 27 31 35
17 22 30 34 38
20 25 33 37 41
23 28 36 40 44
26 31 39 43 47
29 34 42 46 50
32 37 45 49 53
35 40 48 52 56
38 43 51 55 59
41 46 54 58 62
44 49 57 61 65
47 52 60 64 68
2 50 55 63 67
1 5 53 58 66
0 4 8 56 61
3 7 11 59 64
6 10 14 62 67
5 39 40 49 60
8 42 43 52 63
11 45 46 55 66
0 14 48 49 58
3 17 51 52 61
6 20 54 55 64
9 23 57 58 67
1 12 26 60 61
4 15 29 63 64
7 18 32 66 67
0 1 10 21 35
3 4 13 24 38
6 7 16 27 41
9 10 19 30 44
12 13 22 33 47
15 16 25 36 50
18 19 28 39 53
21 22 31 42 56
24 25 34 45 59
27 28 37 48 62
30 31 40 51 65
33 34 43 54 68
2 36 37 46 57
1 6 28 34 63
4 9 31 37 66
0 7 12 34 40
3 10 15 37 43
6 13 18 40 46
9 16 21 43 49
12 19 24 46 52
15 22 27 49 55
18 25 30 52 58
21 28 33 55 61
24 31 36 58 64
27 34 39 61 67
1 30 37 42 64
4 33 40 45 67
1 7 36 43 48
4 10 39 46 51
7 13 42 49 54
10 16 45 52 57
13 19 48 55 60
16 22 51 58 63
19 25 54 61 66
0 22 28 57 64
3 25 31 60 67
13 30 36 41 63
16 33 39 44 66
0 19 36 42 47
3 22 39 45 50
6 25 42 48 53
9 28 45 51 56
12 31 48 54 59
15 34 51 57 62
18 37 54 60 65
21 40 57 63 68
2 24 43 60 66
0 5 27 46 63
3 8 30 49 66
0 6 11 33 52
3 9 14 36 55
6 12 17 39 58
9 15 20 42 61
12 18 23 45 64
15 21 26 48 67
1 18 24 29 51
4 21 27 32 54
7 24 30 35 57
10 27 33 38 60
5 30 45 47 54
8 33 48 50 57
11 36 51 53 60
14 39 54 56 63
17 42 57 59 66
0 20 45 60 62
3 23 48 63 65
6 26 51 66 68
0 2 9 29 54
3 5 12 32 57
6 8 15 35 60
9 11 18 38 63
12 14 21 41 66
0 15 17 24 44
3 18 20 27 47
6 21 23 30 50
9 24 26 33 53
12 27 29 36 56
15 30 32 39 59
18 33 35 42 62
21 36 38 45 65
24 39 41 48 68
2 27 42 44 51
11 25 27 43 57
14 28 30 46 60
17 31 33 49 63
20 34 36 52 66
0 23 37 39 55
3 26 40 42 58
6 29 43 45 61
9 32 46 48 64
12 35 49 51 67
1 15 38 52 54
4 18 41 55 57
7 21 44 58 60
10 24 47 61 63
13 27 50 64 66
0 16 30 53 67
1 3 19 33 56
4 6 22 36 59
7 9 25 39 62
10 12 28 42 65
13 15 31 45 68
2 16 18 34 48
5 19 21 37 51
8 22 24 40 54
13 26 56 57 60
16 29 59 60 63
19 32 62 63 66
0 22 35 65 66
0 3 25 38 68
2 3 6 28 41
5 6 9 31 44
8 9 12 34 47
11 12 15 37 50
14 15 18 40 53
17 18 21 43 56
20 21 24 46 59
23 24 27 49 62
26 27 30 52 65
29 30 33 55 68
2 32 33 36 58
5 35 36 39 61
8 38 39 42 64
11 41 42 45 67
1 14 44 45 48
4 17 47 48 51
7 20 50 51 54
10 23 53 54 57
