3 6 10 15 23 25 26 48 54 58
4 7 11 16 24 26 27 49 55 59
5 8 12 17 25 27 28 50 56 60
6 9 13 18 26 28 29 51 57 61
7 10 14 19 27 29 30 52 58 62
8 11 15 20 28 30 31 53 59 63
9 12 16 21 29 31 32 54 60 64
10 13 17 22 30 32 33 55 61 65
11 14 18 23 31 33 34 56 62 66
12 15 19 24 32 34 35 57 63 67
13 16 20 25 33 35 36 58 64 68
0 14 17 21 26 34 36 37 59 65
1 15 18 22 27 35 37 38 60 66
2 16 19 23 28 36 38 39 61 67
3 17 20 24 29 37 39 40 62 68
0 4 18 21 25 30 38 40 41 63
1 5 19 22 26 31 39 41 42 64
2 6 20 23 27 32 40 42 43 65
3 7 21 24 28 33 41 43 44 66
4 8 22 25 29 34 42 44 45 67
5 9 23 26 30 35 43 45 46 68
0 6 10 24 27 31 36 44 46 47
1 7 11 25 28 32 37 45 47 48
2 8 12 26 29 33 38 46 48 49
3 9 13 27 30 34 39 47 49 50
4 10 14 28 31 35 40 48 50 51
5 11 15 29 32 36 41 49 51 52
6 12 16 30 33 37 42 50 52 53
7 13 17 31 34 38 43 51 53 54
8 14 18 32 35 39 44 52 54 55
9 15 19 33 36 40 45 53 55 56
10 16 20 34 37 41 46 54 56 57
11 17 21 35 38 42 47 55 57 58
12 18 22 36 39 43 48 56 58 59
13 19 23 37 40 44 49 57 59 60
14 20 24 38 41 45 50 58 60 61
15 21 25 39 42 46 51 59 61 62
16 22 26 40 43 47 52 60 62 63
17 23 27 41 44 48 53 61 63 64
18 24 28 42 45 49 54 62 64 65
19 25 29 43 46 50 55 63 65 66
20 26 30 44 47 51 56 64 66 67
21 27 31 45 48 52 57 65 67 68
0 22 28 32 46 49 53 58 66 68
0 1 23 29 33 47 50 54 59 67
1 2 24 30 34 48 51 55 60 68
0 2 3 25 31 35 49 52 56 61
1 3 4 26 32 36 50 53 57 62
2 4 5 27 33 37 51 54 58 63
3 5 6 28 34 38 52 55 59 64
4 6 7 29 35 39 53 56 60 65
5 7 8 30 36 40 54 57 61 66
6 8 9 31 37 41 55 58 62 67
7 9 10 32 38 42 56 59 63 68
0 8 10 11 33 39 43 57 60 64
1 9 11 12 34 40 44 58 61 65
2 10 12 13 35 41 45 59 62 66
3 11 13 14 36 42 46 60 63 67
4 12 14 15 37 43 47 61 64 68
0 5 13 15 16 38 44 48 62 65
1 6 14 16 17 39 45 49 63 66
2 7 15 17 18 40 46 50 64 67
3 8 16 18 19 41 47 51 65 68
0 4 9 17 19 20 42 48 52 66
1 5 10 18 20 21 43 49 53 67
2 6 11 19 21 22 44 50 54 68
0 3 7 12 20 22 23 45 51 55
1 4 8 13 21 23 24 46 52 56
2 5 9 14 22 24 25 47 53 57
