16 36 37 44
19 39 40 47
22 42 43 50
25 45 46 53
28 48 49 56
31 51 52 59
34 54 55 62
37 57 58 65
40 60 61 68
2 43 63 64
5 46 66 67
0 1 8 49
3 4 11 52
6 7 14 55
9 10 17 58
12 13 20 61
15 16 23 64
18 19 26 67
1 21 22 29
4 24 25 32
7 27 28 35
10 30 31 38
13 33 34 41
4 9 27 54
7 12 30 57
10 15 33 60
13 18 36 63
16 21 39 66
0 19 24 42
3 22 27 45
6 25 30 48
9 28 33 51
12 31 36 54
15 34 39 57
18 37 42 60
21 40 45 63
24 43 48 66
0 27 46 51
3 30 49 54
6 33 52 57
9 36 55 60
12 39 58 63
15 42 61 66
0 18 45 64
3 21 48 67
1 6 24 51
31 48 60 62
34 51 63 65
37 54 66 68
0 2 40 57
3 5 43 60
6 8 46 63
9 11 49 66
0 12 14 52
3 15 17 55
6 18 20 58
9 21 23 61
12 24 26 64
15 27 29 67
1 18 30 32
4 21 33 35
7 24 36 38
10 27 39 41
13 30 42 44
16 33 45 47
19 36 48 50
22 39 51 53
25 42 54 56
28 45 57 59
1 4 12 66
0 4 7 15
3 7 10 18
6 10 13 21
9 13 16 24
12 16 19 27
15 19 22 30
18 22 25 33
21 25 28 36
24 28 31 39
27 31 34 42
30 34 37 45
33 37 40 48
36 40 43 51
39 43 46 54
42 46 49 57
45 49 52 60
48 52 55 63
51 55 58 66
0 54 58 61
3 57 61 64
6 60 64 67
1 9 63 67
34 58 64 68
2 37 61 67
1 5 40 64
4 8 43 67
1 7 11 46
4 10 14 49
7 13 17 52
10 16 20 55
13 19 23 58
16 22 26 61
19 25 29 64
22 28 32 67
1 25 31 35
4 28 34 38
7 31 37 41
10 34 40 44
13 37 43 47
16 40 46 50
19 43 49 53
22 46 52 56
25 49 55 59
28 52 58 62
31 55 61 65
15 35 40 58
18 38 43 61
21 41 46 64
24 44 49 67
1 27 47 52
4 30 50 55
7 33 53 58
10 36 56 61
13 39 59 64
16 42 62 67
1 19 45 65
4 22 48 68
2 7 25 51
5 10 28 54
8 13 31 57
11 16 34 60
14 19 37 63
17 22 40 66
0 20 25 43
3 23 28 46
6 26 31 49
9 29 34 52
12 32 37 55
5 15 36 47
8 18 39 50
11 21 42 53
14 24 45 56
17 27 48 59
20 30 51 62
23 33 54 65
26 36 57 68
2 29 39 60
5 32 42 63
8 35 45 66
0 11 38 48
3 14 41 51
6 17 44 54
9 20 47 57
12 23 50 60
15 26 53 63
18 29 56 66
0 21 32 59
3 24 35 62
6 27 38 65
9 30 41 68
2 12 33 44
7 29 47 63
10 32 50 66
0 13 35 53
3 16 38 56
6 19 41 59
9 22 44 62
12 25 47 65
15 28 50 68
2 18 31 53
5 21 34 56
8 24 37 59
11 27 40 62
14 30 43 65
17 33 46 68
2 20 36 49
5 23 39 52
8 26 42 55
11 29 45 58
14 32 48 61
17 35 51 64
20 38 54 67
1 23 41 57
4 26 44 60
10 24 59 63
13 27 62 66
0 16 30 65
3 19 33 68
2 6 22 36
5 9 25 39
8 12 28 42
11 15 31 45
14 18 34 48
17 21 37 51
20 24 40 54
23 27 43 57
26 30 46 60
29 33 49 63
32 36 52 66
0 35 39 55
3 38 42 58
6 41 45 61
9 44 48 64
12 47 51 67
1 15 50 54
4 18 53 57
7 21 56 60
16 18 35 49
19 21 38 52
22 24 41 55
25 27 44 58
28 30 47 61
31 33 50 64
34 36 53 67
1 37 39 56
4 40 42 59
7 43 45 62
10 46 48 65
13 49 51 68
2 16 52 54
5 19 55 57
8 22 58 60
11 25 61 63
14 28 64 66
0 17 31 67
1 3 20 34
4 6 23 37
7 9 26 40
10 12 29 43
13 15 32 46
1 33 43 55
4 36 46 58
7 39 49 61
10 42 52 64
13 45 55 67
1 16 48 58
4 19 51 61
7 22 54 64
10 25 57 67
1 13 28 60
4 16 31 63
7 19 34 66
0 10 22 37
3 13 25 40
6 16 28 43
9 19 31 46
12 22 34 49
15 25 37 52
18 28 40 55
21 31 43 58
24 34 46 61
27 37 49 64
30 40 52 67
14 22 46 47
17 25 49 50
20 28 52 53
23 31 55 56
26 34 58 59
29 37 61 62
32 40 64 65
35 43 67 68
1 2 38 46
4 5 41 49
7 8 44 52
10 11 47 55
13 14 50 58
16 17 53 61
19 20 56 64
22 23 59 67
1 25 26 62
4 28 29 65
7 31 32 68
2 10 34 35
5 13 37 38
8 16 40 41
11 19 43 44
1 44 59 61
4 47 62 64
7 50 65 67
1 10 53 68
2 4 13 56
5 7 16 59
8 10 19 62
11 13 22 65
14 16 25 68
2 17 19 28
5 20 22 31
8 23 25 34
11 26 28 37
14 29 31 40
17 32 34 43
20 35 37 46
23 38 40 49
26 41 43 52
29 44 46 55
32 47 49 58
35 50 52 61
38 53 55 64
41 56 58 67
2 30 59 66
0 5 33 62
3 8 36 65
6 11 39 68
2 9 14 42
5 12 17 45
8 15 20 48
11 18 23 51
14 21 26 54
17 24 29 57
20 27 32 60
23 30 35 63
26 33 38 66
0 29 36 41
3 32 39 44
6 35 42 47
9 38 45 50
12 41 48 53
15 44 51 56
18 47 54 59
21 50 57 62
24 53 60 65
27 56 63 68
14 15 27 36
17 18 30 39
20 21 33 42
23 24 36 45
26 27 39 48
29 30 42 51
32 33 45 54
35 36 48 57
38 39 51 60
41 42 54 63
44 45 57 66
0 47 48 60
3 50 51 63
6 53 54 66
0 9 56 57
3 12 59 60
6 15 62 63
9 18 65 66
0 12 21 68
2 3 15 24
5 6 18 27
8 9 21 30
11 12 24 33
32 53 56 62
35 56 59 65
38 59 62 68
2 41 62 65
5 44 65 68
2 8 47 68
2 5 11 50
5 8 14 53
8 11 17 56
11 14 20 59
14 17 23 62
17 20 26 65
20 23 29 68
2 23 26 32
5 26 29 35
8 29 32 38
11 32 35 41
14 35 38 44
17 38 41 47
20 41 44 50
23 44 47 53
26 47 50 56
29 50 53 59
16 32 51 57
19 35 54 60
22 38 57 63
25 41 60 66
0 28 44 63
3 31 47 66
0 6 34 50
3 9 37 53
6 12 40 56
9 15 43 59
12 18 46 62
15 21 49 65
18 24 52 68
2 21 27 55
5 24 30 58
8 27 33 61
11 30 36 64
14 33 39 67
1 17 36 42
4 20 39 45
7 23 42 48
10 26 45 51
13 29 48 54
39 42 52 65
42 45 55 68
2 45 48 58
5 48 51 61
8 51 54 64
11 54 57 67
1 14 57 60
4 17 60 63
7 20 63 66
0 10 23 66
0 3 13 26
3 6 16 29
6 9 19 32
9 12 22 35
12 15 25 38
15 18 28 41
18 21 31 44
21 24 34 47
24 27 37 50
27 30 40 53
30 33 43 56
33 36 46 59
36 39 49 62
