21 25 31 56 62 68
25 29 35 60 66 68
2 29 33 39 64 68
0 6 33 37 43 68
4 10 37 41 47 68
8 14 41 45 51 68
12 18 45 49 55 68
16 22 49 53 59 68
20 26 53 57 63 68
24 30 57 61 67 68
3 28 34 61 65 68
1 7 32 38 65 68
1 5 11 36 42 68
5 9 15 40 46 68
9 13 19 44 50 68
13 17 23 48 54 68
17 21 27 52 58 68
2 17 25 36 40 51
6 21 29 40 44 55
10 25 33 44 48 59
14 29 37 48 52 63
18 33 41 52 56 67
3 22 37 45 56 60
7 26 41 49 60 64
0 11 30 45 53 64
0 4 15 34 49 57
4 8 19 38 53 61
8 12 23 42 57 65
1 12 16 27 46 61
5 16 20 31 50 65
1 9 20 24 35 54
5 13 24 28 39 58
9 17 28 32 43 62
13 21 32 36 47 66
6 7 12 25 34 67
3 10 11 16 29 38
7 14 15 20 33 42
11 18 19 24 37 46
15 22 23 28 41 50
19 26 27 32 45 54
23 30 31 36 49 58
27 34 35 40 53 62
31 38 39 44 57 66
2 35 42 43 48 61
6 39 46 47 52 65
1 10 43 50 51 56
5 14 47 54 55 60
9 18 51 58 59 64
0 13 22 55 62 63
4 17 26 59 66 67
2 3 8 21 30 63
8 10 20 21 52 55
12 14 24 25 56 59
16 18 28 29 60 63
20 22 32 33 64 67
0 3 24 26 36 37
4 7 28 30 40 41
8 11 32 34 44 45
12 15 36 38 48 49
16 19 40 42 52 53
20 23 44 46 56 57
24 27 48 50 60 61
28 31 52 54 64 65
0 1 32 35 56 58
4 5 36 39 60 62
8 9 40 43 64 66
0 2 12 13 44 47
4 6 16 17 48 51
28 38 42 51 59 66
2 32 42 46 55 63
6 36 46 50 59 67
3 10 40 50 54 63
7 14 44 54 58 67
3 11 18 48 58 62
7 15 22 52 62 66
2 11 19 26 56 66
2 6 15 23 30 60
6 10 19 27 34 64
0 10 14 23 31 38
4 14 18 27 35 42
8 18 22 31 39 46
12 22 26 35 43 50
16 26 30 39 47 54
20 30 34 43 51 58
24 34 38 47 55 62
0 25 34 41 46 54
4 29 38 45 50 58
8 33 42 49 54 62
12 37 46 53 58 66
2 16 41 50 57 62
6 20 45 54 61 66
2 10 24 49 58 65
1 6 14 28 53 62
5 10 18 32 57 66
2 9 14 22 36 61
6 13 18 26 40 65
1 10 17 22 30 44
5 14 21 26 34 48
9 18 25 30 38 52
13 22 29 34 42 56
17 26 33 38 46 60
21 30 37 42 50 64
3 6 24 31 32 42
7 10 28 35 36 46
11 14 32 39 40 50
15 18 36 43 44 54
19 22 40 47 48 58
23 26 44 51 52 62
27 30 48 55 56 66
2 31 34 52 59 60
6 35 38 56 63 64
0 10 39 42 60 67
3 4 14 43 46 64
0 7 8 18 47 50
4 11 12 22 51 54
8 15 16 26 55 58
12 19 20 30 59 62
16 23 24 34 63 66
2 20 27 28 38 67
8 15 17 24 56 64
0 12 19 21 28 60
4 16 23 25 32 64
0 8 20 27 29 36
4 12 24 31 33 40
8 16 28 35 37 44
12 20 32 39 41 48
16 24 36 43 45 52
20 28 40 47 49 56
24 32 44 51 53 60
28 36 48 55 57 64
0 32 40 52 59 61
4 36 44 56 63 65
1 8 40 48 60 67
3 5 12 44 52 64
0 7 9 16 48 56
4 11 13 20 52 60
5 19 23 35 45 67
3 9 23 27 39 49
7 13 27 31 43 53
11 17 31 35 47 57
15 21 35 39 51 61
19 25 39 43 55 65
1 23 29 43 47 59
5 27 33 47 51 63
9 31 37 51 55 67
3 13 35 41 55 59
7 17 39 45 59 63
11 21 43 49 63 67
3 15 25 47 53 67
3 7 19 29 51 57
7 11 23 33 55 61
11 15 27 37 59 65
1 15 19 31 41 63
4 9 21 54 57 59
8 13 25 58 61 63
12 17 29 62 65 67
1 3 16 21 33 66
2 5 7 20 25 37
6 9 11 24 29 41
10 13 15 28 33 45
14 17 19 32 37 49
18 21 23 36 41 53
22 25 27 40 45 57
26 29 31 44 49 61
30 33 35 48 53 65
1 34 37 39 52 57
5 38 41 43 56 61
9 42 45 47 60 65
1 13 46 49 51 64
0 5 17 50 53 55
7 21 22 24 38 65
1 11 25 26 28 42
5 15 29 30 32 46
9 19 33 34 36 50
13 23 37 38 40 54
17 27 41 42 44 58
21 31 45 46 48 62
25 35 49 50 52 66
2 29 39 53 54 56
6 33 43 57 58 60
10 37 47 61 62 64
0 14 41 51 65 66
1 2 4 18 45 55
5 6 8 22 49 59
9 10 12 26 53 63
13 14 16 30 57 67
3 17 18 20 34 61
