2 23 24 32 42 64 66
3 24 25 33 43 65 67
4 25 26 34 44 66 68
0 5 26 27 35 45 67
1 6 27 28 36 46 68
0 2 7 28 29 37 47
1 3 8 29 30 38 48
2 4 9 30 31 39 49
3 5 10 31 32 40 50
4 6 11 32 33 41 51
5 7 12 33 34 42 52
6 8 13 34 35 43 53
7 9 14 35 36 44 54
8 10 15 36 37 45 55
9 11 16 37 38 46 56
10 12 17 38 39 47 57
11 13 18 39 40 48 58
12 14 19 40 41 49 59
13 15 20 41 42 50 60
14 16 21 42 43 51 61
15 17 22 43 44 52 62
16 18 23 44 45 53 63
17 19 24 45 46 54 64
18 20 25 46 47 55 65
19 21 26 47 48 56 66
20 22 27 48 49 57 67
21 23 28 49 50 58 68
0 22 24 29 50 51 59
1 23 25 30 51 52 60
2 24 26 31 52 53 61
3 25 27 32 53 54 62
4 26 28 33 54 55 63
5 27 29 34 55 56 64
6 28 30 35 56 57 65
7 29 31 36 57 58 66
8 30 32 37 58 59 67
9 31 33 38 59 60 68
0 10 32 34 39 60 61
1 11 33 35 40 61 62
2 12 34 36 41 62 63
3 13 35 37 42 63 64
4 14 36 38 43 64 65
5 15 37 39 44 65 66
6 16 38 40 45 66 67
7 17 39 41 46 67 68
0 8 18 40 42 47 68
0 1 9 19 41 43 48
1 2 10 20 42 44 49
2 3 11 21 43 45 50
3 4 12 22 44 46 51
4 5 13 23 45 47 52
5 6 14 24 46 48 53
6 7 15 25 47 49 54
7 8 16 26 48 50 55
8 9 17 27 49 51 56
9 10 18 28 50 52 57
10 11 19 29 51 53 58
11 12 20 30 52 54 59
12 13 21 31 53 55 60
13 14 22 32 54 56 61
14 15 23 33 55 57 62
15 16 24 34 56 58 63
16 17 25 35 57 59 64
17 18 26 36 58 60 65
18 19 27 37 59 61 66
19 20 28 38 60 62 67
20 21 29 39 61 63 68
0 21 22 30 40 62 64
1 22 23 31 41 63 65
3 24 35 36 39 49 55
4 25 36 37 40 50 56
5 26 37 38 41 51 57
6 27 38 39 42 52 58
7 28 39 40 43 53 59
8 29 40 41 44 54 60
9 30 41 42 45 55 61
10 31 42 43 46 56 62
11 32 43 44 47 57 63
12 33 44 45 48 58 64
13 34 45 46 49 59 65
14 35 46 47 50 60 66
15 36 47 48 51 61 67
16 37 48 49 52 62 68
0 17 38 49 50 53 63
1 18 39 50 51 54 64
2 19 40 51 52 55 65
3 20 41 52 53 56 66
4 21 42 53 54 57 67
5 22 43 54 55 58 68
0 6 23 44 55 56 59
1 7 24 45 56 57 60
2 8 25 46 57 58 61
3 9 26 47 58 59 62
4 10 27 48 59 60 63
5 11 28 49 60 61 64
6 12 29 50 61 62 65
7 13 30 51 62 63 66
8 14 31 52 63 64 67
9 15 32 53 64 65 68
0 10 16 33 54 65 66
1 11 17 34 55 66 67
2 12 18 35 56 67 68
0 3 13 19 36 57 68
0 1 4 14 20 37 58
1 2 5 15 21 38 59
2 3 6 16 22 39 60
3 4 7 17 23 40 61
4 5 8 18 24 41 62
5 6 9 19 25 42 63
6 7 10 20 26 43 64
7 8 11 21 27 44 65
8 9 12 22 28 45 66
9 10 13 23 29 46 67
10 11 14 24 30 47 68
0 11 12 15 25 31 48
1 12 13 16 26 32 49
2 13 14 17 27 33 50
3 14 15 18 28 34 51
4 15 16 19 29 35 52
5 16 17 20 30 36 53
6 17 18 21 31 37 54
7 18 19 22 32 38 55
8 19 20 23 33 39 56
9 20 21 24 34 40 57
10 21 22 25 35 41 58
11 22 23 26 36 42 59
12 23 24 27 37 43 60
13 24 25 28 38 44 61
14 25 26 29 39 45 62
15 26 27 30 40 46 63
16 27 28 31 41 47 64
17 28 29 32 42 48 65
18 29 30 33 43 49 66
19 30 31 34 44 50 67
20 31 32 35 45 51 68
0 21 32 33 36 46 52
1 22 33 34 37 47 53
2 23 34 35 38 48 54
