2 7 8 12 55 62
5 10 11 15 58 65
8 13 14 18 61 68
2 11 16 17 21 64
5 14 19 20 24 67
1 8 17 22 23 27
4 11 20 25 26 30
7 14 23 28 29 33
10 17 26 31 32 36
13 20 29 34 35 39
16 23 32 37 38 42
19 26 35 40 41 45
22 29 38 43 44 48
25 32 41 46 47 51
28 35 44 49 50 54
31 38 47 52 53 57
34 41 50 55 56 60
37 44 53 58 59 63
40 47 56 61 62 66
0 43 50 59 64 65
3 46 53 62 67 68
1 2 6 49 56 65
4 5 9 52 59 68
6 9 19 43 58 66
0 9 12 22 46 61
3 12 15 25 49 64
6 15 18 28 52 67
1 9 18 21 31 55
4 12 21 24 34 58
7 15 24 27 37 61
10 18 27 30 40 64
13 21 30 33 43 67
1 16 24 33 36 46
4 19 27 36 39 49
7 22 30 39 42 52
10 25 33 42 45 55
13 28 36 45 48 58
16 31 39 48 51 61
19 34 42 51 54 64
22 37 45 54 57 67
1 25 40 48 57 60
4 28 43 51 60 63
7 31 46 54 63 66
0 10 34 49 57 66
0 3 13 37 52 60
3 6 16 40 55 63
19 23 25 44 52 63
22 26 28 47 55 66
0 25 29 31 50 58
3 28 32 34 53 61
6 31 35 37 56 64
9 34 38 40 59 67
1 12 37 41 43 62
4 15 40 44 46 65
7 18 43 47 49 68
2 10 21 46 50 52
5 13 24 49 53 55
8 16 27 52 56 58
11 19 30 55 59 61
14 22 33 58 62 64
17 25 36 61 65 67
1 20 28 39 64 68
2 4 23 31 42 67
1 5 7 26 34 45
4 8 10 29 37 48
7 11 13 32 40 51
10 14 16 35 43 54
13 17 19 38 46 57
16 20 22 41 49 60
2 20 27 43 51 69
5 23 30 46 54 69
8 26 33 49 57 69
11 29 36 52 60 69
14 32 39 55 63 69
17 35 42 58 66 69
0 20 38 45 61 69
3 23 41 48 64 69
6 26 44 51 67 69
1 9 29 47 54 69
4 12 32 50 57 69
7 15 35 53 60 69
10 18 38 56 63 69
13 21 41 59 66 69
0 16 24 44 62 69
3 19 27 47 65 69
6 22 30 50 68 69
2 9 25 33 53 69
5 12 28 36 56 69
8 15 31 39 59 69
11 18 34 42 62 69
14 21 37 45 65 69
17 24 40 48 68 69
1 3 17 24 29 59
4 6 20 27 32 62
7 9 23 30 35 65
10 12 26 33 38 68
2 13 15 29 36 41
5 16 18 32 39 44
8 19 21 35 42 47
11 22 24 38 45 50
14 25 27 41 48 53
17 28 30 44 51 56
20 31 33 47 54 59
23 34 36 50 57 62
26 37 39 53 60 65
29 40 42 56 63 68
2 32 43 45 59 66
0 5 35 46 48 62
3 8 38 49 51 65
6 11 41 52 54 68
2 9 14 44 55 57
5 12 17 47 58 60
8 15 20 50 61 63
11 18 23 53 64 66
0 14 21 26 56 67
0 4 18 33 45 56
3 7 21 36 48 59
6 10 24 39 51 62
9 13 27 42 54 65
12 16 30 45 57 68
2 15 19 33 48 60
5 18 22 36 51 63
8 21 25 39 54 66
0 11 24 28 42 57
3 14 27 31 45 60
6 17 30 34 48 63
9 20 33 37 51 66
0 12 23 36 40 54
3 15 26 39 43 57
6 18 29 42 46 60
9 21 32 45 49 63
12 24 35 48 52 66
0 15 27 38 51 55
3 18 30 41 54 58
6 21 33 44 57 61
9 24 36 47 60 64
12 27 39 50 63 67
1 15 30 42 53 66
8 24 30 32 60 67
1 11 27 33 35 63
4 14 30 36 38 66
0 7 17 33 39 41
3 10 20 36 42 44
6 13 23 39 45 47
9 16 26 42 48 50
12 19 29 45 51 53
15 22 32 48 54 56
18 25 35 51 57 59
21 28 38 54 60 62
24 31 41 57 63 65
27 34 44 60 66 68
0 2 30 37 47 63
3 5 33 40 50 66
0 6 8 36 43 53
3 9 11 39 46 56
6 12 14 42 49 59
9 15 17 45 52 62
12 18 20 48 55 65
15 21 23 51 58 68
2 18 24 26 54 61
5 21 27 29 57 64
26 27 28 29 46 59
29 30 31 32 49 62
32 33 34 35 52 65
35 36 37 38 55 68
2 38 39 40 41 58
5 41 42 43 44 61
8 44 45 46 47 64
11 47 48 49 50 67
1 14 50 51 52 53
4 17 53 54 55 56
7 20 56 57 58 59
10 23 59 60 61 62
13 26 62 63 64 65
16 29 65 66 67 68
0 1 2 19 32 68
2 3 4 5 22 35
5 6 7 8 25 38
8 9 10 11 28 41
11 12 13 14 31 44
14 15 16 17 34 47
17 18 19 20 37 50
20 21 22 23 40 53
23 24 25 26 43 56
1 16 25 28 38 64
4 19 28 31 41 67
1 7 22 31 34 44
4 10 25 34 37 47
7 13 28 37 40 50
10 16 31 40 43 53
13 19 34 43 46 56
16 22 37 46 49 59
19 25 40 49 52 62
22 28 43 52 55 65
25 31 46 55 58 68
2 28 34 49 58 61
5 31 37 52 61 64
8 34 40 55 64 67
1 11 37 43 58 67
1 4 14 40 46 61
4 7 17 43 49 64
7 10 20 46 52 67
1 10 13 23 49 55
4 13 16 26 52 58
7 16 19 29 55 61
10 19 22 32 58 64
13 22 25 35 61 67
