1 18 27 30 47
4 21 30 33 50
7 24 33 36 53
10 27 36 39 56
13 30 39 42 59
16 33 42 45 62
19 36 45 48 65
22 39 48 51 68
2 25 42 51 54
5 28 45 54 57
8 31 48 57 60
11 34 51 60 63
14 37 54 63 66
0 17 40 57 66
0 3 20 43 60
3 6 23 46 63
6 9 26 49 66
0 9 12 29 52
3 12 15 32 55
6 15 18 35 58
9 18 21 38 61
12 21 24 41 64
15 24 27 44 67
1 19 55 66 67
0 1 4 22 58
3 4 7 25 61
6 7 10 28 64
9 10 13 31 67
1 12 13 16 34
4 15 16 19 37
7 18 19 22 40
10 21 22 25 43
13 24 25 28 46
16 27 28 31 49
19 30 31 34 52
22 33 34 37 55
25 36 37 40 58
28 39 40 43 61
31 42 43 46 64
34 45 46 49 67
1 37 48 49 52
4 40 51 52 55
7 43 54 55 58
10 46 57 58 61
13 49 60 61 64
16 52 63 64 67
10 18 52 53 69
13 21 55 56 69
16 24 58 59 69
19 27 61 62 69
22 30 64 65 69
25 33 67 68 69
1 2 28 36 69
4 5 31 39 69
7 8 34 42 69
10 11 37 45 69
13 14 40 48 69
16 17 43 51 69
19 20 46 54 69
22 23 49 57 69
25 26 52 60 69
28 29 55 63 69
31 32 58 66 69
0 34 35 61 69
3 37 38 64 69
6 40 41 67 69
1 9 43 44 69
4 12 46 47 69
7 15 49 50 69
5 12 25 42 56
8 15 28 45 59
11 18 31 48 62
14 21 34 51 65
17 24 37 54 68
2 20 27 40 57
5 23 30 43 60
8 26 33 46 63
11 29 36 49 66
0 14 32 39 52
3 17 35 42 55
6 20 38 45 58
9 23 41 48 61
12 26 44 51 64
15 29 47 54 67
1 18 32 50 57
4 21 35 53 60
7 24 38 56 63
10 27 41 59 66
0 13 30 44 62
3 16 33 47 65
6 19 36 50 68
2 9 22 39 53
14 29 45 50 64
17 32 48 53 67
1 20 35 51 56
4 23 38 54 59
7 26 41 57 62
10 29 44 60 65
13 32 47 63 68
2 16 35 50 66
0 5 19 38 53
3 8 22 41 56
6 11 25 44 59
9 14 28 47 62
12 17 31 50 65
15 20 34 53 68
2 18 23 37 56
5 21 26 40 59
8 24 29 43 62
11 27 32 46 65
14 30 35 49 68
2 17 33 38 52
5 20 36 41 55
8 23 39 44 58
11 26 42 47 61
6 13 37 43 50
9 16 40 46 53
12 19 43 49 56
15 22 46 52 59
18 25 49 55 62
21 28 52 58 65
24 31 55 61 68
2 27 34 58 64
5 30 37 61 67
1 8 33 40 64
4 11 36 43 67
1 7 14 39 46
4 10 17 42 49
7 13 20 45 52
10 16 23 48 55
13 19 26 51 58
16 22 29 54 61
19 25 32 57 64
22 28 35 60 67
1 25 31 38 63
4 28 34 41 66
0 7 31 37 44
3 10 34 40 47
2 26 43 45 68
2 5 29 46 48
5 8 32 49 51
8 11 35 52 54
11 14 38 55 57
14 17 41 58 60
17 20 44 61 63
20 23 47 64 66
0 23 26 50 67
1 3 26 29 53
4 6 29 32 56
7 9 32 35 59
10 12 35 38 62
13 15 38 41 65
16 18 41 44 68
2 19 21 44 47
5 22 24 47 50
8 25 27 50 53
11 28 30 53 56
14 31 33 56 59
17 34 36 59 62
20 37 39 62 65
23 40 42 65 68
20 29 30 33 58
23 32 33 36 61
26 35 36 39 64
29 38 39 42 67
1 32 41 42 45
4 35 44 45 48
7 38 47 48 51
10 41 50 51 54
13 44 53 54 57
16 47 56 57 60
19 50 59 60 63
22 53 62 63 66
0 25 56 65 66
0 3 28 59 68
2 3 6 31 62
5 6 9 34 65
8 9 12 37 68
2 11 12 15 40
5 14 15 18 43
8 17 18 21 46
11 20 21 24 49
14 23 24 27 52
17 26 27 30 55
27 43 48 56 59
30 46 51 59 62
33 49 54 62 65
36 52 57 65 68
2 39 55 60 68
2 5 42 58 63
5 8 45 61 66
0 8 11 48 64
3 11 14 51 67
1 6 14 17 54
4 9 17 20 57
7 12 20 23 60
10 15 23 26 63
13 18 26 29 66
0 16 21 29 32
3 19 24 32 35
6 22 27 35 38
9 25 30 38 41
12 28 33 41 44
15 31 36 44 47
18 34 39 47 50
21 37 42 50 53
24 40 45 53 56
50 52 56 61 62
53 55 59 64 65
56 58 62 67 68
1 2 59 61 65
4 5 62 64 68
2 7 8 65 67
1 5 10 11 68
2 4 8 13 14
5 7 11 16 17
8 10 14 19 20
11 13 17 22 23
14 16 20 25 26
17 19 23 28 29
20 22 26 31 32
23 25 29 34 35
26 28 32 37 38
29 31 35 40 41
32 34 38 43 44
35 37 41 46 47
38 40 44 49 50
41 43 47 52 53
44 46 50 55 56
47 49 53 58 59
0 9 19 24 42
3 12 22 27 45
6 15 25 30 48
9 18 28 33 51
12 21 31 36 54
15 24 34 39 57
18 27 37 42 60
21 30 40 45 63
24 33 43 48 66
0 27 36 46 51
3 30 39 49 54
6 33 42 52 57
9 36 45 55 60
12 39 48 58 63
15 42 51 61 66
0 18 45 54 64
3 21 48 57 67
1 6 24 51 60
4 9 27 54 63
7 12 30 57 66
0 10 15 33 60
3 13 18 36 63
6 16 21 39 66
3 9 11 50 58
6 12 14 53 61
9 15 17 56 64
12 18 20 59 67
1 15 21 23 62
4 18 24 26 65
7 21 27 29 68
2 10 24 30 32
5 13 27 33 35
8 16 30 36 38
11 19 33 39 41
14 22 36 42 44
17 25 39 45 47
20 28 42 48 50
23 31 45 51 53
26 34 48 54 56
29 37 51 57 59
32 40 54 60 62
35 43 57 63 65
38 46 60 66 68
0 2 41 49 63
3 5 44 52 66
0 6 8 47 55
