5 29 30 48
8 32 33 51
11 35 36 54
14 38 39 57
17 41 42 60
20 44 45 63
23 47 48 66
0 26 50 51
3 29 53 54
6 32 56 57
9 35 59 60
12 38 62 63
15 41 65 66
0 18 44 68
2 3 21 47
5 6 24 50
8 9 27 53
11 12 30 56
14 15 33 59
17 18 36 62
20 21 39 65
23 24 42 68
2 26 27 45
4 9 16 68
2 7 12 19
5 10 15 22
8 13 18 25
11 16 21 28
14 19 24 31
17 22 27 34
20 25 30 37
23 28 33 40
26 31 36 43
29 34 39 46
32 37 42 49
35 40 45 52
38 43 48 55
41 46 51 58
44 49 54 61
47 52 57 64
50 55 60 67
1 53 58 63
4 56 61 66
0 7 59 64
3 10 62 67
1 6 13 65
29 49 58 64
32 52 61 67
1 35 55 64
4 38 58 67
1 7 41 61
4 10 44 64
7 13 47 67
1 10 16 50
4 13 19 53
7 16 22 56
10 19 25 59
13 22 28 62
16 25 31 65
19 28 34 68
2 22 31 37
5 25 34 40
8 28 37 43
11 31 40 46
14 34 43 49
17 37 46 52
20 40 49 55
23 43 52 58
26 46 55 61
47 49 62 68
2 50 52 65
5 53 55 68
2 8 56 58
5 11 59 61
8 14 62 64
11 17 65 67
1 14 20 68
2 4 17 23
5 7 20 26
8 10 23 29
11 13 26 32
14 16 29 35
17 19 32 38
20 22 35 41
23 25 38 44
26 28 41 47
29 31 44 50
32 34 47 53
35 37 50 56
38 40 53 59
41 43 56 62
44 46 59 65
9 11 14 45
12 14 17 48
15 17 20 51
18 20 23 54
21 23 26 57
24 26 29 60
27 29 32 63
30 32 35 66
0 33 35 38
3 36 38 41
6 39 41 44
9 42 44 47
12 45 47 50
15 48 50 53
18 51 53 56
21 54 56 59
24 57 59 62
27 60 62 65
30 63 65 68
2 33 66 68
0 2 5 36
3 5 8 39
6 8 11 42
0 3 28 57
3 6 31 60
6 9 34 63
9 12 37 66
0 12 15 40
3 15 18 43
6 18 21 46
9 21 24 49
12 24 27 52
15 27 30 55
18 30 33 58
21 33 36 61
24 36 39 64
27 39 42 67
1 30 42 45
4 33 45 48
7 36 48 51
10 39 51 54
13 42 54 57
16 45 57 60
19 48 60 63
22 51 63 66
0 25 54 66
10 34 60 61
13 37 63 64
16 40 66 67
0 1 19 43
3 4 22 46
6 7 25 49
9 10 28 52
12 13 31 55
15 16 34 58
18 19 37 61
21 22 40 64
24 25 43 67
1 27 28 46
4 30 31 49
7 33 34 52
10 36 37 55
13 39 40 58
16 42 43 61
19 45 46 64
22 48 49 67
1 25 51 52
4 28 54 55
7 31 57 58
5 45 49 66
0 8 48 52
3 11 51 55
6 14 54 58
9 17 57 61
12 20 60 64
15 23 63 67
1 18 26 66
0 4 21 29
3 7 24 32
6 10 27 35
9 13 30 38
12 16 33 41
15 19 36 44
18 22 39 47
21 25 42 50
24 28 45 53
27 31 48 56
30 34 51 59
33 37 54 62
36 40 57 65
39 43 60 68
2 42 46 63
10 26 42 65
13 29 45 68
2 16 32 48
5 19 35 51
8 22 38 54
11 25 41 57
14 28 44 60
17 31 47 63
20 34 50 66
0 23 37 53
3 26 40 56
6 29 43 59
9 32 46 62
12 35 49 65
15 38 52 68
2 18 41 55
5 21 44 58
8 24 47 61
11 27 50 64
14 30 53 67
1 17 33 56
4 20 36 59
7 23 39 62
58 62 66 69
0 61 65 69
3 64 68 69
2 6 67 69
1 5 9 69
4 8 12 69
7 11 15 69
10 14 18 69
13 17 21 69
16 20 24 69
19 23 27 69
22 26 30 69
25 29 33 69
28 32 36 69
31 35 39 69
34 38 42 69
37 41 45 69
40 44 48 69
43 47 51 69
46 50 54 69
49 53 57 69
52 56 60 69
55 59 63 69
12 18 34 57
15 21 37 60
18 24 40 63
21 27 43 66
0 24 30 46
3 27 33 49
6 30 36 52
9 33 39 55
12 36 42 58
15 39 45 61
18 42 48 64
21 45 51 67
1 24 48 54
4 27 51 57
7 30 54 60
10 33 57 63
13 36 60 66
0 16 39 63
3 19 42 66
0 6 22 45
3 9 25 48
6 12 28 51
9 15 31 54
13 15 24 56
16 18 27 59
19 21 30 62
22 24 33 65
25 27 36 68
2 28 30 39
5 31 33 42
8 34 36 45
11 37 39 48
14 40 42 51
17 43 45 54
20 46 48 57
23 49 51 60
26 52 54 63
29 55 57 66
0 32 58 60
3 35 61 63
6 38 64 66
0 9 41 67
1 3 12 44
4 6 15 47
7 9 18 50
10 12 21 53
15 28 29 42
18 31 32 45
21 34 35 48
24 37 38 51
27 40 41 54
30 43 44 57
33 46 47 60
36 49 50 63
39 52 53 66
0 42 55 56
3 45 58 59
6 48 61 62
9 51 64 65
12 54 67 68
1 2 15 57
4 5 18 60
7 8 21 63
10 11 24 66
0 13 14 27
3 16 17 30
6 19 20 33
9 22 23 36
12 25 26 39
5 27 38 47
8 30 41 50
11 33 44 53
14 36 47 56
17 39 50 59
20 42 53 62
23 45 56 65
26 48 59 68
2 29 51 62
5 32 54 65
8 35 57 68
2 11 38 60
5 14 41 63
8 17 44 66
0 11 20 47
3 14 23 50
6 17 26 53
9 20 29 56
12 23 32 59
15 26 35 62
18 29 38 65
21 32 41 68
2 24 35 44
6 37 40 68
2 9 40 43
5 12 43 46
8 15 46 49
11 18 49 52
14 21 52 55
17 24 55 58
20 27 58 61
23 30 61 64
26 33 64 67
1 29 36 67
1 4 32 39
4 7 35 42
7 10 38 45
10 13 41 48
13 16 44 51
16 19 47 54
19 22 50 57
22 25 53 60
25 28 56 63
28 31 59 66
0 31 34 62
3 34 37 65
1 14 22 65
4 17 25 68
2 7 20 28
5 10 23 31
8 13 26 34
11 16 29 37
14 19 32 40
17 22 35 43
20 25 38 46
23 28 41 49
26 31 44 52
29 34 47 55
32 37 50 58
35 40 53 61
38 43 56 64
41 46 59 67
1 44 49 62
4 47 52 65
7 50 55 68
2 10 53 58
5 13 56 61
8 16 59 64
11 19 62 67
19 39 49 56
22 42 52 59
25 45 55 62
28 48 58 65
31 51 61 68
2 34 54 64
5 37 57 67
1 8 40 60
4 11 43 63
7 14 46 66
0 10 17 49
3 13 20 52
6 16 23 55
9 19 26 58
12 22 29 61
15 25 32 64
18 28 35 67
1 21 31 38
4 24 34 41
7 27 37 44
10 30 40 47
13 33 43 50
16 36 46 53
1 37 47 59
4 40 50 62
7 43 53 65
10 46 56 68
2 13 49 59
5 16 52 62
8 19 55 65
11 22 58 68
2 14 25 61
5 17 28 64
8 20 31 67
1 11 23 34
4 14 26 37
7 17 29 40
10 20 32 43
13 23 35 46
16 26 38 49
19 29 41 52
22 32 44 55
25 35 47 58
28 38 50 61
31 41 53 64
34 44 56 67
