11 13 27 39 59 62 66
13 15 29 41 61 64 68
0 15 17 31 43 63 66
2 17 19 33 45 65 68
0 4 19 21 35 47 67
2 6 21 23 37 49 69
1 4 8 23 25 39 51
3 6 10 25 27 41 53
5 8 12 27 29 43 55
7 10 14 29 31 45 57
9 12 16 31 33 47 59
11 14 18 33 35 49 61
13 16 20 35 37 51 63
15 18 22 37 39 53 65
17 20 24 39 41 55 67
19 22 26 41 43 57 69
1 21 24 28 43 45 59
3 23 26 30 45 47 61
5 25 28 32 47 49 63
7 27 30 34 49 51 65
9 29 32 36 51 53 67
11 31 34 38 53 55 69
1 13 33 36 40 55 57
3 15 35 38 42 57 59
5 17 37 40 44 59 61
7 19 39 42 46 61 63
9 21 41 44 48 63 65
11 23 43 46 50 65 67
13 25 45 48 52 67 69
1 15 27 47 50 54 69
1 3 17 29 49 52 56
3 5 19 31 51 54 58
5 7 21 33 53 56 60
7 9 23 35 55 58 62
9 11 25 37 57 60 64
10 37 42 43 47 52 55
12 39 44 45 49 54 57
14 41 46 47 51 56 59
16 43 48 49 53 58 61
18 45 50 51 55 60 63
20 47 52 53 57 62 65
22 49 54 55 59 64 67
24 51 56 57 61 66 69
1 26 53 58 59 63 68
0 3 28 55 60 61 65
2 5 30 57 62 63 67
4 7 32 59 64 65 69
1 6 9 34 61 66 67
3 8 11 36 63 68 69
0 1 5 10 13 38 65
2 3 7 12 15 40 67
4 5 9 14 17 42 69
1 6 7 11 16 19 44
3 8 9 13 18 21 46
5 10 11 15 20 23 48
7 12 13 17 22 25 50
9 14 15 19 24 27 52
11 16 17 21 26 29 54
13 18 19 23 28 31 56
15 20 21 25 30 33 58
17 22 23 27 32 35 60
19 24 25 29 34 37 62
21 26 27 31 36 39 64
23 28 29 33 38 41 66
25 30 31 35 40 43 68
0 27 32 33 37 42 45
2 29 34 35 39 44 47
4 31 36 37 41 46 49
6 33 38 39 43 48 51
8 35 40 41 45 50 53
13 22 38 44 52 56 63
15 24 40 46 54 58 65
17 26 42 48 56 60 67
19 28 44 50 58 62 69
1 21 30 46 52 60 64
3 23 32 48 54 62 66
5 25 34 50 56 64 68
0 7 27 36 52 58 66
2 9 29 38 54 60 68
0 4 11 31 40 56 62
2 6 13 33 42 58 64
4 8 15 35 44 60 66
6 10 17 37 46 62 68
0 8 12 19 39 48 64
2 10 14 21 41 50 66
4 12 16 23 43 52 68
0 6 14 18 25 45 54
2 8 16 20 27 47 56
4 10 18 22 29 49 58
6 12 20 24 31 51 60
8 14 22 26 33 53 62
10 16 24 28 35 55 64
12 18 26 30 37 57 66
14 20 28 32 39 59 68
0 16 22 30 34 41 61
2 18 24 32 36 43 63
4 20 26 34 38 45 65
6 22 28 36 40 47 67
8 24 30 38 42 49 69
1 10 26 32 40 44 51
3 12 28 34 42 46 53
5 14 30 36 44 48 55
7 16 32 38 46 50 57
9 18 34 40 48 52 59
11 20 36 42 50 54 61
0 2 23 24 44 53 59
2 4 25 26 46 55 61
4 6 27 28 48 57 63
6 8 29 30 50 59 65
8 10 31 32 52 61 67
10 12 33 34 54 63 69
1 12 14 35 36 56 65
3 14 16 37 38 58 67
5 16 18 39 40 60 69
1 7 18 20 41 42 62
3 9 20 22 43 44 64
5 11 22 24 45 46 66
7 13 24 26 47 48 68
0 9 15 26 28 49 50
2 11 17 28 30 51 52
4 13 19 30 32 53 54
6 15 21 32 34 55 56
8 17 23 34 36 57 58
10 19 25 36 38 59 60
12 21 27 38 40 61 62
14 23 29 40 42 63 64
16 25 31 42 44 65 66
18 27 33 44 46 67 68
0 20 29 35 46 48 69
1 2 22 31 37 48 50
3 4 24 33 39 50 52
5 6 26 35 41 52 54
7 8 28 37 43 54 56
9 10 30 39 45 56 58
11 12 32 41 47 58 60
13 14 34 43 49 60 62
15 16 36 45 51 62 64
17 18 38 47 53 64 66
19 20 40 49 55 66 68
0 21 22 42 51 57 68
