1 15 22 30 59 60 64 69
1 3 17 24 32 61 62 66
3 5 19 26 34 63 64 68
0 5 7 21 28 36 65 66
2 7 9 23 30 38 67 68
0 4 9 11 25 32 40 69
1 2 6 11 13 27 34 42
3 4 8 13 15 29 36 44
5 6 10 15 17 31 38 46
7 8 12 17 19 33 40 48
9 10 14 19 21 35 42 50
11 12 16 21 23 37 44 52
13 14 18 23 25 39 46 54
15 16 20 25 27 41 48 56
17 18 22 27 29 43 50 58
19 20 24 29 31 45 52 60
21 22 26 31 33 47 54 62
23 24 28 33 35 49 56 64
25 26 30 35 37 51 58 66
27 28 32 37 39 53 60 68
0 29 30 34 39 41 55 62
2 31 32 36 41 43 57 64
4 33 34 38 43 45 59 66
6 35 36 40 45 47 61 68
0 8 37 38 42 47 49 63
2 10 39 40 44 49 51 65
4 12 41 42 46 51 53 67
6 14 43 44 48 53 55 69
1 8 16 45 46 50 55 57
3 10 18 47 48 52 57 59
5 12 20 49 50 54 59 61
7 14 22 51 52 56 61 63
9 16 24 53 54 58 63 65
11 18 26 55 56 60 65 67
13 20 28 57 58 62 67 69
4 19 22 27 35 41 61 65
6 21 24 29 37 43 63 67
8 23 26 31 39 45 65 69
1 10 25 28 33 41 47 67
3 12 27 30 35 43 49 69
1 5 14 29 32 37 45 51
3 7 16 31 34 39 47 53
5 9 18 33 36 41 49 55
7 11 20 35 38 43 51 57
9 13 22 37 40 45 53 59
11 15 24 39 42 47 55 61
13 17 26 41 44 49 57 63
15 19 28 43 46 51 59 65
17 21 30 45 48 53 61 67
19 23 32 47 50 55 63 69
1 21 25 34 49 52 57 65
3 23 27 36 51 54 59 67
5 25 29 38 53 56 61 69
1 7 27 31 40 55 58 63
3 9 29 33 42 57 60 65
5 11 31 35 44 59 62 67
7 13 33 37 46 61 64 69
1 9 15 35 39 48 63 66
3 11 17 37 41 50 65 68
0 5 13 19 39 43 52 67
2 7 15 21 41 45 54 69
1 4 9 17 23 43 47 56
3 6 11 19 25 45 49 58
5 8 13 21 27 47 51 60
7 10 15 23 29 49 53 62
9 12 17 25 31 51 55 64
11 14 19 27 33 53 57 66
13 16 21 29 35 55 59 68
0 15 18 23 31 37 57 61
2 17 20 25 33 39 59 63
3 18 20 21 32 40 46 56
5 20 22 23 34 42 48 58
7 22 24 25 36 44 50 60
9 24 26 27 38 46 52 62
11 26 28 29 40 48 54 64
13 28 30 31 42 50 56 66
15 30 32 33 44 52 58 68
0 17 32 34 35 46 54 60
2 19 34 36 37 48 56 62
4 21 36 38 39 50 58 64
6 23 38 40 41 52 60 66
8 25 40 42 43 54 62 68
0 10 27 42 44 45 56 64
2 12 29 44 46 47 58 66
4 14 31 46 48 49 60 68
0 6 16 33 48 50 51 62
2 8 18 35 50 52 53 64
4 10 20 37 52 54 55 66
6 12 22 39 54 56 57 68
0 8 14 24 41 56 58 59
2 10 16 26 43 58 60 61
4 12 18 28 45 60 62 63
6 14 20 30 47 62 64 65
8 16 22 32 49 64 66 67
10 18 24 34 51 66 68 69
0 1 12 20 26 36 53 68
0 2 3 14 22 28 38 55
2 4 5 16 24 30 40 57
4 6 7 18 26 32 42 59
6 8 9 20 28 34 44 61
8 10 11 22 30 36 46 63
10 12 13 24 32 38 48 65
12 14 15 26 34 40 50 67
14 16 17 28 36 42 52 69
1 16 18 19 30 38 44 54
