1 7 11 14 15 40 47 49 66 69
1 3 9 13 16 17 42 49 51 68
0 3 5 11 15 18 19 44 51 53
2 5 7 13 17 20 21 46 53 55
4 7 9 15 19 22 23 48 55 57
6 9 11 17 21 24 25 50 57 59
8 11 13 19 23 26 27 52 59 61
10 13 15 21 25 28 29 54 61 63
12 15 17 23 27 30 31 56 63 65
14 17 19 25 29 32 33 58 65 67
16 19 21 27 31 34 35 60 67 69
1 18 21 23 29 33 36 37 62 69
1 3 20 23 25 31 35 38 39 64
3 5 22 25 27 33 37 40 41 66
5 7 24 27 29 35 39 42 43 68
0 7 9 26 29 31 37 41 44 45
2 9 11 28 31 33 39 43 46 47
4 11 13 30 33 35 41 45 48 49
6 13 15 32 35 37 43 47 50 51
8 15 17 34 37 39 45 49 52 53
10 17 19 36 39 41 47 51 54 55
12 19 21 38 41 43 49 53 56 57
14 21 23 40 43 45 51 55 58 59
16 23 25 42 45 47 53 57 60 61
18 25 27 44 47 49 55 59 62 63
20 27 29 46 49 51 57 61 64 65
22 29 31 48 51 53 59 63 66 67
24 31 33 50 53 55 61 65 68 69
0 1 26 33 35 52 55 57 63 67
2 3 28 35 37 54 57 59 65 69
1 4 5 30 37 39 56 59 61 67
3 6 7 32 39 41 58 61 63 69
1 5 8 9 34 41 43 60 63 65
3 7 10 11 36 43 45 62 65 67
5 9 12 13 38 45 47 64 67 69
0 12 15 20 32 33 34 36 42 59
2 14 17 22 34 35 36 38 44 61
4 16 19 24 36 37 38 40 46 63
6 18 21 26 38 39 40 42 48 65
8 20 23 28 40 41 42 44 50 67
10 22 25 30 42 43 44 46 52 69
1 12 24 27 32 44 45 46 48 54
3 14 26 29 34 46 47 48 50 56
5 16 28 31 36 48 49 50 52 58
7 18 30 33 38 50 51 52 54 60
9 20 32 35 40 52 53 54 56 62
11 22 34 37 42 54 55 56 58 64
13 24 36 39 44 56 57 58 60 66
15 26 38 41 46 58 59 60 62 68
0 17 28 40 43 48 60 61 62 64
2 19 30 42 45 50 62 63 64 66
4 21 32 44 47 52 64 65 66 68
0 6 23 34 46 49 54 66 67 68
0 2 8 25 36 48 51 56 68 69
0 1 2 4 10 27 38 50 53 58
2 3 4 6 12 29 40 52 55 60
4 5 6 8 14 31 42 54 57 62
6 7 8 10 16 33 44 56 59 64
8 9 10 12 18 35 46 58 61 66
10 11 12 14 20 37 48 60 63 68
0 12 13 14 16 22 39 50 62 65
2 14 15 16 18 24 41 52 64 67
4 16 17 18 20 26 43 54 66 69
1 6 18 19 20 22 28 45 56 68
0 3 8 20 21 22 24 30 47 58
2 5 10 22 23 24 26 32 49 60
4 7 12 24 25 26 28 34 51 62
6 9 14 26 27 28 30 36 53 64
8 11 16 28 29 30 32 38 55 66
10 13 18 30 31 32 34 40 57 68
