1 25 28
3 27 30
5 29 32
7 31 34
9 33 36
11 35 38
13 37 40
15 39 42
17 41 44
19 43 46
21 45 48
23 47 50
25 49 52
27 51 54
29 53 56
31 55 58
33 57 60
35 59 62
37 61 64
39 63 66
41 65 68
0 43 67
2 45 69
1 4 47
3 6 49
5 8 51
7 10 53
9 12 55
11 14 57
13 16 59
15 18 61
17 20 63
19 22 65
21 24 67
23 26 69
1 2 65
3 4 67
5 6 69
1 7 8
3 9 10
5 11 12
7 13 14
9 15 16
11 17 18
13 19 20
15 21 22
17 23 24
19 25 26
21 27 28
23 29 30
25 31 32
27 33 34
29 35 36
31 37 38
33 39 40
35 41 42
37 43 44
39 45 46
41 47 48
43 49 50
45 51 52
47 53 54
49 55 56
51 57 58
53 59 60
55 61 62
57 63 64
59 65 66
61 67 68
0 63 69
9 25 38
11 27 40
13 29 42
15 31 44
17 33 46
19 35 48
21 37 50
23 39 52
25 41 54
27 43 56
29 45 58
31 47 60
33 49 62
35 51 64
37 53 66
39 55 68
0 41 57
2 43 59
4 45 61
6 47 63
8 49 65
10 51 67
12 53 69
1 14 55
3 16 57
5 18 59
7 20 61
9 22 63
11 24 65
13 26 67
15 28 69
1 17 30
3 19 32
5 21 34
7 23 36
11 34 52
13 36 54
15 38 56
17 40 58
19 42 60
21 44 62
23 46 64
25 48 66
27 50 68
0 29 52
2 31 54
4 33 56
6 35 58
8 37 60
10 39 62
12 41 64
14 43 66
16 45 68
0 18 47
2 20 49
4 22 51
6 24 53
8 26 55
10 28 57
12 30 59
14 32 61
16 34 63
18 36 65
20 38 67
22 40 69
1 24 42
3 26 44
5 28 46
7 30 48
9 32 50
0 21 31
2 23 33
4 25 35
6 27 37
8 29 39
10 31 41
12 33 43
14 35 45
16 37 47
18 39 49
20 41 51
22 43 53
24 45 55
26 47 57
28 49 59
30 51 61
32 53 63
34 55 65
36 57 67
38 59 69
1 40 61
3 42 63
5 44 65
7 46 67
9 48 69
1 11 50
3 13 52
5 15 54
7 17 56
9 19 58
11 21 60
13 23 62
15 25 64
17 27 66
19 29 68
6 52 68
0 8 54
2 10 56
4 12 58
6 14 60
8 16 62
10 18 64
12 20 66
14 22 68
0 16 24
2 18 26
4 20 28
6 22 30
8 24 32
10 26 34
12 28 36
14 30 38
16 32 40
18 34 42
20 36 44
22 38 46
24 40 48
26 42 50
28 44 52
30 46 54
32 48 56
34 50 58
36 52 60
38 54 62
40 56 64
42 58 66
44 60 68
0 46 62
2 48 64
4 50 66
5 9 49
7 11 51
9 13 53
11 15 55
13 17 57
15 19 59
17 21 61
19 23 63
21 25 65
23 27 67
25 29 69
1 27 31
3 29 33
5 31 35
7 33 37
9 35 39
11 37 41
13 39 43
15 41 45
17 43 47
19 45 49
21 47 51
23 49 53
25 51 55
27 53 57
29 55 59
31 57 61
33 59 63
35 61 65
37 63 67
39 65 69
1 41 67
3 43 69
1 5 45
3 7 47
30 41 58
32 43 60
34 45 62
36 47 64
38 49 66
40 51 68
0 42 53
2 44 55
4 46 57
6 48 59
8 50 61
10 52 63
12 54 65
14 56 67
16 58 69
1 18 60
3 20 62
5 22 64
7 24 66
9 26 68
0 11 28
2 13 30
4 15 32
6 17 34
8 19 36
10 21 38
12 23 40
14 25 42
16 27 44
18 29 46
20 31 48
22 33 50
24 35 52
26 37 54
28 39 56
19 34 66
21 36 68
0 23 38
2 25 40
4 27 42
6 29 44
8 31 46
10 33 48
12 35 50
14 37 52
16 39 54
18 41 56
20 43 58
22 45 60
24 47 62
26 49 64
28 51 66
30 53 68
0 32 55
2 34 57
4 36 59
6 38 61
8 40 63
10 42 65
12 44 67
14 46 69
1 16 48
3 18 50
5 20 52
7 22 54
9 24 56
11 26 58
13 28 60
15 30 62
17 32 64
30 31 66
32 33 68
0 34 35
2 36 37
4 38 39
6 40 41
8 42 43
10 44 45
12 46 47
14 48 49
16 50 51
18 52 53
20 54 55
22 56 57
24 58 59
26 60 61
28 62 63
30 64 65
32 66 67
34 68 69
0 1 36
2 3 38
4 5 40
6 7 42
8 9 44
10 11 46
12 13 48
14 15 50
16 17 52
18 19 54
20 21 56
22 23 58
24 25 60
26 27 62
28 29 64
12 18 68
0 14 20
2 16 22
4 18 24
6 20 26
8 22 28
10 24 30
12 26 32
14 28 34
16 30 36
18 32 38
20 34 40
22 36 42
24 38 44
26 40 46
28 42 48
30 44 50
32 46 52
34 48 54
36 50 56
38 52 58
40 54 60
42 56 62
44 58 64
46 60 66
48 62 68
0 50 64
2 52 66
4 54 68
0 6 56
2 8 58
4 10 60
6 12 62
8 14 64
10 16 66
32 37 42
34 39 44
36 41 46
38 43 48
40 45 50
42 47 52
44 49 54
46 51 56
48 53 58
50 55 60
52 57 62
54 59 64
56 61 66
58 63 68
0 60 65
2 62 67
4 64 69
1 6 66
3 8 68
0 5 10
2 7 12
4 9 14
6 11 16
8 13 18
10 15 20
12 17 22
14 19 24
16 21 26
18 23 28
20 25 30
22 27 32
24 29 34
26 31 36
28 33 38
30 35 40
1 3 53
3 5 55
5 7 57
7 9 59
9 11 61
11 13 63
13 15 65
15 17 67
17 19 69
1 19 21
3 21 23
5 23 25
7 25 27
9 27 29
11 29 31
13 31 33
15 33 35
17 35 37
19 37 39
21 39 41
23 41 43
25 43 45
27 45 47
29 47 49
31 49 51
33 51 53
35 53 55
37 55 57
39 57 59
41 59 61
43 61 63
45 63 65
47 65 67
49 67 69
1 51 69
24 36 54
26 38 56
28 40 58
30 42 60
32 44 62
34 46 64
36 48 66
38 50 68
0 40 52
2 42 54
4 44 56
6 46 58
8 48 60
10 50 62
12 52 64
14 54 66
16 56 68
0 18 58
2 20 60
4 22 62
6 24 64
8 26 66
10 28 68
0 12 30
2 14 32
4 16 34
6 18 36
8 20 38
10 22 40
12 24 42
14 26 44
16 28 46
18 30 48
20 32 50
22 34 52
32 58 65
34 60 67
36 62 69
1 38 64
3 40 66
5 42 68
0 7 44
2 9 46
4 11 48
6 13 50
8 15 52
10 17 54
12 19 56
14 21 58
16 23 60
18 25 62
20 27 64
22 29 66
24 31 68
0 26 33
2 28 35
4 30 37
6 32 39
8 34 41
10 36 43
12 38 45
14 40 47
16 42 49
18 44 51
20 46 53
22 48 55
24 50 57
26 52 59
28 54 61
30 56 63
20 24 29
22 26 31
24 28 33
26 30 35
28 32 37
30 34 39
32 36 41
34 38 43
36 40 45
38 42 47
40 44 49
42 46 51
44 48 53
46 50 55
48 52 57
50 54 59
52 56 61
54 58 63
56 60 65
58 62 67
60 64 69
1 62 66
3 64 68
0 5 66
2 7 68
0 4 9
2 6 11
4 8 13
6 10 15
8 12 17
10 14 19
12 16 21
14 18 23
16 20 25
18 22 27
31 39 67
33 41 69
1 35 43
3 37 45
5 39 47
7 41 49
9 43 51
11 45 53
13 47 55
15 49 57
17 51 59
19 53 61
21 55 63
23 57 65
25 59 67
27 61 69
1 29 63
3 31 65
5 33 67
7 35 69
1 9 37
3 11 39
5 13 41
7 15 43
9 17 45
11 19 47
13 21 49
15 23 51
17 25 53
19 27 55
21 29 57
23 31 59
25 33 61
27 35 63
29 37 65
29 40 43
31 42 45
33 44 47
35 46 49
37 48 51
39 50 53
41 52 55
43 54 57
45 56 59
47 58 61
49 60 63
51 62 65
53 64 67
55 66 69
1 57 68
0 3 59
2 5 61
4 7 63
6 9 65
8 11 67
10 13 69
1 12 15
3 14 17
5 16 19
7 18 21
9 20 23
11 22 25
13 24 27
15 26 29
17 28 31
19 30 33
21 32 35
23 34 37
25 36 39
27 38 41
1 34 49
3 36 51
5 38 53
7 40 55
9 42 57
11 44 59
13 46 61
15 48 63
17 50 65
19 52 67
21 54 69
1 23 56
3 25 58
5 27 60
7 29 62
9 31 64
11 33 66
13 35 68
0 15 37
2 17 39
4 19 41
6 21 43
8 23 45
10 25 47
12 27 49
14 29 51
16 31 53
18 33 55
20 35 57
22 37 59
24 39 61
26 41 63
28 43 65
30 45 67
32 47 69
11 36 49
13 38 51
15 40 53
17 42 55
19 44 57
21 46 59
23 48 61
25 50 63
27 52 65
29 54 67
31 56 69
1 33 58
3 35 60
5 37 62
7 39 64
9 41 66
11 43 68
0 13 45
2 15 47
4 17 49
6 19 51
8 21 53
10 23 55
12 25 57
14 27 59
16 29 61
18 31 63
20 33 65
22 35 67
24 37 69
1 26 39
3 28 41
5 30 43
7 32 45
9 34 47
14 36 63
16 38 65
18 40 67
20 42 69
1 22 44
3 24 46
5 26 48
7 28 50
9 30 52
11 32 54
13 34 56
15 36 58
17 38 60
19 40 62
21 42 64
23 44 66
25 46 68
0 27 48
2 29 50
4 31 52
6 33 54
8 35 56
10 37 58
12 39 60
14 41 62
16 43 64
18 45 66
20 47 68
0 22 49
2 24 51
4 26 53
6 28 55
8 30 57
10 32 59
12 34 61
6 31 40
8 33 42
10 35 44
12 37 46
14 39 48
16 41 50
18 43 52
20 45 54
22 47 56
24 49 58
26 51 60
28 53 62
30 55 64
32 57 66
34 59 68
0 36 61
2 38 63
4 40 65
6 42 67
8 44 69
1 10 46
3 12 48
5 14 50
7 16 52
9 18 54
11 20 56
13 22 58
15 24 60
17 26 62
19 28 64
21 30 66
23 32 68
0 25 34
2 27 36
4 29 38
29 41 60
31 43 62
33 45 64
35 47 66
37 49 68
0 39 51
2 41 53
4 43 55
6 45 57
8 47 59
10 49 61
12 51 63
14 53 65
16 55 67
18 57 69
1 20 59
3 22 61
5 24 63
7 26 65
9 28 67
11 30 69
1 13 32
3 15 34
5 17 36
7 19 38
9 21 40
11 23 42
13 25 44
15 27 46
17 29 48
19 31 50
21 33 52
23 35 54
25 37 56
27 39 58
34 36 53
36 38 55
38 40 57
40 42 59
42 44 61
44 46 63
46 48 65
48 50 67
50 52 69
1 52 54
3 54 56
5 56 58
7 58 60
9 60 62
11 62 64
13 64 66
15 66 68
0 17 68
0 2 19
2 4 21
4 6 23
6 8 25
8 10 27
10 12 29
12 14 31
14 16 33
16 18 35
18 20 37
20 22 39
22 24 41
24 26 43
26 28 45
28 30 47
30 32 49
32 34 51
