2 3 17 19 46 49 53
3 4 18 20 47 50 54
4 5 19 21 48 51 55
5 6 20 22 49 52 56
6 7 21 23 50 53 57
7 8 22 24 51 54 58
8 9 23 25 52 55 59
9 10 24 26 53 56 60
10 11 25 27 54 57 61
11 12 26 28 55 58 62
12 13 27 29 56 59 63
13 14 28 30 57 60 64
14 15 29 31 58 61 65
15 16 30 32 59 62 66
16 17 31 33 60 63 67
17 18 32 34 61 64 68
18 19 33 35 62 65 69
19 20 34 36 63 66 70
0 20 21 35 37 64 67
1 21 22 36 38 65 68
2 22 23 37 39 66 69
3 23 24 38 40 67 70
0 4 24 25 39 41 68
1 5 25 26 40 42 69
2 6 26 27 41 43 70
0 3 7 27 28 42 44
1 4 8 28 29 43 45
2 5 9 29 30 44 46
3 6 10 30 31 45 47
4 7 11 31 32 46 48
5 8 12 32 33 47 49
6 9 13 33 34 48 50
7 10 14 34 35 49 51
8 11 15 35 36 50 52
9 12 16 36 37 51 53
10 13 17 37 38 52 54
11 14 18 38 39 53 55
12 15 19 39 40 54 56
13 16 20 40 41 55 57
14 17 21 41 42 56 58
15 18 22 42 43 57 59
16 19 23 43 44 58 60
17 20 24 44 45 59 61
18 21 25 45 46 60 62
19 22 26 46 47 61 63
20 23 27 47 48 62 64
21 24 28 48 49 63 65
22 25 29 49 50 64 66
23 26 30 50 51 65 67
24 27 31 51 52 66 68
25 28 32 52 53 67 69
26 29 33 53 54 68 70
0 27 30 34 54 55 69
1 28 31 35 55 56 70
0 2 29 32 36 56 57
1 3 30 33 37 57 58
2 4 31 34 38 58 59
3 5 32 35 39 59 60
4 6 33 36 40 60 61
5 7 34 37 41 61 62
6 8 35 38 42 62 63
7 9 36 39 43 63 64
8 10 37 40 44 64 65
9 11 38 41 45 65 66
10 12 39 42 46 66 67
11 13 40 43 47 67 68
12 14 41 44 48 68 69
13 15 42 45 49 69 70
0 14 16 43 46 50 70
0 1 15 17 44 47 51
1 2 16 18 45 48 52
10 33 42 43 50 55 61
11 34 43 44 51 56 62
12 35 44 45 52 57 63
13 36 45 46 53 58 64
14 37 46 47 54 59 65
15 38 47 48 55 60 66
16 39 48 49 56 61 67
17 40 49 50 57 62 68
18 41 50 51 58 63 69
19 42 51 52 59 64 70
0 20 43 52 53 60 65
1 21 44 53 54 61 66
2 22 45 54 55 62 67
3 23 46 55 56 63 68
4 24 47 56 57 64 69
5 25 48 57 58 65 70
0 6 26 49 58 59 66
1 7 27 50 59 60 67
2 8 28 51 60 61 68
3 9 29 52 61 62 69
4 10 30 53 62 63 70
0 5 11 31 54 63 64
1 6 12 32 55 64 65
2 7 13 33 56 65 66
3 8 14 34 57 66 67
4 9 15 35 58 67 68
5 10 16 36 59 68 69
6 11 17 37 60 69 70
0 7 12 18 38 61 70
0 1 8 13 19 39 62
1 2 9 14 20 40 63
2 3 10 15 21 41 64
3 4 11 16 22 42 65
4 5 12 17 23 43 66
5 6 13 18 24 44 67
6 7 14 19 25 45 68
7 8 15 20 26 46 69
8 9 16 21 27 47 70
0 9 10 17 22 28 48
1 10 11 18 23 29 49
2 11 12 19 24 30 50
3 12 13 20 25 31 51
4 13 14 21 26 32 52
5 14 15 22 27 33 53
6 15 16 23 28 34 54
7 16 17 24 29 35 55
8 17 18 25 30 36 56
9 18 19 26 31 37 57
10 19 20 27 32 38 58
11 20 21 28 33 39 59
12 21 22 29 34 40 60
13 22 23 30 35 41 61
14 23 24 31 36 42 62
15 24 25 32 37 43 63
16 25 26 33 38 44 64
17 26 27 34 39 45 65
18 27 28 35 40 46 66
19 28 29 36 41 47 67
20 29 30 37 42 48 68
21 30 31 38 43 49 69
22 31 32 39 44 50 70
0 23 32 33 40 45 51
1 24 33 34 41 46 52
2 25 34 35 42 47 53
3 26 35 36 43 48 54
4 27 36 37 44 49 55
5 28 37 38 45 50 56
6 29 38 39 46 51 57
7 30 39 40 47 52 58
8 31 40 41 48 53 59
9 32 41 42 49 54 60
