22 27 33 36 40 64
23 28 34 37 41 65
24 29 35 38 42 66
25 30 36 39 43 67
26 31 37 40 44 68
27 32 38 41 45 69
28 33 39 42 46 70
0 29 34 40 43 47
1 30 35 41 44 48
2 31 36 42 45 49
3 32 37 43 46 50
4 33 38 44 47 51
5 34 39 45 48 52
6 35 40 46 49 53
7 36 41 47 50 54
8 37 42 48 51 55
9 38 43 49 52 56
10 39 44 50 53 57
11 40 45 51 54 58
12 41 46 52 55 59
13 42 47 53 56 60
14 43 48 54 57 61
15 44 49 55 58 62
16 45 50 56 59 63
17 46 51 57 60 64
18 47 52 58 61 65
19 48 53 59 62 66
20 49 54 60 63 67
21 50 55 61 64 68
22 51 56 62 65 69
23 52 57 63 66 70
0 24 53 58 64 67
1 25 54 59 65 68
2 26 55 60 66 69
3 27 56 61 67 70
0 4 28 57 62 68
1 5 29 58 63 69
2 6 30 59 64 70
0 3 7 31 60 65
1 4 8 32 61 66
2 5 9 33 62 67
3 6 10 34 63 68
4 7 11 35 64 69
5 8 12 36 65 70
0 6 9 13 37 66
1 7 10 14 38 67
2 8 11 15 39 68
3 9 12 16 40 69
4 10 13 17 41 70
0 5 11 14 18 42
1 6 12 15 19 43
2 7 13 16 20 44
3 8 14 17 21 45
4 9 15 18 22 46
5 10 16 19 23 47
6 11 17 20 24 48
7 12 18 21 25 49
8 13 19 22 26 50
9 14 20 23 27 51
10 15 21 24 28 52
11 16 22 25 29 53
12 17 23 26 30 54
13 18 24 27 31 55
14 19 25 28 32 56
15 20 26 29 33 57
16 21 27 30 34 58
17 22 28 31 35 59
18 23 29 32 36 60
19 24 30 33 37 61
20 25 31 34 38 62
21 26 32 35 39 63
18 19 35 45 68 70
0 19 20 36 46 69
1 20 21 37 47 70
0 2 21 22 38 48
1 3 22 23 39 49
2 4 23 24 40 50
3 5 24 25 41 51
4 6 25 26 42 52
5 7 26 27 43 53
6 8 27 28 44 54
7 9 28 29 45 55
8 10 29 30 46 56
9 11 30 31 47 57
10 12 31 32 48 58
11 13 32 33 49 59
12 14 33 34 50 60
13 15 34 35 51 61
14 16 35 36 52 62
15 17 36 37 53 63
16 18 37 38 54 64
17 19 38 39 55 65
18 20 39 40 56 66
19 21 40 41 57 67
20 22 41 42 58 68
21 23 42 43 59 69
22 24 43 44 60 70
0 23 25 44 45 61
1 24 26 45 46 62
2 25 27 46 47 63
3 26 28 47 48 64
4 27 29 48 49 65
5 28 30 49 50 66
6 29 31 50 51 67
7 30 32 51 52 68
8 31 33 52 53 69
9 32 34 53 54 70
0 10 33 35 54 55
1 11 34 36 55 56
2 12 35 37 56 57
3 13 36 38 57 58
4 14 37 39 58 59
5 15 38 40 59 60
6 16 39 41 60 61
7 17 40 42 61 62
8 18 41 43 62 63
9 19 42 44 63 64
10 20 43 45 64 65
11 21 44 46 65 66
12 22 45 47 66 67
13 23 46 48 67 68
14 24 47 49 68 69
15 25 48 50 69 70
0 16 26 49 51 70
0 1 17 27 50 52
1 2 18 28 51 53
2 3 19 29 52 54
3 4 20 30 53 55
4 5 21 31 54 56
5 6 22 32 55 57
6 7 23 33 56 58
7 8 24 34 57 59
8 9 25 35 58 60
9 10 26 36 59 61
10 11 27 37 60 62
11 12 28 38 61 63
12 13 29 39 62 64
13 14 30 40 63 65
14 15 31 41 64 66
15 16 32 42 65 67
16 17 33 43 66 68
17 18 34 44 67 69
1 9 21 33 42 50
6 21 36 47 55 62
0 13 22 24 52 63
11 22 37 52 69 70
8 12 16 38 53 68
7 19 37 49 51 61
14 15 26 31 42 54
28 29 34 42 61 69
25 33 37 40 45 48
0 3 15 32 50 62
11 19 26 28 43 58
7 15 33 48 63 65
3 14 29 37 44 59
5 9 23 55 65 68
4 12 20 36 43 44
20 27 32 35 39 47
20 28 52 59 60 67
4 16 25 42 55 57
5 35 37 43 46 67
0 15 27 30 45 53
0 9 17 41 48 56
4 6 11 38 50 67
10 22 25 54 56 63
6 10 18 30 66 69
4 16 24 28 36 48
0 8 47 55 59 67
5 13 25 26 34 64
5 20 38 46 50 61
18 22 27 48 57 60
1 13 45 57 61 69
15 19 44 52 56 64
3 12 19 24 27 42
1 30 32 40 60 64
8 13 28 40 43 54
14 26 40 55 67 70
2 10 34 41 43 49
10 12 40 42 51 52
0 7 12 31 39 70
31 39 43 51 55 63
1 16 19 31 46 58
11 23 31 41 53 61
3 18 26 33 38 41
29 41 45 50 58 70
2 24 26 32 56 65
5 17 32 44 49 57
23 30 38 54 62 70
15 17 23 29 47 51
4 19 34 45 60 63
27 36 51 59 66 68
9 24 39 49 54 69
10 13 21 51 53 65
8 20 23 35 49 64
2 3 17 25 58 66
3 11 30 35 42 45
6 14 45 46 53 65
2 14 22 30 39 61
7 22 34 46 54 66
21 29 33 56 60 68
18 35 50 57 59 65
