0 1 45 67
1 2 46 68
2 3 47 69
3 4 48 70
0 4 5 49
1 5 6 50
2 6 7 51
3 7 8 52
4 8 9 53
5 9 10 54
6 10 11 55
7 11 12 56
8 12 13 57
9 13 14 58
10 14 15 59
11 15 16 60
12 16 17 61
13 17 18 62
14 18 19 63
15 19 20 64
16 20 21 65
17 21 22 66
18 22 23 67
19 23 24 68
20 24 25 69
21 25 26 70
0 22 26 27
1 23 27 28
2 24 28 29
3 25 29 30
4 26 30 31
5 27 31 32
6 28 32 33
7 29 33 34
8 30 34 35
9 31 35 36
10 32 36 37
11 33 37 38
12 34 38 39
13 35 39 40
14 36 40 41
15 37 41 42
16 38 42 43
17 39 43 44
18 40 44 45
19 41 45 46
20 42 46 47
21 43 47 48
22 44 48 49
23 45 49 50
24 46 50 51
25 47 51 52
26 48 52 53
27 49 53 54
28 50 54 55
29 51 55 56
30 52 56 57
31 53 57 58
32 54 58 59
33 55 59 60
34 56 60 61
35 57 61 62
36 58 62 63
37 59 63 64
38 60 64 65
39 61 65 66
40 62 66 67
41 63 67 68
42 64 68 69
43 65 69 70
0 44 66 70
23 26 42 62
24 27 43 63
25 28 44 64
26 29 45 65
27 30 46 66
28 31 47 67
29 32 48 68
30 33 49 69
31 34 50 70
0 32 35 51
1 33 36 52
2 34 37 53
3 35 38 54
4 36 39 55
5 37 40 56
6 38 41 57
7 39 42 58
8 40 43 59
9 41 44 60
10 42 45 61
11 43 46 62
12 44 47 63
13 45 48 64
14 46 49 65
15 47 50 66
16 48 51 67
17 49 52 68
18 50 53 69
19 51 54 70
0 20 52 55
1 21 53 56
2 22 54 57
3 23 55 58
4 24 56 59
5 25 57 60
6 26 58 61
7 27 59 62
8 28 60 63
9 29 61 64
10 30 62 65
11 31 63 66
12 32 64 67
13 33 65 68
14 34 66 69
15 35 67 70
0 16 36 68
1 17 37 69
2 18 38 70
0 3 19 39
1 4 20 40
2 5 21 41
3 6 22 42
4 7 23 43
5 8 24 44
6 9 25 45
7 10 26 46
8 11 27 47
9 12 28 48
10 13 29 49
11 14 30 50
12 15 31 51
13 16 32 52
14 17 33 53
15 18 34 54
16 19 35 55
17 20 36 56
18 21 37 57
19 22 38 58
20 23 39 59
21 24 40 60
22 25 41 61
14 38 55 67
15 39 56 68
16 40 57 69
17 41 58 70
0 18 42 59
1 19 43 60
2 20 44 61
3 21 45 62
4 22 46 63
5 23 47 64
6 24 48 65
7 25 49 66
8 26 50 67
9 27 51 68
10 28 52 69
11 29 53 70
0 12 30 54
1 13 31 55
2 14 32 56
3 15 33 57
4 16 34 58
5 17 35 59
6 18 36 60
7 19 37 61
8 20 38 62
9 21 39 63
10 22 40 64
11 23 41 65
12 24 42 66
13 25 43 67
14 26 44 68
15 27 45 69
16 28 46 70
0 17 29 47
1 18 30 48
2 19 31 49
3 20 32 50
4 21 33 51
5 22 34 52
6 23 35 53
7 24 36 54
8 25 37 55
9 26 38 56
10 27 39 57
11 28 40 58
12 29 41 59
13 30 42 60
14 31 43 61
15 32 44 62
16 33 45 63
17 34 46 64
18 35 47 65
19 36 48 66
20 37 49 67
21 38 50 68
22 39 51 69
23 40 52 70
0 24 41 53
1 25 42 54
2 26 43 55
3 27 44 56
4 28 45 57
5 29 46 58
6 30 47 59
7 31 48 60
8 32 49 61
9 33 50 62
10 34 51 63
11 35 52 64
12 36 53 65
13 37 54 66
12 14 20 70
0 13 15 21
1 14 16 22
2 15 17 23
3 16 18 24
4 17 19 25
5 18 20 26
6 19 21 27
7 20 22 28
8 21 23 29
9 22 24 30
10 23 25 31
11 24 26 32
12 25 27 33
13 26 28 34
14 27 29 35
15 28 30 36
16 29 31 37
17 30 32 38
18 31 33 39
19 32 34 40
20 33 35 41
21 34 36 42
22 35 37 43
23 36 38 44
24 37 39 45
25 38 40 46
26 39 41 47
27 40 42 48
28 41 43 49
29 42 44 50
30 43 45 51
31 44 46 52
32 45 47 53
33 46 48 54
34 47 49 55
35 48 50 56
36 49 51 57
37 50 52 58
38 51 53 59
39 52 54 60
40 53 55 61
41 54 56 62
42 55 57 63
43 56 58 64
44 57 59 65
45 58 60 66
46 59 61 67
47 60 62 68
48 61 63 69
49 62 64 70
0 50 63 65
1 51 64 66
2 52 65 67
3 53 66 68
4 54 67 69
5 55 68 70
0 6 56 69
1 7 57 70
0 2 8 58
1 3 9 59
2 4 10 60
3 5 11 61
4 6 12 62
5 7 13 63
6 8 14 64
7 9 15 65
8 10 16 66
9 11 17 67
10 12 18 68
11 13 19 69
1 34 41 44
2 35 42 45
3 36 43 46
4 37 44 47
5 38 45 48
6 39 46 49
7 40 47 50
8 41 48 51
9 42 49 52
10 43 50 53
11 44 51 54
12 45 52 55
13 46 53 56
14 47 54 57
15 48 55 58
16 49 56 59
17 50 57 60
18 51 58 61
19 52 59 62
20 53 60 63
21 54 61 64
22 55 62 65
23 56 63 66
24 57 64 67
25 58 65 68
26 59 66 69
27 60 67 70
0 28 61 68
1 29 62 69
2 30 63 70
0 3 31 64
1 4 32 65
2 5 33 66
3 6 34 67
4 7 35 68
5 8 36 69
6 9 37 70
0 7 10 38
1 8 11 39
2 9 12 40
3 10 13 41
4 11 14 42
5 12 15 43
6 13 16 44
7 14 17 45
8 15 18 46
9 16 19 47
10 17 20 48
11 18 21 49
12 19 22 50
13 20 23 51
14 21 24 52
15 22 25 53
16 23 26 54
17 24 27 55
18 25 28 56
19 26 29 57
20 27 30 58
21 28 31 59
22 29 32 60
23 30 33 61
24 31 34 62
25 32 35 63
26 33 36 64
27 34 37 65
28 35 38 66
29 36 39 67
30 37 40 68
31 38 41 69
32 39 42 70
0 33 40 43
34 45 59 68
35 46 60 69
36 47 61 70
0 37 48 62
1 38 49 63
2 39 50 64
3 40 51 65
4 41 52 66
5 42 53 67
6 43 54 68
7 44 55 69
8 45 56 70
0 9 46 57
1 10 47 58
2 11 48 59
3 12 49 60
4 13 50 61
5 14 51 62
6 15 52 63
7 16 53 64
8 17 54 65
9 18 55 66
10 19 56 67
11 20 57 68
12 21 58 69
13 22 59 70
0 14 23 60
1 15 24 61
2 16 25 62
3 17 26 63
4 18 27 64
5 19 28 65
6 20 29 66
7 21 30 67
8 22 31 68
9 23 32 69
10 24 33 70
0 11 25 34
1 12 26 35
2 13 27 36
3 14 28 37
4 15 29 38
5 16 30 39
6 17 31 40
7 18 32 41
8 19 33 42
9 20 34 43
10 21 35 44
11 22 36 45
12 23 37 46
13 24 38 47
14 25 39 48
15 26 40 49
16 27 41 50
17 28 42 51
18 29 43 52
19 30 44 53
20 31 45 54
21 32 46 55
22 33 47 56
23 34 48 57
24 35 49 58
25 36 50 59
26 37 51 60
27 38 52 61
28 39 53 62
29 40 54 63
30 41 55 64
31 42 56 65
32 43 57 66
33 44 58 67
