47 54 70
49 56 70
51 58 70
53 60 70
55 62 70
57 64 70
59 66 70
61 68 70
0 63 70
2 65 70
4 67 70
6 69 70
1 8 70
3 10 70
5 12 70
7 14 70
9 16 70
11 18 70
13 20 70
15 22 70
17 24 70
19 26 70
21 28 70
23 30 70
25 32 70
27 34 70
29 36 70
31 38 70
33 40 70
35 42 70
37 44 70
39 46 70
41 48 70
43 50 70
45 52 70
15 49 52
17 51 54
19 53 56
21 55 58
23 57 60
25 59 62
27 61 64
29 63 66
31 65 68
0 33 67
2 35 69
1 4 37
3 6 39
5 8 41
7 10 43
9 12 45
11 14 47
13 16 49
15 18 51
17 20 53
19 22 55
21 24 57
23 26 59
25 28 61
27 30 63
29 32 65
31 34 67
33 36 69
1 35 38
3 37 40
5 39 42
7 41 44
9 43 46
11 45 48
13 47 50
26 48 55
28 50 57
30 52 59
32 54 61
34 56 63
36 58 65
38 60 67
40 62 69
1 42 64
3 44 66
5 46 68
0 7 48
2 9 50
4 11 52
6 13 54
8 15 56
10 17 58
12 19 60
14 21 62
16 23 64
18 25 66
20 27 68
0 22 29
2 24 31
4 26 33
6 28 35
8 30 37
10 32 39
12 34 41
14 36 43
16 38 45
18 40 47
20 42 49
22 44 51
24 46 53
35 58 66
37 60 68
0 39 62
2 41 64
4 43 66
6 45 68
0 8 47
2 10 49
4 12 51
6 14 53
8 16 55
10 18 57
12 20 59
14 22 61
16 24 63
18 26 65
20 28 67
22 30 69
1 24 32
3 26 34
5 28 36
7 30 38
9 32 40
11 34 42
13 36 44
15 38 46
17 40 48
19 42 50
21 44 52
23 46 54
25 48 56
27 50 58
29 52 60
31 54 62
33 56 64
18 30 50
20 32 52
22 34 54
24 36 56
26 38 58
28 40 60
30 42 62
32 44 64
34 46 66
36 48 68
0 38 50
2 40 52
4 42 54
6 44 56
8 46 58
10 48 60
12 50 62
14 52 64
16 54 66
18 56 68
0 20 58
2 22 60
4 24 62
6 26 64
8 28 66
10 30 68
0 12 32
2 14 34
4 16 36
6 18 38
8 20 40
10 22 42
12 24 44
14 26 46
16 28 48
2 19 30
4 21 32
6 23 34
8 25 36
10 27 38
12 29 40
14 31 42
16 33 44
18 35 46
20 37 48
22 39 50
24 41 52
26 43 54
28 45 56
30 47 58
32 49 60
34 51 62
36 53 64
38 55 66
40 57 68
0 42 59
2 44 61
4 46 63
6 48 65
8 50 67
10 52 69
1 12 54
3 14 56
5 16 58
7 18 60
9 20 62
11 22 64
13 24 66
15 26 68
0 17 28
5 37 47
7 39 49
9 41 51
11 43 53
13 45 55
15 47 57
17 49 59
19 51 61
21 53 63
23 55 65
25 57 67
27 59 69
1 29 61
3 31 63
5 33 65
7 35 67
9 37 69
1 11 39
3 13 41
5 15 43
7 17 45
9 19 47
11 21 49
13 23 51
15 25 53
17 27 55
19 29 57
21 31 59
23 33 61
25 35 63
27 37 65
29 39 67
31 41 69
1 33 43
3 35 45
7 9 22
9 11 24
11 13 26
13 15 28
15 17 30
17 19 32
19 21 34
21 23 36
23 25 38
25 27 40
27 29 42
29 31 44
31 33 46
33 35 48
35 37 50
37 39 52
39 41 54
41 43 56
43 45 58
45 47 60
47 49 62
49 51 64
51 53 66
53 55 68
0 55 57
2 57 59
4 59 61
6 61 63
8 63 65
10 65 67
12 67 69
1 14 69
1 3 16
3 5 18
5 7 20
26 45 61
28 47 63
30 49 65
32 51 67
34 53 69
1 36 55
3 38 57
5 40 59
7 42 61
9 44 63
11 46 65
13 48 67
15 50 69
1 17 52
3 19 54
5 21 56
7 23 58
9 25 60
11 27 62
13 29 64
15 31 66
17 33 68
0 19 35
2 21 37
4 23 39
6 25 41
8 27 43
10 29 45
12 31 47
14 33 49
16 35 51
18 37 53
20 39 55
22 41 57
24 43 59
0 45 51
2 47 53
4 49 55
6 51 57
8 53 59
10 55 61
12 57 63
14 59 65
16 61 67
18 63 69
1 20 65
3 22 67
5 24 69
1 7 26
3 9 28
5 11 30
7 13 32
9 15 34
11 17 36
13 19 38
15 21 40
17 23 42
19 25 44
21 27 46
23 29 48
25 31 50
27 33 52
29 35 54
31 37 56
33 39 58
35 41 60
37 43 62
39 45 64
41 47 66
43 49 68
2 4 56
4 6 58
6 8 60
8 10 62
10 12 64
12 14 66
14 16 68
0 16 18
2 18 20
4 20 22
6 22 24
8 24 26
10 26 28
12 28 30
14 30 32
16 32 34
18 34 36
20 36 38
22 38 40
24 40 42
26 42 44
28 44 46
30 46 48
32 48 50
34 50 52
36 52 54
38 54 56
40 56 58
42 58 60
44 60 62
46 62 64
48 64 66
50 66 68
0 52 68
0 2 54
24 30 64
26 32 66
28 34 68
0 30 36
2 32 38
4 34 40
6 36 42
8 38 44
10 40 46
12 42 48
14 44 50
16 46 52
18 48 54
20 50 56
22 52 58
24 54 60
26 56 62
28 58 64
30 60 66
32 62 68
0 34 64
2 36 66
4 38 68
0 6 40
2 8 42
4 10 44
6 12 46
8 14 48
10 16 50
12 18 52
14 20 54
16 22 56
18 24 58
20 26 60
22 28 62
16 59 60
18 61 62
20 63 64
22 65 66
24 67 68
0 26 69
1 2 28
3 4 30
5 6 32
7 8 34
9 10 36
11 12 38
13 14 40
15 16 42
17 18 44
19 20 46
21 22 48
23 24 50
25 26 52
27 28 54
29 30 56
31 32 58
33 34 60
35 36 62
37 38 64
39 40 66
41 42 68
0 43 44
2 45 46
4 47 48
6 49 50
8 51 52
10 53 54
12 55 56
14 57 58
48 57 62
50 59 64
52 61 66
54 63 68
0 56 65
2 58 67
4 60 69
1 6 62
3 8 64
5 10 66
7 12 68
0 9 14
2 11 16
4 13 18
6 15 20
8 17 22
10 19 24
12 21 26
14 23 28
16 25 30
18 27 32
20 29 34
22 31 36
24 33 38
26 35 40
28 37 42
30 39 44
32 41 46
34 43 48
36 45 50
38 47 52
40 49 54
42 51 56
44 53 58
46 55 60
8 21 33
10 23 35
12 25 37
14 27 39
16 29 41
18 31 43
20 33 45
22 35 47
24 37 49
26 39 51
28 41 53
30 43 55
32 45 57
34 47 59
36 49 61
38 51 63
40 53 65
42 55 67
44 57 69
1 46 59
3 48 61
5 50 63
7 52 65
9 54 67
11 56 69
1 13 58
3 15 60
5 17 62
7 19 64
9 21 66
11 23 68
0 13 25
2 15 27
4 17 29
6 19 31
18 33 42
20 35 44
22 37 46
24 39 48
26 41 50
28 43 52
30 45 54
32 47 56
34 49 58
36 51 60
38 53 62
40 55 64
42 57 66
44 59 68
0 46 61
2 48 63
4 50 65
6 52 67
8 54 69
1 10 56
3 12 58
5 14 60
7 16 62
9 18 64
11 20 66
13 22 68
0 15 24
2 17 26
4 19 28
6 21 30
8 23 32
10 25 34
12 27 36
14 29 38
16 31 40
5 37 61
7 39 63
9 41 65
11 43 67
13 45 69
1 15 47
3 17 49
5 19 51
7 21 53
9 23 55
11 25 57
13 27 59
15 29 61
17 31 63
19 33 65
21 35 67
23 37 69
1 25 39
3 27 41
5 29 43
7 31 45
9 33 47
11 35 49
13 37 51
15 39 53
17 41 55
19 43 57
21 45 59
23 47 61
25 49 63
27 51 65
29 53 67
31 55 69
1 33 57
3 35 59
24 28 29
26 30 31
28 32 33
30 34 35
32 36 37
34 38 39
36 40 41
38 42 43
40 44 45
42 46 47
44 48 49
46 50 51
48 52 53
50 54 55
52 56 57
54 58 59
56 60 61
58 62 63
60 64 65
62 66 67
64 68 69
0 1 66
2 3 68
0 4 5
2 6 7
4 8 9
6 10 11
8 12 13
10 14 15
12 16 17
14 18 19
16 20 21
18 22 23
20 24 25
22 26 27
29 37 59
31 39 61
33 41 63
35 43 65
37 45 67
39 47 69
1 41 49
3 43 51
5 45 53
7 47 55
9 49 57
11 51 59
13 53 61
15 55 63
17 57 65
19 59 67
21 61 69
1 23 63
3 25 65
5 27 67
7 29 69
1 9 31
3 11 33
5 13 35
7 15 37
9 17 39
11 19 41
13 21 43
15 23 45
17 25 47
19 27 49
21 29 51
23 31 53
25 33 55
27 35 57
9 30 61
11 32 63
13 34 65
15 36 67
17 38 69
1 19 40
3 21 42
5 23 44
7 25 46
9 27 48
11 29 50
13 31 52
15 33 54
17 35 56
19 37 58
21 39 60
23 41 62
25 43 64
27 45 66
29 47 68
0 31 49
2 33 51
4 35 53
6 37 55
8 39 57
10 41 59
12 43 61
14 45 63
16 47 65
18 49 67
20 51 69
1 22 53
3 24 55
5 26 57
7 28 59
46 56 67
48 58 69
1 50 60
3 52 62
5 54 64
7 56 66
9 58 68
0 11 60
2 13 62
4 15 64
6 17 66
8 19 68
0 10 21
2 12 23
4 14 25
6 16 27
8 18 29
10 20 31
12 22 33
14 24 35
16 26 37
18 28 39
20 30 41
22 32 43
24 34 45
26 36 47
28 38 49
30 40 51
32 42 53
34 44 55
36 46 57
38 48 59
40 50 61
42 52 63
44 54 65
16 43 69
1 18 45
3 20 47
5 22 49
7 24 51
9 26 53
11 28 55
13 30 57
15 32 59
17 34 61
19 36 63
21 38 65
23 40 67
25 42 69
1 27 44
3 29 46
5 31 48
7 33 50
9 35 52
11 37 54
13 39 56
15 41 58
17 43 60
19 45 62
21 47 64
23 49 66
25 51 68
0 27 53
2 29 55
4 31 57
6 33 59
8 35 61
10 37 63
12 39 65
14 41 67
1 21 68
0 3 23
2 5 25
4 7 27
6 9 29
8 11 31
10 13 33
12 15 35
14 17 37
16 19 39
18 21 41
20 23 43
22 25 45
24 27 47
26 29 49
28 31 51
30 33 53
32 35 55
34 37 57
36 39 59
38 41 61
40 43 63
42 45 65
44 47 67
46 49 69
1 48 51
3 50 53
5 52 55
7 54 57
9 56 59
11 58 61
13 60 63
15 62 65
17 64 67
19 66 69
13 17 46
15 19 48
17 21 50
19 23 52
21 25 54
23 27 56
25 29 58
27 31 60
29 33 62
31 35 64
33 37 66
35 39 68
0 37 41
2 39 43
4 41 45
6 43 47
8 45 49
10 47 51
12 49 53
14 51 55
16 53 57
18 55 59
20 57 61
22 59 63
24 61 65
26 63 67
28 65 69
1 30 67
3 32 69
1 5 34
3 7 36
5 9 38
7 11 40
9 13 42
11 15 44
