0 11 12 14 17 25 29 45 52 61
1 12 13 15 18 26 30 46 53 62
2 13 14 16 19 27 31 47 54 63
3 14 15 17 20 28 32 48 55 64
4 15 16 18 21 29 33 49 56 65
5 16 17 19 22 30 34 50 57 66
6 17 18 20 23 31 35 51 58 67
7 18 19 21 24 32 36 52 59 68
8 19 20 22 25 33 37 53 60 69
9 20 21 23 26 34 38 54 61 70
0 10 21 22 24 27 35 39 55 62
1 11 22 23 25 28 36 40 56 63
2 12 23 24 26 29 37 41 57 64
3 13 24 25 27 30 38 42 58 65
4 14 25 26 28 31 39 43 59 66
5 15 26 27 29 32 40 44 60 67
6 16 27 28 30 33 41 45 61 68
7 17 28 29 31 34 42 46 62 69
8 18 29 30 32 35 43 47 63 70
0 9 19 30 31 33 36 44 48 64
1 10 20 31 32 34 37 45 49 65
2 11 21 32 33 35 38 46 50 66
3 12 22 33 34 36 39 47 51 67
4 13 23 34 35 37 40 48 52 68
5 14 24 35 36 38 41 49 53 69
6 15 25 36 37 39 42 50 54 70
0 7 16 26 37 38 40 43 51 55
1 8 17 27 38 39 41 44 52 56
2 9 18 28 39 40 42 45 53 57
3 10 19 29 40 41 43 46 54 58
4 11 20 30 41 42 44 47 55 59
5 12 21 31 42 43 45 48 56 60
6 13 22 32 43 44 46 49 57 61
7 14 23 33 44 45 47 50 58 62
8 15 24 34 45 46 48 51 59 63
9 16 25 35 46 47 49 52 60 64
10 17 26 36 47 48 50 53 61 65
11 18 27 37 48 49 51 54 62 66
12 19 28 38 49 50 52 55 63 67
13 20 29 39 50 51 53 56 64 68
14 21 30 40 51 52 54 57 65 69
15 22 31 41 52 53 55 58 66 70
0 16 23 32 42 53 54 56 59 67
1 17 24 33 43 54 55 57 60 68
2 18 25 34 44 55 56 58 61 69
3 19 26 35 45 56 57 59 62 70
0 4 20 27 36 46 57 58 60 63
1 5 21 28 37 47 58 59 61 64
2 6 22 29 38 48 59 60 62 65
3 7 23 30 39 49 60 61 63 66
4 8 24 31 40 50 61 62 64 67
5 9 25 32 41 51 62 63 65 68
6 10 26 33 42 52 63 64 66 69
7 11 27 34 43 53 64 65 67 70
0 8 12 28 35 44 54 65 66 68
1 9 13 29 36 45 55 66 67 69
2 10 14 30 37 46 56 67 68 70
0 3 11 15 31 38 47 57 68 69
1 4 12 16 32 39 48 58 69 70
0 2 5 13 17 33 40 49 59 70
0 1 3 6 14 18 34 41 50 60
1 2 4 7 15 19 35 42 51 61
2 3 5 8 16 20 36 43 52 62
3 4 6 9 17 21 37 44 53 63
4 5 7 10 18 22 38 45 54 64
5 6 8 11 19 23 39 46 55 65
6 7 9 12 20 24 40 47 56 66
7 8 10 13 21 25 41 48 57 67
8 9 11 14 22 26 42 49 58 68
9 10 12 15 23 27 43 50 59 69
10 11 13 16 24 28 44 51 60 70
