3 10 23 40
4 11 24 41
5 12 25 42
6 13 26 43
7 14 27 44
8 15 28 45
9 16 29 46
10 17 30 47
11 18 31 48
12 19 32 49
13 20 33 50
14 21 34 51
15 22 35 52
16 23 36 53
17 24 37 54
18 25 38 55
19 26 39 56
20 27 40 57
21 28 41 58
22 29 42 59
23 30 43 60
24 31 44 61
25 32 45 62
26 33 46 63
27 34 47 64
28 35 48 65
29 36 49 66
30 37 50 67
31 38 51 68
32 39 52 69
33 40 53 70
34 41 54 71
0 35 42 55
1 36 43 56
2 37 44 57
3 38 45 58
4 39 46 59
5 40 47 60
6 41 48 61
7 42 49 62
8 43 50 63
9 44 51 64
10 45 52 65
11 46 53 66
12 47 54 67
13 48 55 68
14 49 56 69
15 50 57 70
16 51 58 71
0 17 52 59
1 18 53 60
2 19 54 61
3 20 55 62
4 21 56 63
5 22 57 64
6 23 58 65
7 24 59 66
8 25 60 67
9 26 61 68
10 27 62 69
11 28 63 70
12 29 64 71
0 13 30 65
1 14 31 66
2 15 32 67
3 16 33 68
4 17 34 69
5 18 35 70
6 19 36 71
0 7 20 37
1 8 21 38
2 9 22 39
15 60 66 71
0 16 61 67
1 17 62 68
2 18 63 69
3 19 64 70
4 20 65 71
0 5 21 66
1 6 22 67
2 7 23 68
3 8 24 69
4 9 25 70
5 10 26 71
0 6 11 27
1 7 12 28
2 8 13 29
3 9 14 30
4 10 15 31
5 11 16 32
6 12 17 33
7 13 18 34
8 14 19 35
9 15 20 36
10 16 21 37
11 17 22 38
12 18 23 39
13 19 24 40
14 20 25 41
15 21 26 42
16 22 27 43
17 23 28 44
18 24 29 45
19 25 30 46
20 26 31 47
21 27 32 48
22 28 33 49
23 29 34 50
24 30 35 51
25 31 36 52
26 32 37 53
27 33 38 54
28 34 39 55
29 35 40 56
30 36 41 57
31 37 42 58
32 38 43 59
33 39 44 60
34 40 45 61
35 41 46 62
36 42 47 63
37 43 48 64
38 44 49 65
39 45 50 66
40 46 51 67
41 47 52 68
42 48 53 69
43 49 54 70
44 50 55 71
0 45 51 56
1 46 52 57
2 47 53 58
3 48 54 59
4 49 55 60
5 50 56 61
6 51 57 62
7 52 58 63
8 53 59 64
9 54 60 65
10 55 61 66
11 56 62 67
12 57 63 68
13 58 64 69
14 59 65 70
29 51 60 63
30 52 61 64
31 53 62 65
32 54 63 66
33 55 64 67
34 56 65 68
35 57 66 69
36 58 67 70
37 59 68 71
0 38 60 69
1 39 61 70
2 40 62 71
0 3 41 63
1 4 42 64
2 5 43 65
3 6 44 66
4 7 45 67
5 8 46 68
6 9 47 69
7 10 48 70
8 11 49 71
0 9 12 50
1 10 13 51
2 11 14 52
3 12 15 53
4 13 16 54
5 14 17 55
6 15 18 56
7 16 19 57
8 17 20 58
9 18 21 59
10 19 22 60
11 20 23 61
12 21 24 62
13 22 25 63
14 23 26 64
15 24 27 65
16 25 28 66
17 26 29 67
18 27 30 68
19 28 31 69
20 29 32 70
21 30 33 71
0 22 31 34
1 23 32 35
2 24 33 36
3 25 34 37
4 26 35 38
5 27 36 39
6 28 37 40
7 29 38 41
8 30 39 42
9 31 40 43
10 32 41 44
11 33 42 45
12 34 43 46
13 35 44 47
14 36 45 48
15 37 46 49
16 38 47 50
17 39 48 51
18 40 49 52
19 41 50 53
20 42 51 54
21 43 52 55
22 44 53 56
23 45 54 57
24 46 55 58
25 47 56 59
26 48 57 60
27 49 58 61
28 50 59 62
6 42 50 52
7 43 51 53
8 44 52 54
9 45 53 55
10 46 54 56
11 47 55 57
12 48 56 58
13 49 57 59
14 50 58 60
15 51 59 61
16 52 60 62
17 53 61 63
18 54 62 64
19 55 63 65
20 56 64 66
21 57 65 67
22 58 66 68
23 59 67 69
24 60 68 70
25 61 69 71
0 26 62 70
1 27 63 71
0 2 28 64
1 3 29 65
2 4 30 66
3 5 31 67
4 6 32 68
5 7 33 69
6 8 34 70
7 9 35 71
0 8 10 36
1 9 11 37
2 10 12 38
3 11 13 39
4 12 14 40
5 13 15 41
6 14 16 42
7 15 17 43
8 16 18 44
9 17 19 45
10 18 20 46
11 19 21 47
12 20 22 48
13 21 23 49
14 22 24 50
15 23 25 51
16 24 26 52
17 25 27 53
18 26 28 54
19 27 29 55
20 28 30 56
21 29 31 57
22 30 32 58
23 31 33 59
24 32 34 60
25 33 35 61
26 34 36 62
27 35 37 63
28 36 38 64
29 37 39 65
30 38 40 66
31 39 41 67
32 40 42 68
33 41 43 69
34 42 44 70
35 43 45 71
0 36 44 46
1 37 45 47
2 38 46 48
3 39 47 49
4 40 48 50
5 41 49 51
14 18 43 67
15 19 44 68
16 20 45 69
17 21 46 70
18 22 47 71
0 19 23 48
1 20 24 49
2 21 25 50
3 22 26 51
4 23 27 52
5 24 28 53
6 25 29 54
7 26 30 55
8 27 31 56
9 28 32 57
10 29 33 58
11 30 34 59
12 31 35 60
13 32 36 61
14 33 37 62
15 34 38 63
16 35 39 64
17 36 40 65
18 37 41 66
19 38 42 67
20 39 43 68
21 40 44 69
22 41 45 70
23 42 46 71
0 24 43 47
1 25 44 48
2 26 45 49
3 27 46 50
4 28 47 51
5 29 48 52
6 30 49 53
7 31 50 54
8 32 51 55
9 33 52 56
10 34 53 57
11 35 54 58
12 36 55 59
13 37 56 60
14 38 57 61
15 39 58 62
16 40 59 63
17 41 60 64
18 42 61 65
19 43 62 66
20 44 63 67
21 45 64 68
22 46 65 69
23 47 66 70
24 48 67 71
0 25 49 68
1 26 50 69
2 27 51 70
3 28 52 71
0 4 29 53
1 5 30 54
2 6 31 55
3 7 32 56
4 8 33 57
5 9 34 58
6 10 35 59
7 11 36 60
8 12 37 61
9 13 38 62
10 14 39 63
11 15 40 64
12 16 41 65
13 17 42 66
11 12 51 69
12 13 52 70
13 14 53 71
0 14 15 54
1 15 16 55
2 16 17 56
3 17 18 57
4 18 19 58
5 19 20 59
6 20 21 60
7 21 22 61
8 22 23 62
9 23 24 63
10 24 25 64
11 25 26 65
12 26 27 66
13 27 28 67
14 28 29 68
15 29 30 69
16 30 31 70
17 31 32 71
0 18 32 33
1 19 33 34
2 20 34 35
3 21 35 36
4 22 36 37
5 23 37 38
6 24 38 39
7 25 39 40
8 26 40 41
9 27 41 42
10 28 42 43
11 29 43 44
12 30 44 45
13 31 45 46
14 32 46 47
15 33 47 48
16 34 48 49
17 35 49 50
18 36 50 51
19 37 51 52
20 38 52 53
21 39 53 54
22 40 54 55
23 41 55 56
24 42 56 57
25 43 57 58
26 44 58 59
27 45 59 60
28 46 60 61
29 47 61 62
30 48 62 63
31 49 63 64
32 50 64 65
33 51 65 66
34 52 66 67
35 53 67 68
36 54 68 69
37 55 69 70
38 56 70 71
0 39 57 71
0 1 40 58
1 2 41 59
2 3 42 60
3 4 43 61
4 5 44 62
5 6 45 63
6 7 46 64
7 8 47 65
8 9 48 66
9 10 49 67
10 11 50 68
