1 15 40 43 67
3 17 42 45 69
5 19 44 47 71
1 7 21 46 49
3 9 23 48 51
5 11 25 50 53
7 13 27 52 55
9 15 29 54 57
11 17 31 56 59
13 19 33 58 61
15 21 35 60 63
17 23 37 62 65
19 25 39 64 67
21 27 41 66 69
23 29 43 68 71
1 25 31 45 70
0 3 27 33 47
2 5 29 35 49
4 7 31 37 51
6 9 33 39 53
8 11 35 41 55
10 13 37 43 57
12 15 39 45 59
14 17 41 47 61
16 19 43 49 63
18 21 45 51 65
20 23 47 53 67
22 25 49 55 69
24 27 51 57 71
1 26 29 53 59
3 28 31 55 61
5 30 33 57 63
7 32 35 59 65
9 34 37 61 67
11 36 39 63 69
13 38 41 65 71
2 3 37 58 70
0 4 5 39 60
2 6 7 41 62
4 8 9 43 64
6 10 11 45 66
8 12 13 47 68
10 14 15 49 70
0 12 16 17 51
2 14 18 19 53
4 16 20 21 55
6 18 22 23 57
8 20 24 25 59
10 22 26 27 61
12 24 28 29 63
14 26 30 31 65
16 28 32 33 67
18 30 34 35 69
20 32 36 37 71
1 22 34 38 39
3 24 36 40 41
5 26 38 42 43
7 28 40 44 45
9 30 42 46 47
11 32 44 48 49
13 34 46 50 51
15 36 48 52 53
17 38 50 54 55
19 40 52 56 57
21 42 54 58 59
23 44 56 60 61
25 46 58 62 63
27 48 60 64 65
29 50 62 66 67
31 52 64 68 69
33 54 66 70 71
0 1 35 56 68
3 21 32 53 68
5 23 34 55 70
0 7 25 36 57
2 9 27 38 59
4 11 29 40 61
6 13 31 42 63
8 15 33 44 65
10 17 35 46 67
12 19 37 48 69
14 21 39 50 71
1 16 23 41 52
3 18 25 43 54
5 20 27 45 56
7 22 29 47 58
9 24 31 49 60
11 26 33 51 62
13 28 35 53 64
15 30 37 55 66
17 32 39 57 68
19 34 41 59 70
0 21 36 43 61
2 23 38 45 63
4 25 40 47 65
6 27 42 49 67
8 29 44 51 69
10 31 46 53 71
1 12 33 48 55
3 14 35 50 57
5 16 37 52 59
7 18 39 54 61
9 20 41 56 63
11 22 43 58 65
13 24 45 60 67
15 26 47 62 69
17 28 49 64 71
1 19 30 51 66
10 54 63 65 68
12 56 65 67 70
0 14 58 67 69
2 16 60 69 71
1 4 18 62 71
1 3 6 20 64
3 5 8 22 66
5 7 10 24 68
7 9 12 26 70
0 9 11 14 28
2 11 13 16 30
4 13 15 18 32
6 15 17 20 34
8 17 19 22 36
10 19 21 24 38
12 21 23 26 40
14 23 25 28 42
16 25 27 30 44
18 27 29 32 46
20 29 31 34 48
22 31 33 36 50
24 33 35 38 52
26 35 37 40 54
28 37 39 42 56
30 39 41 44 58
32 41 43 46 60
34 43 45 48 62
36 45 47 50 64
38 47 49 52 66
40 49 51 54 68
42 51 53 56 70
0 44 53 55 58
2 46 55 57 60
4 48 57 59 62
6 50 59 61 64
8 52 61 63 66
1 11 47 54 60
3 13 49 56 62
5 15 51 58 64
7 17 53 60 66
9 19 55 62 68
11 21 57 64 70
0 13 23 59 66
2 15 25 61 68
4 17 27 63 70
0 6 19 29 65
2 8 21 31 67
4 10 23 33 69
6 12 25 35 71
1 8 14 27 37
3 10 16 29 39
5 12 18 31 41
7 14 20 33 43
9 16 22 35 45
11 18 24 37 47
13 20 26 39 49
15 22 28 41 51
17 24 30 43 53
19 26 32 45 55
21 28 34 47 57
23 30 36 49 59
25 32 38 51 61
27 34 40 53 63
29 36 42 55 65
31 38 44 57 67
33 40 46 59 69
35 42 48 61 71
1 37 44 50 63
3 39 46 52 65
5 41 48 54 67
7 43 50 56 69
9 45 52 58 71
11 19 20 23 46
13 21 22 25 48
15 23 24 27 50
17 25 26 29 52
19 27 28 31 54
21 29 30 33 56
23 31 32 35 58
25 33 34 37 60
27 35 36 39 62
29 37 38 41 64
31 39 40 43 66
33 41 42 45 68
35 43 44 47 70
0 37 45 46 49
2 39 47 48 51
4 41 49 50 53
6 43 51 52 55
8 45 53 54 57
10 47 55 56 59
12 49 57 58 61
14 51 59 60 63
16 53 61 62 65
18 55 63 64 67
20 57 65 66 69
22 59 67 68 71
1 24 61 69 70
0 3 26 63 71
1 2 5 28 65
3 4 7 30 67
5 6 9 32 69
7 8 11 34 71
1 9 10 13 36
3 11 12 15 38
5 13 14 17 40
7 15 16 19 42
9 17 18 21 44
6 26 28 36 60
8 28 30 38 62
10 30 32 40 64
12 32 34 42 66
14 34 36 44 68
16 36 38 46 70
0 18 38 40 48
2 20 40 42 50
4 22 42 44 52
6 24 44 46 54
8 26 46 48 56
10 28 48 50 58
12 30 50 52 60
14 32 52 54 62
16 34 54 56 64
18 36 56 58 66
20 38 58 60 68
22 40 60 62 70
0 24 42 62 64
2 26 44 64 66
4 28 46 66 68
6 30 48 68 70
0 8 32 50 70
0 2 10 34 52
2 4 12 36 54
4 6 14 38 56
6 8 16 40 58
8 10 18 42 60
10 12 20 44 62
12 14 22 46 64
14 16 24 48 66
16 18 26 50 68
18 20 28 52 70
0 20 22 30 54
2 22 24 32 56
4 24 26 34 58
11 36 51 52 67
13 21 29 52 70
4 20 30 45 61
16 26 41 57 67
6 22 32 47 63
4 5 19 21 35
22 24 39 55 70
2 15 28 43 59
10 20 27 35 51
24 34 42 49 65
0 2 10 25 41
7 23 48 63 64
9 11 19 50 65
5 36 46 61 62
16 21 31 47 62
6 18 33 49 60
9 25 35 40 66
2 17 33 35 64
14 30 40 55 71
3 12 13 44 59
3 19 34 47 60
15 25 46 56 71
1 11 32 42 57
13 23 28 54 69
7 8 23 39 49
6 11 21 37 46
7 17 32 37 47
1 17 27 48 58
14 29 45 60 67
0 15 20 31 49
5 7 18 38 59
11 12 27 43 68
21 22 37 53 68
12 38 43 53 69
