7 22 43
8 23 44
9 24 45
10 25 46
11 26 47
12 27 48
13 28 49
14 29 50
15 30 51
16 31 52
17 32 53
18 33 54
19 34 55
20 35 56
21 36 57
22 37 58
23 38 59
24 39 60
25 40 61
26 41 62
27 42 63
28 43 64
29 44 65
30 45 66
31 46 67
32 47 68
33 48 69
34 49 70
35 50 71
0 36 51
1 37 52
2 38 53
3 39 54
4 40 55
5 41 56
6 42 57
7 43 58
8 44 59
9 45 60
10 46 61
11 47 62
12 48 63
13 49 64
14 50 65
15 51 66
16 52 67
17 53 68
18 54 69
19 55 70
20 56 71
0 21 57
1 22 58
2 23 59
3 24 60
4 25 61
5 26 62
6 27 63
7 28 64
8 29 65
9 30 66
10 31 67
11 32 68
12 33 69
13 34 70
14 35 71
0 15 36
1 16 37
2 17 38
3 18 39
4 19 40
5 20 41
6 21 42
9 34 62
10 35 63
11 36 64
12 37 65
13 38 66
14 39 67
15 40 68
16 41 69
17 42 70
18 43 71
0 19 44
1 20 45
2 21 46
3 22 47
4 23 48
5 24 49
6 25 50
7 26 51
8 27 52
9 28 53
10 29 54
11 30 55
12 31 56
13 32 57
14 33 58
15 34 59
16 35 60
17 36 61
18 37 62
19 38 63
20 39 64
21 40 65
22 41 66
23 42 67
24 43 68
25 44 69
26 45 70
27 46 71
0 28 47
1 29 48
2 30 49
3 31 50
4 32 51
5 33 52
6 34 53
7 35 54
8 36 55
9 37 56
10 38 57
11 39 58
12 40 59
13 41 60
14 42 61
15 43 62
16 44 63
17 45 64
18 46 65
19 47 66
20 48 67
21 49 68
22 50 69
23 51 70
24 52 71
0 25 53
1 26 54
2 27 55
3 28 56
4 29 57
5 30 58
6 31 59
7 32 60
8 33 61
0 27 29
1 28 30
2 29 31
3 30 32
4 31 33
5 32 34
6 33 35
7 34 36
8 35 37
9 36 38
10 37 39
11 38 40
12 39 41
13 40 42
14 41 43
15 42 44
16 43 45
17 44 46
18 45 47
19 46 48
20 47 49
21 48 50
22 49 51
23 50 52
24 51 53
25 52 54
26 53 55
27 54 56
28 55 57
29 56 58
30 57 59
31 58 60
32 59 61
33 60 62
34 61 63
35 62 64
36 63 65
37 64 66
38 65 67
39 66 68
40 67 69
41 68 70
42 69 71
0 43 70
1 44 71
0 2 45
1 3 46
2 4 47
3 5 48
4 6 49
5 7 50
6 8 51
7 9 52
8 10 53
9 11 54
10 12 55
11 13 56
12 14 57
13 15 58
14 16 59
15 17 60
16 18 61
17 19 62
18 20 63
19 21 64
20 22 65
21 23 66
22 24 67
23 25 68
24 26 69
25 27 70
26 28 71
1 4 66
2 5 67
3 6 68
4 7 69
5 8 70
6 9 71
0 7 10
1 8 11
2 9 12
3 10 13
4 11 14
5 12 15
6 13 16
7 14 17
8 15 18
9 16 19
10 17 20
11 18 21
12 19 22
13 20 23
14 21 24
15 22 25
16 23 26
17 24 27
18 25 28
19 26 29
20 27 30
21 28 31
22 29 32
23 30 33
24 31 34
25 32 35
26 33 36
27 34 37
28 35 38
29 36 39
30 37 40
31 38 41
32 39 42
33 40 43
34 41 44
35 42 45
36 43 46
37 44 47
38 45 48
39 46 49
40 47 50
41 48 51
42 49 52
43 50 53
44 51 54
45 52 55
46 53 56
47 54 57
48 55 58
49 56 59
50 57 60
51 58 61
52 59 62
53 60 63
54 61 64
55 62 65
56 63 66
57 64 67
58 65 68
59 66 69
60 67 70
61 68 71
0 62 69
1 63 70
2 64 71
0 3 65
16 40 46
17 41 47
18 42 48
19 43 49
20 44 50
21 45 51
22 46 52
23 47 53
24 48 54
25 49 55
26 50 56
27 51 57
28 52 58
29 53 59
30 54 60
31 55 61
32 56 62
33 57 63
34 58 64
35 59 65
36 60 66
37 61 67
38 62 68
39 63 69
40 64 70
41 65 71
0 42 66
1 43 67
2 44 68
3 45 69
4 46 70
5 47 71
0 6 48
1 7 49
2 8 50
3 9 51
4 10 52
5 11 53
6 12 54
7 13 55
8 14 56
9 15 57
10 16 58
11 17 59
12 18 60
13 19 61
14 20 62
15 21 63
16 22 64
17 23 65
18 24 66
19 25 67
20 26 68
21 27 69
22 28 70
23 29 71
0 24 30
1 25 31
2 26 32
3 27 33
4 28 34
5 29 35
6 30 36
7 31 37
8 32 38
9 33 39
10 34 40
11 35 41
12 36 42
13 37 43
14 38 44
15 39 45
14 22 60
15 23 61
16 24 62
17 25 63
18 26 64
19 27 65
20 28 66
21 29 67
22 30 68
23 31 69
24 32 70
25 33 71
0 26 34
1 27 35
2 28 36
3 29 37
4 30 38
5 31 39
6 32 40
7 33 41
8 34 42
9 35 43
10 36 44
11 37 45
12 38 46
13 39 47
14 40 48
15 41 49
16 42 50
17 43 51
18 44 52
19 45 53
20 46 54
21 47 55
22 48 56
23 49 57
24 50 58
25 51 59
26 52 60
27 53 61
28 54 62
29 55 63
30 56 64
31 57 65
32 58 66
33 59 67
34 60 68
35 61 69
36 62 70
37 63 71
0 38 64
1 39 65
2 40 66
3 41 67
4 42 68
5 43 69
6 44 70
7 45 71
0 8 46
1 9 47
2 10 48
3 11 49
4 12 50
5 13 51
6 14 52
7 15 53
8 16 54
9 17 55
10 18 56
11 19 57
12 20 58
13 21 59
47 60 69
48 61 70
49 62 71
0 50 63
1 51 64
2 52 65
3 53 66
4 54 67
5 55 68
6 56 69
7 57 70
8 58 71
0 9 59
1 10 60
2 11 61
3 12 62
4 13 63
5 14 64
6 15 65
7 16 66
8 17 67
9 18 68
10 19 69
11 20 70
12 21 71
0 13 22
1 14 23
2 15 24
3 16 25
4 17 26
5 18 27
6 19 28
7 20 29
8 21 30
9 22 31
10 23 32
11 24 33
12 25 34
13 26 35
14 27 36
15 28 37
16 29 38
17 30 39
18 31 40
19 32 41
20 33 42
21 34 43
22 35 44
23 36 45
24 37 46
25 38 47
26 39 48
27 40 49
28 41 50
29 42 51
30 43 52
31 44 53
32 45 54
33 46 55
34 47 56
35 48 57
36 49 58
37 50 59
38 51 60
39 52 61
40 53 62
41 54 63
42 55 64
43 56 65
44 57 66
45 58 67
46 59 68
19 37 51
20 38 52
21 39 53
22 40 54
23 41 55
24 42 56
25 43 57
26 44 58
27 45 59
28 46 60
29 47 61
30 48 62
31 49 63
32 50 64
33 51 65
34 52 66
35 53 67
36 54 68
37 55 69
38 56 70
39 57 71
0 40 58
1 41 59
2 42 60
3 43 61
4 44 62
5 45 63
6 46 64
7 47 65
8 48 66
9 49 67
10 50 68
11 51 69
12 52 70
13 53 71
0 14 54
1 15 55
2 16 56
3 17 57
4 18 58
5 19 59
6 20 60
7 21 61
8 22 62
9 23 63
10 24 64
11 25 65
12 26 66
13 27 67
14 28 68
15 29 69
16 30 70
17 31 71
0 18 32
1 19 33
2 20 34
3 21 35
4 22 36
5 23 37
6 24 38
7 25 39
8 26 40
9 27 41
10 28 42
11 29 43
12 30 44
13 31 45
14 32 46
15 33 47
16 34 48
17 35 49
18 36 50
6 26 37
7 27 38
8 28 39
9 29 40
10 30 41
11 31 42
12 32 43
13 33 44
14 34 45
15 35 46
16 36 47
17 37 48
18 38 49
19 39 50
20 40 51
21 41 52
22 42 53
23 43 54
24 44 55
25 45 56
26 46 57
27 47 58
28 48 59
29 49 60
30 50 61
31 51 62
32 52 63
33 53 64
34 54 65
35 55 66
36 56 67
37 57 68
38 58 69
39 59 70
40 60 71
0 41 61
1 42 62
2 43 63
3 44 64
4 45 65
5 46 66
6 47 67
7 48 68
8 49 69
9 50 70
10 51 71
0 11 52
1 12 53
2 13 54
3 14 55
4 15 56
5 16 57
6 17 58
7 18 59
8 19 60
9 20 61
10 21 62
11 22 63
12 23 64
13 24 65
14 25 66
15 26 67
16 27 68
17 28 69
18 29 70
19 30 71
0 20 31
1 21 32
2 22 33
3 23 34
4 24 35
5 25 36
1 18 57
2 19 58
3 20 59
4 21 60
5 22 61
6 23 62
7 24 63
8 25 64
9 26 65
10 27 66
11 28 67
12 29 68
13 30 69
14 31 70
15 32 71
0 16 33
1 17 34
2 18 35
3 19 36
4 20 37
5 21 38
6 22 39
7 23 40
8 24 41
9 25 42
10 26 43
11 27 44
12 28 45
13 29 46
14 30 47
15 31 48
16 32 49
17 33 50
18 34 51
19 35 52
20 36 53
21 37 54
22 38 55
23 39 56
24 40 57
25 41 58
26 42 59
27 43 60
28 44 61
29 45 62
30 46 63
31 47 64
32 48 65
33 49 66
34 50 67
35 51 68
36 52 69
37 53 70
38 54 71
0 39 55
1 40 56
2 41 57
3 42 58
4 43 59
5 44 60
6 45 61
7 46 62
8 47 63
9 48 64
10 49 65
11 50 66
12 51 67
13 52 68
14 53 69
15 54 70
16 55 71
0 17 56
21 44 56
22 45 57
23 46 58
24 47 59
25 48 60
26 49 61
27 50 62
28 51 63
29 52 64
30 53 65
31 54 66
32 55 67
33 56 68
34 57 69
35 58 70
36 59 71
0 37 60
1 38 61
2 39 62
3 40 63
4 41 64
5 42 65
6 43 66
7 44 67
8 45 68
9 46 69
10 47 70
11 48 71
0 12 49
1 13 50
2 14 51
3 15 52
4 16 53
5 17 54
6 18 55
7 19 56
8 20 57
9 21 58
10 22 59
11 23 60
12 24 61
13 25 62
14 26 63
15 27 64
16 28 65
17 29 66
18 30 67
19 31 68
20 32 69
21 33 70
22 34 71
0 23 35
1 24 36
2 25 37
3 26 38
4 27 39
5 28 40
6 29 41
7 30 42
8 31 43
9 32 44
10 33 45
11 34 46
12 35 47
13 36 48
14 37 49
15 38 50
16 39 51
17 40 52
18 41 53
19 42 54
20 43 55
30 34 35
31 35 36
32 36 37
33 37 38
34 38 39
35 39 40
36 40 41
37 41 42
38 42 43
39 43 44
40 44 45
41 45 46
42 46 47
43 47 48
44 48 49
45 49 50
46 50 51
47 51 52
48 52 53
49 53 54
50 54 55
51 55 56
52 56 57
53 57 58
54 58 59
55 59 60
56 60 61
57 61 62
58 62 63
59 63 64
60 64 65
61 65 66
62 66 67
63 67 68
64 68 69
65 69 70
66 70 71
0 67 71
0 1 68
1 2 69
2 3 70
3 4 71
0 4 5
1 5 6
2 6 7
3 7 8
4 8 9
5 9 10
6 10 11
7 11 12
8 12 13
9 13 14
10 14 15
11 15 16
12 16 17
13 17 18
14 18 19
15 19 20
16 20 21
17 21 22
18 22 23
19 23 24
20 24 25
21 25 26
22 26 27
23 27 28
24 28 29
25 29 30
26 30 31
27 31 32
28 32 33
29 33 34
