0 5 12 27 35 45 48 55 59 61
2 7 14 29 37 47 50 57 61 63
4 9 16 31 39 49 52 59 63 65
6 11 18 33 41 51 54 61 65 67
8 13 20 35 43 53 56 63 67 69
10 15 22 37 45 55 58 65 69 71
1 12 17 24 39 47 57 60 67 71
1 3 14 19 26 41 49 59 62 69
3 5 16 21 28 43 51 61 64 71
1 5 7 18 23 30 45 53 63 66
3 7 9 20 25 32 47 55 65 68
5 9 11 22 27 34 49 57 67 70
0 7 11 13 24 29 36 51 59 69
2 9 13 15 26 31 38 53 61 71
1 4 11 15 17 28 33 40 55 63
3 6 13 17 19 30 35 42 57 65
5 8 15 19 21 32 37 44 59 67
7 10 17 21 23 34 39 46 61 69
9 12 19 23 25 36 41 48 63 71
1 11 14 21 25 27 38 43 50 65
3 13 16 23 27 29 40 45 52 67
5 15 18 25 29 31 42 47 54 69
7 17 20 27 31 33 44 49 56 71
1 9 19 22 29 33 35 46 51 58
3 11 21 24 31 35 37 48 53 60
5 13 23 26 33 37 39 50 55 62
7 15 25 28 35 39 41 52 57 64
9 17 27 30 37 41 43 54 59 66
11 19 29 32 39 43 45 56 61 68
13 21 31 34 41 45 47 58 63 70
0 15 23 33 36 43 47 49 60 65
2 17 25 35 38 45 49 51 62 67
4 19 27 37 40 47 51 53 64 69
6 21 29 39 42 49 53 55 66 71
1 8 23 31 41 44 51 55 57 68
3 10 25 33 43 46 53 57 59 70
0 1 2 6 16 25 26 34 37 56
2 3 4 8 18 27 28 36 39 58
4 5 6 10 20 29 30 38 41 60
6 7 8 12 22 31 32 40 43 62
8 9 10 14 24 33 34 42 45 64
10 11 12 16 26 35 36 44 47 66
12 13 14 18 28 37 38 46 49 68
14 15 16 20 30 39 40 48 51 70
0 16 17 18 22 32 41 42 50 53
2 18 19 20 24 34 43 44 52 55
4 20 21 22 26 36 45 46 54 57
6 22 23 24 28 38 47 48 56 59
8 24 25 26 30 40 49 50 58 61
10 26 27 28 32 42 51 52 60 63
12 28 29 30 34 44 53 54 62 65
14 30 31 32 36 46 55 56 64 67
16 32 33 34 38 48 57 58 66 69
18 34 35 36 40 50 59 60 68 71
1 20 36 37 38 42 52 61 62 70
0 3 22 38 39 40 44 54 63 64
2 5 24 40 41 42 46 56 65 66
4 7 26 42 43 44 48 58 67 68
6 9 28 44 45 46 50 60 69 70
0 8 11 30 46 47 48 52 62 71
1 2 10 13 32 48 49 50 54 64
3 4 12 15 34 50 51 52 56 66
5 6 14 17 36 52 53 54 58 68
7 8 16 19 38 54 55 56 60 70
0 9 10 18 21 40 56 57 58 62
2 11 12 20 23 42 58 59 60 64
4 13 14 22 25 44 60 61 62 66
6 15 16 24 27 46 62 63 64 68
8 17 18 26 29 48 64 65 66 70
0 10 19 20 28 31 50 66 67 68
2 12 21 22 30 33 52 68 69 70
0 4 14 23 24 32 35 54 70 71
