7 10 14 43 44 51 70
0 9 12 16 45 46 53
2 11 14 18 47 48 55
4 13 16 20 49 50 57
6 15 18 22 51 52 59
8 17 20 24 53 54 61
10 19 22 26 55 56 63
12 21 24 28 57 58 65
14 23 26 30 59 60 67
16 25 28 32 61 62 69
18 27 30 34 63 64 71
1 20 29 32 36 65 66
3 22 31 34 38 67 68
5 24 33 36 40 69 70
0 7 26 35 38 42 71
1 2 9 28 37 40 44
3 4 11 30 39 42 46
5 6 13 32 41 44 48
7 8 15 34 43 46 50
9 10 17 36 45 48 52
11 12 19 38 47 50 54
13 14 21 40 49 52 56
15 16 23 42 51 54 58
17 18 25 44 53 56 60
19 20 27 46 55 58 62
21 22 29 48 57 60 64
23 24 31 50 59 62 66
25 26 33 52 61 64 68
27 28 35 54 63 66 70
0 29 30 37 56 65 68
2 31 32 39 58 67 70
0 4 33 34 41 60 69
2 6 35 36 43 62 71
1 4 8 37 38 45 64
3 6 10 39 40 47 66
5 8 12 41 42 49 68
7 17 19 28 33 41 59
9 19 21 30 35 43 61
11 21 23 32 37 45 63
13 23 25 34 39 47 65
15 25 27 36 41 49 67
17 27 29 38 43 51 69
19 29 31 40 45 53 71
1 21 31 33 42 47 55
3 23 33 35 44 49 57
5 25 35 37 46 51 59
7 27 37 39 48 53 61
9 29 39 41 50 55 63
11 31 41 43 52 57 65
13 33 43 45 54 59 67
15 35 45 47 56 61 69
17 37 47 49 58 63 71
1 19 39 49 51 60 65
3 21 41 51 53 62 67
5 23 43 53 55 64 69
7 25 45 55 57 66 71
1 9 27 47 57 59 68
3 11 29 49 59 61 70
0 5 13 31 51 61 63
2 7 15 33 53 63 65
4 9 17 35 55 65 67
6 11 19 37 57 67 69
8 13 21 39 59 69 71
1 10 15 23 41 61 71
1 3 12 17 25 43 63
3 5 14 19 27 45 65
5 7 16 21 29 47 67
7 9 18 23 31 49 69
9 11 20 25 33 51 71
1 11 13 22 27 35 53
3 13 15 24 29 37 55
5 15 17 26 31 39 57
16 22 25 30 40 41 58
18 24 27 32 42 43 60
20 26 29 34 44 45 62
22 28 31 36 46 47 64
24 30 33 38 48 49 66
26 32 35 40 50 51 68
28 34 37 42 52 53 70
0 30 36 39 44 54 55
2 32 38 41 46 56 57
4 34 40 43 48 58 59
6 36 42 45 50 60 61
8 38 44 47 52 62 63
10 40 46 49 54 64 65
12 42 48 51 56 66 67
14 44 50 53 58 68 69
16 46 52 55 60 70 71
0 1 18 48 54 57 62
2 3 20 50 56 59 64
4 5 22 52 58 61 66
6 7 24 54 60 63 68
8 9 26 56 62 65 70
0 10 11 28 58 64 67
2 12 13 30 60 66 69
4 14 15 32 62 68 71
1 6 16 17 34 64 70
0 3 8 18 19 36 66
2 5 10 20 21 38 68
4 7 12 22 23 40 70
0 6 9 14 24 25 42
2 8 11 16 26 27 44
4 10 13 18 28 29 46
6 12 15 20 30 31 48
8 14 17 22 32 33 50
10 16 19 24 34 35 52
12 18 21 26 36 37 54
14 20 23 28 38 39 56
10 22 42 44 59 65 69
12 24 44 46 61 67 71
1 14 26 46 48 63 69
3 16 28 48 50 65 71
1 5 18 30 50 52 67
3 7 20 32 52 54 69
5 9 22 34 54 56 71
1 7 11 24 36 56 58
3 9 13 26 38 58 60
5 11 15 28 40 60 62
7 13 17 30 42 62 64
9 15 19 32 44 64 66
11 17 21 34 46 66 68
13 19 23 36 48 68 70
0 15 21 25 38 50 70
0 2 17 23 27 40 52
2 4 19 25 29 42 54
4 6 21 27 31 44 56
6 8 23 29 33 46 58
8 10 25 31 35 48 60
10 12 27 33 37 50 62
12 14 29 35 39 52 64
14 16 31 37 41 54 66
16 18 33 39 43 56 68
18 20 35 41 45 58 70
0 20 22 37 43 47 60
2 22 24 39 45 49 62
4 24 26 41 47 51 64
6 26 28 43 49 53 66
8 28 30 45 51 55 68
10 30 32 47 53 57 70
0 12 32 34 49 55 59
2 14 34 36 51 57 61
4 16 36 38 53 59 63
6 18 38 40 55 61 65
8 20 40 42 57 63 67
