2 17 23 38 43 55
4 19 25 40 45 57
6 21 27 42 47 59
8 23 29 44 49 61
10 25 31 46 51 63
12 27 33 48 53 65
14 29 35 50 55 67
16 31 37 52 57 69
18 33 39 54 59 71
1 20 35 41 56 61
3 22 37 43 58 63
5 24 39 45 60 65
7 26 41 47 62 67
9 28 43 49 64 69
11 30 45 51 66 71
1 13 32 47 53 68
3 15 34 49 55 70
0 5 17 36 51 57
2 7 19 38 53 59
4 9 21 40 55 61
6 11 23 42 57 63
8 13 25 44 59 65
10 15 27 46 61 67
12 17 29 48 63 69
14 19 31 50 65 71
1 16 21 33 52 67
3 18 23 35 54 69
5 20 25 37 56 71
1 7 22 27 39 58
3 9 24 29 41 60
5 11 26 31 43 62
7 13 28 33 45 64
9 15 30 35 47 66
11 17 32 37 49 68
13 19 34 39 51 70
0 15 21 36 41 53
8 22 27 34 35 52
10 24 29 36 37 54
12 26 31 38 39 56
14 28 33 40 41 58
16 30 35 42 43 60
18 32 37 44 45 62
20 34 39 46 47 64
22 36 41 48 49 66
24 38 43 50 51 68
26 40 45 52 53 70
0 28 42 47 54 55
2 30 44 49 56 57
4 32 46 51 58 59
6 34 48 53 60 61
8 36 50 55 62 63
10 38 52 57 64 65
12 40 54 59 66 67
14 42 56 61 68 69
16 44 58 63 70 71
0 1 18 46 60 65
2 3 20 48 62 67
4 5 22 50 64 69
6 7 24 52 66 71
1 8 9 26 54 68
3 10 11 28 56 70
0 5 12 13 30 58
2 7 14 15 32 60
4 9 16 17 34 62
6 11 18 19 36 64
8 13 20 21 38 66
10 15 22 23 40 68
12 17 24 25 42 70
0 14 19 26 27 44
2 16 21 28 29 46
4 18 23 30 31 48
6 20 25 32 33 50
10 14 17 20 47 49
12 16 19 22 49 51
14 18 21 24 51 53
16 20 23 26 53 55
18 22 25 28 55 57
20 24 27 30 57 59
22 26 29 32 59 61
24 28 31 34 61 63
26 30 33 36 63 65
28 32 35 38 65 67
30 34 37 40 67 69
32 36 39 42 69 71
1 34 38 41 44 71
1 3 36 40 43 46
3 5 38 42 45 48
5 7 40 44 47 50
7 9 42 46 49 52
9 11 44 48 51 54
11 13 46 50 53 56
13 15 48 52 55 58
15 17 50 54 57 60
17 19 52 56 59 62
19 21 54 58 61 64
21 23 56 60 63 66
23 25 58 62 65 68
25 27 60 64 67 70
0 27 29 62 66 69
2 29 31 64 68 71
1 4 31 33 66 70
0 3 6 33 35 68
2 5 8 35 37 70
0 4 7 10 37 39
2 6 9 12 39 41
4 8 11 14 41 43
6 10 13 16 43 45
8 12 15 18 45 47
13 31 37 41 42 50
15 33 39 43 44 52
17 35 41 45 46 54
19 37 43 47 48 56
21 39 45 49 50 58
23 41 47 51 52 60
25 43 49 53 54 62
27 45 51 55 56 64
29 47 53 57 58 66
31 49 55 59 60 68
33 51 57 61 62 70
0 35 53 59 63 64
2 37 55 61 65 66
4 39 57 63 67 68
6 41 59 65 69 70
0 8 43 61 67 71
1 2 10 45 63 69
3 4 12 47 65 71
1 5 6 14 49 67
3 7 8 16 51 69
5 9 10 18 53 71
1 7 11 12 20 55
3 9 13 14 22 57
5 11 15 16 24 59
7 13 17 18 26 61
9 15 19 20 28 63
11 17 21 22 30 65
13 19 23 24 32 67
15 21 25 26 34 69
17 23 27 28 36 71
1 19 25 29 30 38
3 21 27 31 32 40
5 23 29 33 34 42
7 25 31 35 36 44
9 27 33 37 38 46
11 29 35 39 40 48
10 42 43 44 59 66
12 44 45 46 61 68
14 46 47 48 63 70
0 16 48 49 50 65
2 18 50 51 52 67
4 20 52 53 54 69
6 22 54 55 56 71
1 8 24 56 57 58
3 10 26 58 59 60
5 12 28 60 61 62
7 14 30 62 63 64
9 16 32 64 65 66
11 18 34 66 67 68
13 20 36 68 69 70
0 15 22 38 70 71
0 1 2 17 24 40
2 3 4 19 26 42
4 5 6 21 28 44
6 7 8 23 30 46
8 9 10 25 32 48
10 11 12 27 34 50
12 13 14 29 36 52
14 15 16 31 38 54
16 17 18 33 40 56
18 19 20 35 42 58
20 21 22 37 44 60
22 23 24 39 46 62
24 25 26 41 48 64
26 27 28 43 50 66
28 29 30 45 52 68
30 31 32 47 54 70
0 32 33 34 49 56
2 34 35 36 51 58
4 36 37 38 53 60
6 38 39 40 55 62
8 40 41 42 57 64
26 35 46 57 69 71
1 28 37 48 59 71
1 3 30 39 50 61
3 5 32 41 52 63
5 7 34 43 54 65
7 9 36 45 56 67
9 11 38 47 58 69
11 13 40 49 60 71
1 13 15 42 51 62
3 15 17 44 53 64
5 17 19 46 55 66
7 19 21 48 57 68
9 21 23 50 59 70
0 11 23 25 52 61
2 13 25 27 54 63
4 15 27 29 56 65
6 17 29 31 58 67
8 19 31 33 60 69
10 21 33 35 62 71
1 12 23 35 37 64
3 14 25 37 39 66
5 16 27 39 41 68
7 18 29 41 43 70
0 9 20 31 43 45
2 11 22 33 45 47
4 13 24 35 47 49
6 15 26 37 49 51
8 17 28 39 51 53
10 19 30 41 53 55
12 21 32 43 55 57
14 23 34 45 57 59
16 25 36 47 59 61
18 27 38 49 61 63
20 29 40 51 63 65
22 31 42 53 65 67
24 33 44 55 67 69
