7 25 61 66
8 26 62 67
9 27 63 68
10 28 64 69
11 29 65 70
12 30 66 71
13 31 67 72
0 14 32 68
1 15 33 69
2 16 34 70
3 17 35 71
4 18 36 72
0 5 19 37
1 6 20 38
2 7 21 39
3 8 22 40
4 9 23 41
5 10 24 42
6 11 25 43
7 12 26 44
8 13 27 45
9 14 28 46
10 15 29 47
11 16 30 48
12 17 31 49
13 18 32 50
14 19 33 51
15 20 34 52
16 21 35 53
17 22 36 54
18 23 37 55
19 24 38 56
20 25 39 57
21 26 40 58
22 27 41 59
23 28 42 60
24 29 43 61
25 30 44 62
26 31 45 63
27 32 46 64
28 33 47 65
29 34 48 66
30 35 49 67
31 36 50 68
32 37 51 69
33 38 52 70
34 39 53 71
35 40 54 72
0 36 41 55
1 37 42 56
2 38 43 57
3 39 44 58
4 40 45 59
5 41 46 60
6 42 47 61
7 43 48 62
8 44 49 63
9 45 50 64
10 46 51 65
11 47 52 66
12 48 53 67
13 49 54 68
14 50 55 69
15 51 56 70
16 52 57 71
17 53 58 72
0 18 54 59
1 19 55 60
2 20 56 61
3 21 57 62
4 22 58 63
5 23 59 64
6 24 60 65
10 21 33 61
11 22 34 62
12 23 35 63
13 24 36 64
14 25 37 65
15 26 38 66
16 27 39 67
17 28 40 68
18 29 41 69
19 30 42 70
20 31 43 71
21 32 44 72
0 22 33 45
1 23 34 46
2 24 35 47
3 25 36 48
4 26 37 49
5 27 38 50
6 28 39 51
7 29 40 52
8 30 41 53
9 31 42 54
10 32 43 55
11 33 44 56
12 34 45 57
13 35 46 58
14 36 47 59
15 37 48 60
16 38 49 61
17 39 50 62
18 40 51 63
19 41 52 64
20 42 53 65
21 43 54 66
22 44 55 67
23 45 56 68
24 46 57 69
25 47 58 70
26 48 59 71
27 49 60 72
0 28 50 61
1 29 51 62
2 30 52 63
3 31 53 64
4 32 54 65
5 33 55 66
6 34 56 67
7 35 57 68
8 36 58 69
9 37 59 70
10 38 60 71
11 39 61 72
0 12 40 62
1 13 41 63
2 14 42 64
3 15 43 65
4 16 44 66
5 17 45 67
6 18 46 68
7 19 47 69
8 20 48 70
9 21 49 71
10 22 50 72
0 11 23 51
1 12 24 52
2 13 25 53
3 14 26 54
4 15 27 55
5 16 28 56
6 17 29 57
7 18 30 58
8 19 31 59
9 20 32 60
0 2 10 26
1 3 11 27
2 4 12 28
3 5 13 29
4 6 14 30
5 7 15 31
6 8 16 32
7 9 17 33
8 10 18 34
9 11 19 35
10 12 20 36
11 13 21 37
12 14 22 38
13 15 23 39
14 16 24 40
15 17 25 41
16 18 26 42
17 19 27 43
18 20 28 44
19 21 29 45
20 22 30 46
21 23 31 47
22 24 32 48
23 25 33 49
24 26 34 50
25 27 35 51
26 28 36 52
27 29 37 53
28 30 38 54
29 31 39 55
30 32 40 56
31 33 41 57
32 34 42 58
33 35 43 59
34 36 44 60
35 37 45 61
36 38 46 62
37 39 47 63
38 40 48 64
39 41 49 65
40 42 50 66
41 43 51 67
42 44 52 68
43 45 53 69
44 46 54 70
45 47 55 71
46 48 56 72
0 47 49 57
1 48 50 58
2 49 51 59
3 50 52 60
4 51 53 61
5 52 54 62
6 53 55 63
7 54 56 64
8 55 57 65
9 56 58 66
10 57 59 67
11 58 60 68
12 59 61 69
13 60 62 70
14 61 63 71
15 62 64 72
0 16 63 65
1 17 64 66
2 18 65 67
3 19 66 68
4 20 67 69
5 21 68 70
6 22 69 71
7 23 70 72
0 8 24 71
1 9 25 72
14 23 52 53
15 24 53 54
16 25 54 55
17 26 55 56
18 27 56 57
19 28 57 58
20 29 58 59
21 30 59 60
22 31 60 61
23 32 61 62
24 33 62 63
25 34 63 64
26 35 64 65
27 36 65 66
28 37 66 67
29 38 67 68
30 39 68 69
31 40 69 70
32 41 70 71
33 42 71 72
0 34 43 72
0 1 35 44
1 2 36 45
2 3 37 46
3 4 38 47
4 5 39 48
5 6 40 49
6 7 41 50
7 8 42 51
8 9 43 52
9 10 44 53
10 11 45 54
11 12 46 55
12 13 47 56
13 14 48 57
14 15 49 58
15 16 50 59
16 17 51 60
17 18 52 61
18 19 53 62
19 20 54 63
20 21 55 64
21 22 56 65
22 23 57 66
23 24 58 67
24 25 59 68
25 26 60 69
26 27 61 70
27 28 62 71
28 29 63 72
0 29 30 64
1 30 31 65
2 31 32 66
3 32 33 67
4 33 34 68
5 34 35 69
6 35 36 70
7 36 37 71
8 37 38 72
0 9 38 39
1 10 39 40
2 11 40 41
3 12 41 42
4 13 42 43
5 14 43 44
6 15 44 45
7 16 45 46
8 17 46 47
9 18 47 48
10 19 48 49
11 20 49 50
12 21 50 51
13 22 51 52
3 9 34 61
4 10 35 62
5 11 36 63
6 12 37 64
7 13 38 65
8 14 39 66
9 15 40 67
10 16 41 68
11 17 42 69
12 18 43 70
13 19 44 71
14 20 45 72
0 15 21 46
1 16 22 47
2 17 23 48
3 18 24 49
4 19 25 50
5 20 26 51
6 21 27 52
7 22 28 53
8 23 29 54
9 24 30 55
10 25 31 56
11 26 32 57
12 27 33 58
13 28 34 59
14 29 35 60
15 30 36 61
16 31 37 62
17 32 38 63
18 33 39 64
19 34 40 65
20 35 41 66
21 36 42 67
22 37 43 68
23 38 44 69
24 39 45 70
25 40 46 71
26 41 47 72
0 27 42 48
1 28 43 49
2 29 44 50
3 30 45 51
4 31 46 52
5 32 47 53
6 33 48 54
7 34 49 55
8 35 50 56
9 36 51 57
10 37 52 58
11 38 53 59
12 39 54 60
13 40 55 61
14 41 56 62
15 42 57 63
16 43 58 64
17 44 59 65
18 45 60 66
19 46 61 67
20 47 62 68
21 48 63 69
22 49 64 70
23 50 65 71
24 51 66 72
0 25 52 67
1 26 53 68
2 27 54 69
3 28 55 70
4 29 56 71
5 30 57 72
0 6 31 58
1 7 32 59
2 8 33 60
44 57 61 64
45 58 62 65
46 59 63 66
47 60 64 67
48 61 65 68
49 62 66 69
50 63 67 70
51 64 68 71
52 65 69 72
0 53 66 70
1 54 67 71
2 55 68 72
0 3 56 69
1 4 57 70
2 5 58 71
3 6 59 72
0 4 7 60
1 5 8 61
2 6 9 62
3 7 10 63
4 8 11 64
5 9 12 65
6 10 13 66
7 11 14 67
8 12 15 68
9 13 16 69
10 14 17 70
11 15 18 71
12 16 19 72
0 13 17 20
1 14 18 21
2 15 19 22
3 16 20 23
4 17 21 24
5 18 22 25
6 19 23 26
7 20 24 27
8 21 25 28
9 22 26 29
10 23 27 30
11 24 28 31
12 25 29 32
13 26 30 33
14 27 31 34
15 28 32 35
16 29 33 36
17 30 34 37
18 31 35 38
19 32 36 39
20 33 37 40
21 34 38 41
22 35 39 42
23 36 40 43
24 37 41 44
25 38 42 45
26 39 43 46
27 40 44 47
28 41 45 48
29 42 46 49
30 43 47 50
31 44 48 51
32 45 49 52
33 46 50 53
34 47 51 54
35 48 52 55
36 49 53 56
37 50 54 57
38 51 55 58
39 52 56 59
40 53 57 60
41 54 58 61
42 55 59 62
43 56 60 63
