2 16 19 49 57 59
5 19 22 52 60 62
8 22 25 55 63 65
11 25 28 58 66 68
14 28 31 61 69 71
0 2 17 31 34 64
3 5 20 34 37 67
6 8 23 37 40 70
1 9 11 26 40 43
4 12 14 29 43 46
7 15 17 32 46 49
10 18 20 35 49 52
13 21 23 38 52 55
16 24 26 41 55 58
19 27 29 44 58 61
22 30 32 47 61 64
25 33 35 50 64 67
28 36 38 53 67 70
1 31 39 41 56 70
1 4 34 42 44 59
4 7 37 45 47 62
7 10 40 48 50 65
10 13 43 51 53 68
13 16 46 54 56 71
4 17 26 50 70 71
1 2 7 20 29 53
4 5 10 23 32 56
7 8 13 26 35 59
10 11 16 29 38 62
13 14 19 32 41 65
16 17 22 35 44 68
19 20 25 38 47 71
2 22 23 28 41 50
5 25 26 31 44 53
8 28 29 34 47 56
11 31 32 37 50 59
14 34 35 40 53 62
17 37 38 43 56 65
20 40 41 46 59 68
23 43 44 49 62 71
2 26 46 47 52 65
5 29 49 50 55 68
8 32 52 53 58 71
2 11 35 55 56 61
5 14 38 58 59 64
8 17 41 61 62 67
11 20 44 64 65 70
1 14 23 47 67 68
18 33 38 41 43 45
21 36 41 44 46 48
24 39 44 47 49 51
27 42 47 50 52 54
30 45 50 53 55 57
33 48 53 56 58 60
36 51 56 59 61 63
39 54 59 62 64 66
42 57 62 65 67 69
0 45 60 65 68 70
1 3 48 63 68 71
2 4 6 51 66 71
2 5 7 9 54 69
0 5 8 10 12 57
3 8 11 13 15 60
6 11 14 16 18 63
9 14 17 19 21 66
12 17 20 22 24 69
0 15 20 23 25 27
3 18 23 26 28 30
6 21 26 29 31 33
9 24 29 32 34 36
12 27 32 35 37 39
15 30 35 38 40 42
8 27 33 46 64 69
0 11 30 36 49 67
3 14 33 39 52 70
1 6 17 36 42 55
4 9 20 39 45 58
7 12 23 42 48 61
10 15 26 45 51 64
13 18 29 48 54 67
16 21 32 51 57 70
1 19 24 35 54 60
4 22 27 38 57 63
7 25 30 41 60 66
10 28 33 44 63 69
0 13 31 36 47 66
3 16 34 39 50 69
0 6 19 37 42 53
3 9 22 40 45 56
6 12 25 43 48 59
9 15 28 46 51 62
12 18 31 49 54 65
15 21 34 52 57 68
18 24 37 55 60 71
2 21 27 40 58 63
5 24 30 43 61 66
15 22 34 43 54 70
1 18 25 37 46 57
4 21 28 40 49 60
7 24 31 43 52 63
10 27 34 46 55 66
13 30 37 49 58 69
0 16 33 40 52 61
3 19 36 43 55 64
6 22 39 46 58 67
9 25 42 49 61 70
1 12 28 45 52 64
4 15 31 48 55 67
7 18 34 51 58 70
1 10 21 37 54 61
4 13 24 40 57 64
7 16 27 43 60 67
10 19 30 46 63 70
1 13 22 33 49 66
4 16 25 36 52 69
0 7 19 28 39 55
3 10 22 31 42 58
6 13 25 34 45 61
9 16 28 37 48 64
12 19 31 40 51 67
2 15 18 39 57 61
5 18 21 42 60 64
8 21 24 45 63 67
11 24 27 48 66 70
1 14 27 30 51 69
0 4 17 30 33 54
3 7 20 33 36 57
6 10 23 36 39 60
9 13 26 39 42 63
12 16 29 42 45 66
15 19 32 45 48 69
0 18 22 35 48 51
3 21 25 38 51 54
6 24 28 41 54 57
9 27 31 44 57 60
12 30 34 47 60 63
15 33 37 50 63 66
18 36 40 53 66 69
0 21 39 43 56 69
0 3 24 42 46 59
3 6 27 45 49 62
6 9 30 48 52 65
9 12 33 51 55 68
12 15 36 54 58 71
5 31 35 45 46 71
2 8 34 38 48 49
5 11 37 41 51 52
8 14 40 44 54 55
11 17 43 47 57 58
14 20 46 50 60 61
17 23 49 53 63 64
20 26 52 56 66 67
23 29 55 59 69 70
0 1 26 32 58 62
3 4 29 35 61 65
6 7 32 38 64 68
9 10 35 41 67 71
2 12 13 38 44 70
1 5 15 16 41 47
4 8 18 19 44 50
7 11 21 22 47 53
10 14 24 25 50 56
13 17 27 28 53 59
16 20 30 31 56 62
19 23 33 34 59 65
22 26 36 37 62 68
25 29 39 40 65 71
2 28 32 42 43 68
3 32 44 66 67 72
6 35 47 69 70 72
0 1 9 38 50 72
3 4 12 41 53 72
6 7 15 44 56 72
9 10 18 47 59 72
12 13 21 50 62 72
15 16 24 53 65 72
18 19 27 56 68 72
21 22 30 59 71 72
2 24 25 33 62 72
5 27 28 36 65 72
8 30 31 39 68 72
11 33 34 42 71 72
2 14 36 37 45 72
5 17 39 40 48 72
8 20 42 43 51 72
11 23 45 46 54 72
14 26 48 49 57 72
17 29 51 52 60 72
20 32 54 55 63 72
23 35 57 58 66 72
26 38 60 61 69 72
0 29 41 63 64 72
9 49 53 54 61 68
12 52 56 57 64 71
2 15 55 59 60 67
5 18 58 62 63 70
1 8 21 61 65 66
4 11 24 64 68 69
0 7 14 27 67 71
2 3 10 17 30 70
1 5 6 13 20 33
4 8 9 16 23 36
7 11 12 19 26 39
10 14 15 22 29 42
13 17 18 25 32 45
16 20 21 28 35 48
19 23 24 31 38 51
22 26 27 34 41 54
25 29 30 37 44 57
28 32 33 40 47 60
31 35 36 43 50 63
34 38 39 46 53 66
37 41 42 49 56 69
0 40 44 45 52 59
3 43 47 48 55 62
6 46 50 51 58 65
