22 46 53 65 69
23 47 54 66 70
24 48 55 67 71
25 49 56 68 72
0 26 50 57 69
1 27 51 58 70
2 28 52 59 71
3 29 53 60 72
0 4 30 54 61
1 5 31 55 62
2 6 32 56 63
3 7 33 57 64
4 8 34 58 65
5 9 35 59 66
6 10 36 60 67
7 11 37 61 68
8 12 38 62 69
9 13 39 63 70
10 14 40 64 71
11 15 41 65 72
0 12 16 42 66
1 13 17 43 67
2 14 18 44 68
3 15 19 45 69
4 16 20 46 70
5 17 21 47 71
6 18 22 48 72
0 7 19 23 49
1 8 20 24 50
2 9 21 25 51
3 10 22 26 52
4 11 23 27 53
5 12 24 28 54
6 13 25 29 55
7 14 26 30 56
8 15 27 31 57
9 16 28 32 58
10 17 29 33 59
11 18 30 34 60
12 19 31 35 61
13 20 32 36 62
14 21 33 37 63
15 22 34 38 64
16 23 35 39 65
17 24 36 40 66
18 25 37 41 67
19 26 38 42 68
20 27 39 43 69
21 28 40 44 70
22 29 41 45 71
23 30 42 46 72
0 24 31 43 47
1 25 32 44 48
2 26 33 45 49
3 27 34 46 50
4 28 35 47 51
5 29 36 48 52
6 30 37 49 53
7 31 38 50 54
8 32 39 51 55
9 33 40 52 56
10 34 41 53 57
11 35 42 54 58
12 36 43 55 59
13 37 44 56 60
14 38 45 57 61
15 39 46 58 62
16 40 47 59 63
17 41 48 60 64
18 42 49 61 65
19 43 50 62 66
20 44 51 63 67
21 45 52 64 68
4 11 13 25 40
5 12 14 26 41
6 13 15 27 42
7 14 16 28 43
8 15 17 29 44
9 16 18 30 45
10 17 19 31 46
11 18 20 32 47
12 19 21 33 48
13 20 22 34 49
14 21 23 35 50
15 22 24 36 51
16 23 25 37 52
17 24 26 38 53
18 25 27 39 54
19 26 28 40 55
20 27 29 41 56
21 28 30 42 57
22 29 31 43 58
23 30 32 44 59
24 31 33 45 60
25 32 34 46 61
26 33 35 47 62
27 34 36 48 63
28 35 37 49 64
29 36 38 50 65
30 37 39 51 66
31 38 40 52 67
32 39 41 53 68
33 40 42 54 69
34 41 43 55 70
35 42 44 56 71
36 43 45 57 72
0 37 44 46 58
1 38 45 47 59
2 39 46 48 60
3 40 47 49 61
4 41 48 50 62
5 42 49 51 63
6 43 50 52 64
7 44 51 53 65
8 45 52 54 66
9 46 53 55 67
10 47 54 56 68
11 48 55 57 69
12 49 56 58 70
13 50 57 59 71
14 51 58 60 72
0 15 52 59 61
1 16 53 60 62
2 17 54 61 63
3 18 55 62 64
4 19 56 63 65
5 20 57 64 66
6 21 58 65 67
7 22 59 66 68
8 23 60 67 69
9 24 61 68 70
10 25 62 69 71
11 26 63 70 72
0 12 27 64 71
1 13 28 65 72
0 2 14 29 66
1 3 15 30 67
2 4 16 31 68
3 5 17 32 69
4 6 18 33 70
5 7 19 34 71
6 8 20 35 72
0 7 9 21 36
1 8 10 22 37
2 9 11 23 38
3 10 12 24 39
23 29 40 61 62
24 30 41 62 63
25 31 42 63 64
26 32 43 64 65
27 33 44 65 66
28 34 45 66 67
29 35 46 67 68
30 36 47 68 69
31 37 48 69 70
32 38 49 70 71
33 39 50 71 72
0 34 40 51 72
0 1 35 41 52
1 2 36 42 53
2 3 37 43 54
3 4 38 44 55
4 5 39 45 56
5 6 40 46 57
6 7 41 47 58
7 8 42 48 59
8 9 43 49 60
9 10 44 50 61
10 11 45 51 62
11 12 46 52 63
12 13 47 53 64
13 14 48 54 65
14 15 49 55 66
15 16 50 56 67
16 17 51 57 68
17 18 52 58 69
18 19 53 59 70
19 20 54 60 71
20 21 55 61 72
0 21 22 56 62
1 22 23 57 63
2 23 24 58 64
3 24 25 59 65
4 25 26 60 66
5 26 27 61 67
6 27 28 62 68
7 28 29 63 69
8 29 30 64 70
9 30 31 65 71
10 31 32 66 72
0 11 32 33 67
1 12 33 34 68
2 13 34 35 69
3 14 35 36 70
4 15 36 37 71
5 16 37 38 72
0 6 17 38 39
1 7 18 39 40
2 8 19 40 41
3 9 20 41 42
4 10 21 42 43
5 11 22 43 44
6 12 23 44 45
7 13 24 45 46
8 14 25 46 47
9 15 26 47 48
10 16 27 48 49
11 17 28 49 50
12 18 29 50 51
13 19 30 51 52
14 20 31 52 53
15 21 32 53 54
16 22 33 54 55
17 23 34 55 56
18 24 35 56 57
19 25 36 57 58
20 26 37 58 59
21 27 38 59 60
22 28 39 60 61
18 28 31 36 56
19 29 32 37 57
20 30 33 38 58
21 31 34 39 59
22 32 35 40 60
23 33 36 41 61
24 34 37 42 62
25 35 38 43 63
26 36 39 44 64
27 37 40 45 65
28 38 41 46 66
29 39 42 47 67
30 40 43 48 68
31 41 44 49 69
32 42 45 50 70
33 43 46 51 71
34 44 47 52 72
0 35 45 48 53
1 36 46 49 54
2 37 47 50 55
3 38 48 51 56
4 39 49 52 57
5 40 50 53 58
6 41 51 54 59
7 42 52 55 60
8 43 53 56 61
9 44 54 57 62
10 45 55 58 63
11 46 56 59 64
12 47 57 60 65
13 48 58 61 66
14 49 59 62 67
15 50 60 63 68
16 51 61 64 69
17 52 62 65 70
18 53 63 66 71
19 54 64 67 72
0 20 55 65 68
1 21 56 66 69
2 22 57 67 70
3 23 58 68 71
4 24 59 69 72
0 5 25 60 70
1 6 26 61 71
2 7 27 62 72
0 3 8 28 63
1 4 9 29 64
2 5 10 30 65
3 6 11 31 66
4 7 12 32 67
5 8 13 33 68
6 9 14 34 69
7 10 15 35 70
8 11 16 36 71
9 12 17 37 72
0 10 13 18 38
1 11 14 19 39
2 12 15 20 40
3 13 16 21 41
4 14 17 22 42
5 15 18 23 43
6 16 19 24 44
7 17 20 25 45
8 18 21 26 46
9 19 22 27 47
10 20 23 28 48
11 21 24 29 49
12 22 25 30 50
13 23 26 31 51
14 24 27 32 52
15 25 28 33 53
16 26 29 34 54
17 27 30 35 55
