16 26 30 49 51 52 60
17 27 31 50 52 53 61
18 28 32 51 53 54 62
19 29 33 52 54 55 63
20 30 34 53 55 56 64
21 31 35 54 56 57 65
22 32 36 55 57 58 66
23 33 37 56 58 59 67
24 34 38 57 59 60 68
25 35 39 58 60 61 69
26 36 40 59 61 62 70
27 37 41 60 62 63 71
28 38 42 61 63 64 72
0 29 39 43 62 64 65
1 30 40 44 63 65 66
2 31 41 45 64 66 67
3 32 42 46 65 67 68
4 33 43 47 66 68 69
5 34 44 48 67 69 70
6 35 45 49 68 70 71
7 36 46 50 69 71 72
0 8 37 47 51 70 72
0 1 9 38 48 52 71
1 2 10 39 49 53 72
0 2 3 11 40 50 54
1 3 4 12 41 51 55
2 4 5 13 42 52 56
3 5 6 14 43 53 57
4 6 7 15 44 54 58
5 7 8 16 45 55 59
6 8 9 17 46 56 60
7 9 10 18 47 57 61
8 10 11 19 48 58 62
9 11 12 20 49 59 63
10 12 13 21 50 60 64
11 13 14 22 51 61 65
12 14 15 23 52 62 66
13 15 16 24 53 63 67
14 16 17 25 54 64 68
15 17 18 26 55 65 69
16 18 19 27 56 66 70
17 19 20 28 57 67 71
18 20 21 29 58 68 72
0 19 21 22 30 59 69
1 20 22 23 31 60 70
2 21 23 24 32 61 71
3 22 24 25 33 62 72
0 4 23 25 26 34 63
1 5 24 26 27 35 64
2 6 25 27 28 36 65
3 7 26 28 29 37 66
4 8 27 29 30 38 67
5 9 28 30 31 39 68
6 10 29 31 32 40 69
7 11 30 32 33 41 70
8 12 31 33 34 42 71
9 13 32 34 35 43 72
0 10 14 33 35 36 44
1 11 15 34 36 37 45
2 12 16 35 37 38 46
3 13 17 36 38 39 47
4 14 18 37 39 40 48
5 15 19 38 40 41 49
6 16 20 39 41 42 50
7 17 21 40 42 43 51
8 18 22 41 43 44 52
9 19 23 42 44 45 53
10 20 24 43 45 46 54
11 21 25 44 46 47 55
12 22 26 45 47 48 56
13 23 27 46 48 49 57
14 24 28 47 49 50 58
15 25 29 48 50 51 59
0 5 29 45 46 60 66
1 6 30 46 47 61 67
2 7 31 47 48 62 68
3 8 32 48 49 63 69
4 9 33 49 50 64 70
5 10 34 50 51 65 71
6 11 35 51 52 66 72
0 7 12 36 52 53 67
1 8 13 37 53 54 68
2 9 14 38 54 55 69
3 10 15 39 55 56 70
4 11 16 40 56 57 71
5 12 17 41 57 58 72
0 6 13 18 42 58 59
1 7 14 19 43 59 60
2 8 15 20 44 60 61
3 9 16 21 45 61 62
4 10 17 22 46 62 63
5 11 18 23 47 63 64
6 12 19 24 48 64 65
7 13 20 25 49 65 66
8 14 21 26 50 66 67
9 15 22 27 51 67 68
10 16 23 28 52 68 69
11 17 24 29 53 69 70
12 18 25 30 54 70 71
13 19 26 31 55 71 72
0 14 20 27 32 56 72
0 1 15 21 28 33 57
1 2 16 22 29 34 58
2 3 17 23 30 35 59
3 4 18 24 31 36 60
4 5 19 25 32 37 61
5 6 20 26 33 38 62
6 7 21 27 34 39 63
7 8 22 28 35 40 64
8 9 23 29 36 41 65
9 10 24 30 37 42 66
10 11 25 31 38 43 67
11 12 26 32 39 44 68
12 13 27 33 40 45 69
13 14 28 34 41 46 70
14 15 29 35 42 47 71
15 16 30 36 43 48 72
0 16 17 31 37 44 49
1 17 18 32 38 45 50
2 18 19 33 39 46 51
3 19 20 34 40 47 52
4 20 21 35 41 48 53
5 21 22 36 42 49 54
6 22 23 37 43 50 55
7 23 24 38 44 51 56
8 24 25 39 45 52 57
9 25 26 40 46 53 58
10 26 27 41 47 54 59
11 27 28 42 48 55 60
12 28 29 43 49 56 61
13 29 30 44 50 57 62
14 30 31 45 51 58 63
15 31 32 46 52 59 64
16 32 33 47 53 60 65
17 33 34 48 54 61 66
18 34 35 49 55 62 67
19 35 36 50 56 63 68
20 36 37 51 57 64 69
21 37 38 52 58 65 70
22 38 39 53 59 66 71
23 39 40 54 60 67 72
0 24 40 41 55 61 68
1 25 41 42 56 62 69
2 26 42 43 57 63 70
3 27 43 44 58 64 71
4 28 44 45 59 65 72
