0 16 23 27 31 42 46 50
1 11 14 26 36 56 62 71
2 5 13 18 31 39 44 70
3 22 25 29 36 42 54 59
4 9 12 26 27 55 69 70
24 26 37 40 49 63 65 73
3 7 8 10 17 20 34 43
14 15 19 35 57 60 66 68
6 11 21 25 30 41 61 70
9 14 28 32 42 43 48 63
25 27 33 38 49 56 64 68
19 29 40 45 46 47 62 65
14 31 53 65 67 69 72 73
2 8 47 51 52 53 56 60
12 15 32 36 39 51 58 63
0 13 17 21 60 63 64 69
0 1 18 25 28 34 35 40
1 4 5 30 52 59 67 68
7 25 45 48 50 58 66 69
10 23 36 48 52 61 64 65
16 28 37 39 41 56 57 59
15 20 22 28 31 52 61 71
3 12 38 40 41 44 46 67
15 16 17 33 48 62 70 72
7 13 16 26 32 41 53 54
1 8 22 24 46 48 55 57
1 2 10 33 54 61 66 73
4 11 19 23 33 34 44 58
0 5 11 20 47 49 55 66
0 17 28 44 45 51 54 67
8 9 11 13 37 38 50 72
4 24 25 39 55 60 65 71
7 15 18 21 27 29 37 67
2 7 12 19 24 30 42 64
3 4 16 35 47 58 61 63
5 21 34 35 38 42 51 65
5 10 19 32 49 69 71 72
9 18 22 23 30 45 49 60
12 20 23 25 32 53 57 62
2 17 29 41 50 55 68 71
8 21 27 32 44 59 71 73
6 13 37 43 55 59 62 64
26 34 39 50 57 61 64 67
0 10 29 30 38 39 48 53
3 14 21 31 33 39 45 55
9 21 40 47 54 57 58 71
2 16 19 22 26 38 43 69
11 18 42 55 56 61 69 72
13 16 20 36 45 46 68 73
7 14 23 24 47 51 59 70
0 3 32 37 61 65 68 70
20 33 40 48 51 59 60 69
16 24 29 32 34 52 66 72
4 7 29 31 49 51 57 73
3 10 11 13 15 24 27 51
4 6 14 18 20 36 38 50
22 35 36 43 56 66 67 70
1 17 22 27 37 42 53 58
9 17 35 38 39 52 62 73
8 18 27 30 54 63 65 66
5 12 24 28 50 54 60 62
1 3 9 31 32 41 47 64
2 3 21 23 26 28 68 72
11 12 18 43 47 48 68 73
5 8 15 23 29 41 63 69
30 35 37 39 44 49 62 69
2 9 15 34 45 53 59 63
1 19 21 49 50 52 53 70
0 6 7 12 22 33 52 65
30 31 36 40 43 51 57 72
19 20 31 34 37 48 54 56
0 2 8 14 49 58 67 71
1 7 16 44 55 60 63 72
4 11 28 46 53 54 64 69
10 20 26 29 37 58 60 70
13 26 30 33 42 47 67 71
5 9 14 16 25 37 51 64
5 7 9 27 28 33 36 61
4 13 17 23 32 40 56 66
2 6 11 27 32 35 45 57
4 8 10 12 16 21 62 67
0 4 22 41 45 51 62 72
0 15 26 43 44 50 56 65
3 5 22 30 50 56 58 73
8 40 42 45 52 55 64 70
7 11 22 31 39 40 63 68
8 17 19 25 26 46 59 61
12 13 14 29 34 48 49 61
18 24 33 41 43 53 58 66
6 34 46 47 63 69 70 71
1 3 18 38 44 52 57 69
15 25 32 38 55 60 67 73
6 9 10 42 44 56 66 68
0 23 28 30 34 36 55 73
1 2 20 35 41 46 65 72
23 24 37 38 43 45 61 71
12 25 27 39 43 47 54 72
8 24 36 44 47 53 68 69
27 34 41 42 60 61 62 73
3 18 26 51 62 64 66 71
22 24 29 32 33 35 50 64
2 4 15 21 36 37 48 66
8 13 19 28 39 52 58 65
1 6 19 23 39 51 63 67
1 4 5 12 29 43 45 56
6 8 12 17 24 31 35 66
10 28 38 47 50 59 63 66
10 13 14 22 25 27 40 44
6 16 23 35 48 54 55 71
14 15 30 41 46 49 52 54
9 20 21 24 56 63 65 67
3 5 6 26 40 48 53 55
7 31 38 54 58 62 68 70
5 11 16 17 49 57 59 65
2 16 40 44 50 51 54 61
0 10 18 19 31 46 55 59
5 20 21 32 39 42 46 66
6 9 19 28 29 70 72 73
11 33 37 43 46 52 60 63
3 6 21 22 34 43 49 60
1 12 13 15 35 37 42 47
14 17 19 27 36 41 48 52
11 20 27 29 44 48 64 67
8 10 26 33 35 41 45 57
3 7 12 19 35 53 59 71
2 4 25 42 49 57 62 63
6 16 17 18 22 30 32 47
7 18 28 36 46 49 56 60
9 34 46 51 53 55 58 68
0 9 24 25 26 31 52 60
0 13 20 30 53 57 61 70
6 15 40 58 59 64 72 73
