10 13 16 27 35 39 40 55 73
1 12 15 18 29 37 41 42 57
3 14 17 20 31 39 43 44 59
5 16 19 22 33 41 45 46 61
7 18 21 24 35 43 47 48 63
9 20 23 26 37 45 49 50 65
11 22 25 28 39 47 51 52 67
13 24 27 30 41 49 53 54 69
15 26 29 32 43 51 55 56 71
17 28 31 34 45 53 57 58 73
1 19 30 33 36 47 55 59 60
3 21 32 35 38 49 57 61 62
5 23 34 37 40 51 59 63 64
7 25 36 39 42 53 61 65 66
9 27 38 41 44 55 63 67 68
11 29 40 43 46 57 65 69 70
13 31 42 45 48 59 67 71 72
0 15 33 44 47 50 61 69 73
1 2 17 35 46 49 52 63 71
3 4 19 37 48 51 54 65 73
1 5 6 21 39 50 53 56 67
3 7 8 23 41 52 55 58 69
5 9 10 25 43 54 57 60 71
7 11 12 27 45 56 59 62 73
1 9 13 14 29 47 58 61 64
3 11 15 16 31 49 60 63 66
5 13 17 18 33 51 62 65 68
7 15 19 20 35 53 64 67 70
9 17 21 22 37 55 66 69 72
0 11 19 23 24 39 57 68 71
2 13 21 25 26 41 59 70 73
1 4 15 23 27 28 43 61 72
0 3 6 17 25 29 30 45 63
2 5 8 19 27 31 32 47 65
4 7 10 21 29 33 34 49 67
6 9 12 23 31 35 36 51 69
8 11 14 25 33 37 38 53 71
3 18 22 27 34 36 50 70 71
5 20 24 29 36 38 52 72 73
0 1 7 22 26 31 38 40 54
2 3 9 24 28 33 40 42 56
4 5 11 26 30 35 42 44 58
6 7 13 28 32 37 44 46 60
8 9 15 30 34 39 46 48 62
10 11 17 32 36 41 48 50 64
12 13 19 34 38 43 50 52 66
14 15 21 36 40 45 52 54 68
16 17 23 38 42 47 54 56 70
18 19 25 40 44 49 56 58 72
0 20 21 27 42 46 51 58 60
2 22 23 29 44 48 53 60 62
4 24 25 31 46 50 55 62 64
6 26 27 33 48 52 57 64 66
8 28 29 35 50 54 59 66 68
10 30 31 37 52 56 61 68 70
12 32 33 39 54 58 63 70 72
0 14 34 35 41 56 60 65 72
0 2 16 36 37 43 58 62 67
2 4 18 38 39 45 60 64 69
4 6 20 40 41 47 62 66 71
6 8 22 42 43 49 64 68 73
1 8 10 24 44 45 51 66 70
3 10 12 26 46 47 53 68 72
0 5 12 14 28 48 49 55 70
2 7 14 16 30 50 51 57 72
0 4 9 16 18 32 52 53 59
2 6 11 18 20 34 54 55 61
4 8 13 20 22 36 56 57 63
6 10 15 22 24 38 58 59 65
8 12 17 24 26 40 60 61 67
10 14 19 26 28 42 62 63 69
12 16 21 28 30 44 64 65 71
14 18 23 30 32 46 66 67 73
1 16 20 25 32 34 48 68 69
6 14 19 24 27 35 37 48 69
10 20 42 50 51 52 54 60 62
0 8 10 13 17 18 19 21 23
2 3 5 13 15 25 37 56 66
5 7 12 18 20 30 38 69 71
21 28 31 38 41 48 51 56 58
6 8 11 16 21 29 36 46 72
4 6 17 30 49 52 60 65 70
12 22 23 25 31 33 35 46 52
7 16 23 41 43 45 60 64 68
0 46 54 56 59 64 66 67 69
36 38 44 46 49 51 59 61 68
40 48 50 58 60 61 63 71 73
7 9 15 17 25 27 50 57 59
2 4 12 14 15 22 32 39 68
15 16 18 24 26 31 62 63 65
18 26 28 36 37 39 47 57 70
1 2 10 35 36 45 58 65 66
9 19 20 26 29 39 41 49 73
24 32 34 37 42 45 47 49 55
1 3 8 44 52 55 57 65 67
2 27 29 31 34 44 53 54 71
11 13 26 33 34 58 67 68 69
3 22 30 32 40 43 45 51 53
0 20 28 33 43 53 55 63 66
1 3 9 11 62 64 70 72 73
