2 24 36 68
3 25 37 69
4 26 38 70
5 27 39 71
6 28 40 72
0 7 29 41
1 8 30 42
2 9 31 43
3 10 32 44
4 11 33 45
5 12 34 46
6 13 35 47
7 14 36 48
8 15 37 49
9 16 38 50
10 17 39 51
11 18 40 52
12 19 41 53
13 20 42 54
14 21 43 55
15 22 44 56
16 23 45 57
17 24 46 58
18 25 47 59
19 26 48 60
20 27 49 61
21 28 50 62
22 29 51 63
23 30 52 64
24 31 53 65
25 32 54 66
26 33 55 67
27 34 56 68
28 35 57 69
29 36 58 70
30 37 59 71
31 38 60 72
0 32 39 61
1 33 40 62
2 34 41 63
3 35 42 64
4 36 43 65
5 37 44 66
6 38 45 67
7 39 46 68
8 40 47 69
9 41 48 70
10 42 49 71
11 43 50 72
0 12 44 51
1 13 45 52
2 14 46 53
3 15 47 54
4 16 48 55
5 17 49 56
6 18 50 57
7 19 51 58
8 20 52 59
9 21 53 60
10 22 54 61
11 23 55 62
12 24 56 63
13 25 57 64
14 26 58 65
15 27 59 66
16 28 60 67
17 29 61 68
18 30 62 69
19 31 63 70
20 32 64 71
21 33 65 72
0 22 34 66
1 23 35 67
6 30 36 41
7 31 37 42
8 32 38 43
9 33 39 44
10 34 40 45
11 35 41 46
12 36 42 47
13 37 43 48
14 38 44 49
15 39 45 50
16 40 46 51
17 41 47 52
18 42 48 53
19 43 49 54
20 44 50 55
21 45 51 56
22 46 52 57
23 47 53 58
24 48 54 59
25 49 55 60
26 50 56 61
27 51 57 62
28 52 58 63
29 53 59 64
30 54 60 65
31 55 61 66
32 56 62 67
33 57 63 68
34 58 64 69
35 59 65 70
36 60 66 71
37 61 67 72
0 38 62 68
1 39 63 69
2 40 64 70
3 41 65 71
4 42 66 72
0 5 43 67
1 6 44 68
2 7 45 69
3 8 46 70
4 9 47 71
5 10 48 72
0 6 11 49
1 7 12 50
2 8 13 51
3 9 14 52
4 10 15 53
5 11 16 54
6 12 17 55
7 13 18 56
8 14 19 57
9 15 20 58
10 16 21 59
11 17 22 60
12 18 23 61
13 19 24 62
14 20 25 63
15 21 26 64
16 22 27 65
17 23 28 66
18 24 29 67
19 25 30 68
20 26 31 69
21 27 32 70
22 28 33 71
23 29 34 72
0 24 30 35
1 25 31 36
2 26 32 37
3 27 33 38
4 28 34 39
5 29 35 40
12 27 43 52
13 28 44 53
14 29 45 54
15 30 46 55
16 31 47 56
17 32 48 57
18 33 49 58
19 34 50 59
20 35 51 60
21 36 52 61
22 37 53 62
23 38 54 63
24 39 55 64
25 40 56 65
26 41 57 66
27 42 58 67
28 43 59 68
29 44 60 69
30 45 61 70
31 46 62 71
32 47 63 72
0 33 48 64
1 34 49 65
2 35 50 66
3 36 51 67
4 37 52 68
5 38 53 69
6 39 54 70
7 40 55 71
8 41 56 72
0 9 42 57
1 10 43 58
2 11 44 59
3 12 45 60
4 13 46 61
5 14 47 62
6 15 48 63
7 16 49 64
8 17 50 65
9 18 51 66
10 19 52 67
11 20 53 68
12 21 54 69
13 22 55 70
14 23 56 71
15 24 57 72
0 16 25 58
1 17 26 59
2 18 27 60
3 19 28 61
4 20 29 62
5 21 30 63
6 22 31 64
7 23 32 65
8 24 33 66
9 25 34 67
10 26 35 68
11 27 36 69
12 28 37 70
13 29 38 71
14 30 39 72
0 15 31 40
1 16 32 41
2 17 33 42
3 18 34 43
4 19 35 44
5 20 36 45
6 21 37 46
7 22 38 47
8 23 39 48
9 24 40 49
10 25 41 50
11 26 42 51
6 24 32 60
7 25 33 61
8 26 34 62
9 27 35 63
10 28 36 64
11 29 37 65
12 30 38 66
13 31 39 67
14 32 40 68
15 33 41 69
16 34 42 70
17 35 43 71
18 36 44 72
0 19 37 45
1 20 38 46
2 21 39 47
3 22 40 48
4 23 41 49
5 24 42 50
6 25 43 51
7 26 44 52
8 27 45 53
9 28 46 54
10 29 47 55
11 30 48 56
12 31 49 57
13 32 50 58
14 33 51 59
15 34 52 60
16 35 53 61
17 36 54 62
18 37 55 63
19 38 56 64
20 39 57 65
21 40 58 66
22 41 59 67
23 42 60 68
24 43 61 69
25 44 62 70
26 45 63 71
27 46 64 72
0 28 47 65
1 29 48 66
2 30 49 67
3 31 50 68
4 32 51 69
5 33 52 70
6 34 53 71
7 35 54 72
0 8 36 55
1 9 37 56
2 10 38 57
3 11 39 58
4 12 40 59
5 13 41 60
6 14 42 61
7 15 43 62
8 16 44 63
9 17 45 64
10 18 46 65
11 19 47 66
12 20 48 67
13 21 49 68
14 22 50 69
15 23 51 70
16 24 52 71
17 25 53 72
0 18 26 54
1 19 27 55
2 20 28 56
3 21 29 57
4 22 30 58
5 23 31 59
15 65 67 68
16 66 68 69
17 67 69 70
18 68 70 71
19 69 71 72
0 20 70 72
0 1 21 71
1 2 22 72
0 2 3 23
1 3 4 24
2 4 5 25
3 5 6 26
4 6 7 27
5 7 8 28
6 8 9 29
7 9 10 30
8 10 11 31
9 11 12 32
10 12 13 33
11 13 14 34
12 14 15 35
13 15 16 36
14 16 17 37
15 17 18 38
16 18 19 39
17 19 20 40
18 20 21 41
19 21 22 42
20 22 23 43
21 23 24 44
22 24 25 45
23 25 26 46
24 26 27 47
25 27 28 48
26 28 29 49
27 29 30 50
28 30 31 51
29 31 32 52
30 32 33 53
31 33 34 54
32 34 35 55
33 35 36 56
34 36 37 57
35 37 38 58
36 38 39 59
37 39 40 60
38 40 41 61
39 41 42 62
40 42 43 63
41 43 44 64
42 44 45 65
43 45 46 66
44 46 47 67
45 47 48 68
46 48 49 69
47 49 50 70
48 50 51 71
49 51 52 72
0 50 52 53
1 51 53 54
2 52 54 55
3 53 55 56
4 54 56 57
5 55 57 58
6 56 58 59
7 57 59 60
8 58 60 61
9 59 61 62
10 60 62 63
11 61 63 64
12 62 64 65
13 63 65 66
14 64 66 67
13 23 27 40
14 24 28 41
15 25 29 42
16 26 30 43
17 27 31 44
18 28 32 45
19 29 33 46
20 30 34 47
21 31 35 48
22 32 36 49
23 33 37 50
24 34 38 51
25 35 39 52
26 36 40 53
27 37 41 54
28 38 42 55
29 39 43 56
30 40 44 57
31 41 45 58
32 42 46 59
33 43 47 60
34 44 48 61
35 45 49 62
36 46 50 63
37 47 51 64
38 48 52 65
39 49 53 66
40 50 54 67
41 51 55 68
42 52 56 69
43 53 57 70
44 54 58 71
45 55 59 72
0 46 56 60
1 47 57 61
2 48 58 62
3 49 59 63
4 50 60 64
5 51 61 65
6 52 62 66
7 53 63 67
8 54 64 68
9 55 65 69
10 56 66 70
11 57 67 71
12 58 68 72
0 13 59 69
1 14 60 70
2 15 61 71
3 16 62 72
0 4 17 63
1 5 18 64
2 6 19 65
3 7 20 66
4 8 21 67
5 9 22 68
6 10 23 69
7 11 24 70
8 12 25 71
9 13 26 72
0 10 14 27
1 11 15 28
2 12 16 29
3 13 17 30
4 14 18 31
5 15 19 32
6 16 20 33
7 17 21 34
8 18 22 35
9 19 23 36
10 20 24 37
11 21 25 38
12 22 26 39
2 34 72 73
8 30 37 73
45 46 56 73
15 31 67 73
6 47 52 73
17 40 53 73
14 22 63 73
1 28 33 73
13 23 62 73
48 49 61 73
53 59 60 73
9 51 68 73
18 35 38 73
10 12 32 73
19 20 36 73
16 55 69 73
21 66 71 73
0 24 57 73
3 4 64 73
5 18 58 73
41 50 70 73
27 39 65 73
11 43 44 73
7 26 54 73
25 29 42 73
