7 11 16 26 60 62
9 13 18 28 62 64
11 15 20 30 64 66
13 17 22 32 66 68
15 19 24 34 68 70
17 21 26 36 70 72
0 19 23 28 38 72
0 2 21 25 30 40
2 4 23 27 32 42
4 6 25 29 34 44
6 8 27 31 36 46
8 10 29 33 38 48
10 12 31 35 40 50
12 14 33 37 42 52
14 16 35 39 44 54
16 18 37 41 46 56
18 20 39 43 48 58
20 22 41 45 50 60
22 24 43 47 52 62
24 26 45 49 54 64
26 28 47 51 56 66
28 30 49 53 58 68
30 32 51 55 60 70
32 34 53 57 62 72
0 34 36 55 59 64
2 36 38 57 61 66
4 38 40 59 63 68
6 40 42 61 65 70
8 42 44 63 67 72
0 10 44 46 65 69
2 12 46 48 67 71
4 14 48 50 69 73
1 6 16 50 52 71
3 8 18 52 54 73
1 5 10 20 54 56
3 7 12 22 56 58
5 9 14 24 58 60
0 35 42 43 64 73
1 2 37 44 45 66
3 4 39 46 47 68
5 6 41 48 49 70
7 8 43 50 51 72
0 9 10 45 52 53
2 11 12 47 54 55
4 13 14 49 56 57
6 15 16 51 58 59
8 17 18 53 60 61
10 19 20 55 62 63
12 21 22 57 64 65
14 23 24 59 66 67
16 25 26 61 68 69
18 27 28 63 70 71
20 29 30 65 72 73
0 1 22 31 32 67
2 3 24 33 34 69
4 5 26 35 36 71
6 7 28 37 38 73
1 8 9 30 39 40
3 10 11 32 41 42
5 12 13 34 43 44
7 14 15 36 45 46
9 16 17 38 47 48
11 18 19 40 49 50
13 20 21 42 51 52
15 22 23 44 53 54
17 24 25 46 55 56
19 26 27 48 57 58
21 28 29 50 59 60
23 30 31 52 61 62
25 32 33 54 63 64
27 34 35 56 65 66
29 36 37 58 67 68
31 38 39 60 69 70
33 40 41 62 71 72
14 26 29 32 40 53
16 28 31 34 42 55
18 30 33 36 44 57
20 32 35 38 46 59
22 34 37 40 48 61
24 36 39 42 50 63
26 38 41 44 52 65
28 40 43 46 54 67
30 42 45 48 56 69
32 44 47 50 58 71
34 46 49 52 60 73
1 36 48 51 54 62
3 38 50 53 56 64
5 40 52 55 58 66
7 42 54 57 60 68
9 44 56 59 62 70
11 46 58 61 64 72
0 13 48 60 63 66
2 15 50 62 65 68
4 17 52 64 67 70
6 19 54 66 69 72
0 8 21 56 68 71
2 10 23 58 70 73
1 4 12 25 60 72
0 3 6 14 27 62
2 5 8 16 29 64
4 7 10 18 31 66
6 9 12 20 33 68
8 11 14 22 35 70
10 13 16 24 37 72
0 12 15 18 26 39
2 14 17 20 28 41
4 16 19 22 30 43
6 18 21 24 32 45
8 20 23 26 34 47
10 22 25 28 36 49
12 24 27 30 38 51
34 39 45 63 67 72
0 36 41 47 65 69
2 38 43 49 67 71
4 40 45 51 69 73
1 6 42 47 53 71
3 8 44 49 55 73
1 5 10 46 51 57
3 7 12 48 53 59
5 9 14 50 55 61
7 11 16 52 57 63
9 13 18 54 59 65
11 15 20 56 61 67
13 17 22 58 63 69
15 19 24 60 65 71
17 21 26 62 67 73
1 19 23 28 64 69
3 21 25 30 66 71
5 23 27 32 68 73
1 7 25 29 34 70
3 9 27 31 36 72
0 5 11 29 33 38
2 7 13 31 35 40
4 9 15 33 37 42
6 11 17 35 39 44
8 13 19 37 41 46
10 15 21 39 43 48
12 17 23 41 45 50
14 19 25 43 47 52
16 21 27 45 49 54
18 23 29 47 51 56
20 25 31 49 53 58
22 27 33 51 55 60
24 29 35 53 57 62
26 31 37 55 59 64
28 33 39 57 61 66
30 35 41 59 63 68
32 37 43 61 65 70
7 9 19 32 39 67
9 11 21 34 41 69
11 13 23 36 43 71
13 15 25 38 45 73
1 15 17 27 40 47
3 17 19 29 42 49
5 19 21 31 44 51
7 21 23 33 46 53
9 23 25 35 48 55
11 25 27 37 50 57
13 27 29 39 52 59
15 29 31 41 54 61
17 31 33 43 56 63
19 33 35 45 58 65
21 35 37 47 60 67
23 37 39 49 62 69
25 39 41 51 64 71
27 41 43 53 66 73
1 29 43 45 55 68
3 31 45 47 57 70
5 33 47 49 59 72
0 7 35 49 51 61
2 9 37 51 53 63
4 11 39 53 55 65
6 13 41 55 57 67
8 15 43 57 59 69
10 17 45 59 61 71
12 19 47 61 63 73
1 14 21 49 63 65
3 16 23 51 65 67
5 18 25 53 67 69
7 20 27 55 69 71
9 22 29 57 71 73
1 11 24 31 59 73
1 3 13 26 33 61
3 5 15 28 35 63
5 7 17 30 37 65
8 24 25 28 32 65
10 26 27 30 34 67
12 28 29 32 36 69
14 30 31 34 38 71
16 32 33 36 40 73
1 18 34 35 38 42
3 20 36 37 40 44
5 22 38 39 42 46
7 24 40 41 44 48
9 26 42 43 46 50
11 28 44 45 48 52
13 30 46 47 50 54
15 32 48 49 52 56
17 34 50 51 54 58
19 36 52 53 56 60
21 38 54 55 58 62
23 40 56 57 60 64
25 42 58 59 62 66
27 44 60 61 64 68
29 46 62 63 66 70
31 48 64 65 68 72
0 33 50 66 67 70
2 35 52 68 69 72
0 4 37 54 70 71
2 6 39 56 72 73
0 1 4 8 41 58
2 3 6 10 43 60
4 5 8 12 45 62
6 7 10 14 47 64
8 9 12 16 49 66
10 11 14 18 51 68
12 13 16 20 53 70
14 15 18 22 55 72
0 16 17 20 24 57
2 18 19 22 26 59
4 20 21 24 28 61
6 22 23 26 30 63
