3 25 27 28 35 41 53 58 62 73
0 4 26 28 29 36 42 54 59 63
1 5 27 29 30 37 43 55 60 64
2 6 28 30 31 38 44 56 61 65
3 7 29 31 32 39 45 57 62 66
4 8 30 32 33 40 46 58 63 67
5 9 31 33 34 41 47 59 64 68
6 10 32 34 35 42 48 60 65 69
7 11 33 35 36 43 49 61 66 70
8 12 34 36 37 44 50 62 67 71
9 13 35 37 38 45 51 63 68 72
10 14 36 38 39 46 52 64 69 73
0 11 15 37 39 40 47 53 65 70
1 12 16 38 40 41 48 54 66 71
2 13 17 39 41 42 49 55 67 72
3 14 18 40 42 43 50 56 68 73
0 4 15 19 41 43 44 51 57 69
1 5 16 20 42 44 45 52 58 70
2 6 17 21 43 45 46 53 59 71
3 7 18 22 44 46 47 54 60 72
4 8 19 23 45 47 48 55 61 73
0 5 9 20 24 46 48 49 56 62
1 6 10 21 25 47 49 50 57 63
2 7 11 22 26 48 50 51 58 64
3 8 12 23 27 49 51 52 59 65
4 9 13 24 28 50 52 53 60 66
5 10 14 25 29 51 53 54 61 67
6 11 15 26 30 52 54 55 62 68
7 12 16 27 31 53 55 56 63 69
8 13 17 28 32 54 56 57 64 70
9 14 18 29 33 55 57 58 65 71
10 15 19 30 34 56 58 59 66 72
11 16 20 31 35 57 59 60 67 73
0 12 17 21 32 36 58 60 61 68
1 13 18 22 33 37 59 61 62 69
2 14 19 23 34 38 60 62 63 70
3 15 20 24 35 39 61 63 64 71
4 16 21 25 36 40 62 64 65 72
5 17 22 26 37 41 63 65 66 73
0 6 18 23 27 38 42 64 66 67
1 7 19 24 28 39 43 65 67 68
2 8 20 25 29 40 44 66 68 69
3 9 21 26 30 41 45 67 69 70
4 10 22 27 31 42 46 68 70 71
5 11 23 28 32 43 47 69 71 72
6 12 24 29 33 44 48 70 72 73
0 7 13 25 30 34 45 49 71 73
0 1 8 14 26 31 35 46 50 72
1 2 9 15 27 32 36 47 51 73
0 2 3 10 16 28 33 37 48 52
1 3 4 11 17 29 34 38 49 53
2 4 5 12 18 30 35 39 50 54
3 5 6 13 19 31 36 40 51 55
4 6 7 14 20 32 37 41 52 56
5 7 8 15 21 33 38 42 53 57
6 8 9 16 22 34 39 43 54 58
7 9 10 17 23 35 40 44 55 59
8 10 11 18 24 36 41 45 56 60
9 11 12 19 25 37 42 46 57 61
10 12 13 20 26 38 43 47 58 62
11 13 14 21 27 39 44 48 59 63
12 14 15 22 28 40 45 49 60 64
13 15 16 23 29 41 46 50 61 65
14 16 17 24 30 42 47 51 62 66
15 17 18 25 31 43 48 52 63 67
16 18 19 26 32 44 49 53 64 68
17 19 20 27 33 45 50 54 65 69
18 20 21 28 34 46 51 55 66 70
19 21 22 29 35 47 52 56 67 71
20 22 23 30 36 48 53 57 68 72
21 23 24 31 37 49 54 58 69 73
0 22 24 25 32 38 50 55 59 70
1 23 25 26 33 39 51 56 60 71
2 24 26 27 34 40 52 57 61 72
