11 13 14 34 55
13 15 16 36 57
15 17 18 38 59
17 19 20 40 61
19 21 22 42 63
21 23 24 44 65
23 25 26 46 67
25 27 28 48 69
27 29 30 50 71
29 31 32 52 73
1 31 33 34 54
3 33 35 36 56
5 35 37 38 58
7 37 39 40 60
9 39 41 42 62
11 41 43 44 64
13 43 45 46 66
15 45 47 48 68
17 47 49 50 70
19 49 51 52 72
0 21 51 53 54
2 23 53 55 56
4 25 55 57 58
6 27 57 59 60
8 29 59 61 62
10 31 61 63 64
12 33 63 65 66
14 35 65 67 68
16 37 67 69 70
18 39 69 71 72
0 20 41 71 73
1 2 22 43 73
1 3 4 24 45
3 5 6 26 47
5 7 8 28 49
7 9 10 30 51
9 11 12 32 53
5 55 68 72 73
0 1 7 57 70
2 3 9 59 72
0 4 5 11 61
2 6 7 13 63
4 8 9 15 65
6 10 11 17 67
8 12 13 19 69
10 14 15 21 71
12 16 17 23 73
1 14 18 19 25
3 16 20 21 27
5 18 22 23 29
7 20 24 25 31
9 22 26 27 33
11 24 28 29 35
13 26 30 31 37
15 28 32 33 39
17 30 34 35 41
19 32 36 37 43
21 34 38 39 45
23 36 40 41 47
25 38 42 43 49
27 40 44 45 51
29 42 46 47 53
31 44 48 49 55
33 46 50 51 57
35 48 52 53 59
37 50 54 55 61
39 52 56 57 63
41 54 58 59 65
43 56 60 61 67
45 58 62 63 69
47 60 64 65 71
49 62 66 67 73
1 51 64 68 69
3 53 66 70 71
12 22 36 48 64
14 24 38 50 66
16 26 40 52 68
18 28 42 54 70
20 30 44 56 72
0 22 32 46 58
2 24 34 48 60
4 26 36 50 62
6 28 38 52 64
8 30 40 54 66
10 32 42 56 68
12 34 44 58 70
14 36 46 60 72
0 16 38 48 62
2 18 40 50 64
4 20 42 52 66
6 22 44 54 68
8 24 46 56 70
10 26 48 58 72
0 12 28 50 60
2 14 30 52 62
4 16 32 54 64
6 18 34 56 66
8 20 36 58 68
10 22 38 60 70
12 24 40 62 72
0 14 26 42 64
2 16 28 44 66
4 18 30 46 68
6 20 32 48 70
8 22 34 50 72
0 10 24 36 52
2 12 26 38 54
4 14 28 40 56
6 16 30 42 58
8 18 32 44 60
10 20 34 46 62
16 29 33 45 71
18 31 35 47 73
1 20 33 37 49
3 22 35 39 51
5 24 37 41 53
7 26 39 43 55
9 28 41 45 57
11 30 43 47 59
13 32 45 49 61
15 34 47 51 63
17 36 49 53 65
19 38 51 55 67
21 40 53 57 69
23 42 55 59 71
25 44 57 61 73
1 27 46 59 63
3 29 48 61 65
5 31 50 63 67
7 33 52 65 69
9 35 54 67 71
11 37 56 69 73
1 13 39 58 71
3 15 41 60 73
1 5 17 43 62
3 7 19 45 64
5 9 21 47 66
7 11 23 49 68
9 13 25 51 70
11 15 27 53 72
0 13 17 29 55
2 15 19 31 57
4 17 21 33 59
6 19 23 35 61
8 21 25 37 63
10 23 27 39 65
12 25 29 41 67
14 27 31 43 69
21 24 28 43 58
23 26 30 45 60
25 28 32 47 62
27 30 34 49 64
29 32 36 51 66
31 34 38 53 68
33 36 40 55 70
35 38 42 57 72
0 37 40 44 59
2 39 42 46 61
4 41 44 48 63
6 43 46 50 65
8 45 48 52 67
10 47 50 54 69
12 49 52 56 71
14 51 54 58 73
1 16 53 56 60
3 18 55 58 62
5 20 57 60 64
7 22 59 62 66
9 24 61 64 68
11 26 63 66 70
13 28 65 68 72
0 15 30 67 70
2 17 32 69 72
0 4 19 34 71
2 6 21 36 73
1 4 8 23 38
3 6 10 25 40
5 8 12 27 42
7 10 14 29 44
9 12 16 31 46
11 14 18 33 48
13 16 20 35 50
15 18 22 37 52
17 20 24 39 54
19 22 26 41 56
22 28 30 55 65
24 30 32 57 67
26 32 34 59 69
28 34 36 61 71
30 36 38 63 73
1 32 38 40 65
3 34 40 42 67
5 36 42 44 69
7 38 44 46 71
9 40 46 48 73
1 11 42 48 50
3 13 44 50 52
5 15 46 52 54
7 17 48 54 56
9 19 50 56 58
11 21 52 58 60
13 23 54 60 62
15 25 56 62 64
17 27 58 64 66
19 29 60 66 68
21 31 62 68 70
23 33 64 70 72
0 25 35 66 72
0 2 27 37 68
2 4 29 39 70
4 6 31 41 72
0 6 8 33 43
2 8 10 35 45
4 10 12 37 47
6 12 14 39 49
8 14 16 41 51
10 16 18 43 53
12 18 20 45 55
14 20 22 47 57
16 22 24 49 59
18 24 26 51 61
20 26 28 53 63
7 16 47 61 72
0 9 18 49 63
2 11 20 51 65
4 13 22 53 67
6 15 24 55 69
8 17 26 57 71
10 19 28 59 73
1 12 21 30 61
3 14 23 32 63
5 16 25 34 65
7 18 27 36 67
9 20 29 38 69
11 22 31 40 71
13 24 33 42 73
1 15 26 35 44
3 17 28 37 46
5 19 30 39 48
7 21 32 41 50
9 23 34 43 52
11 25 36 45 54
13 27 38 47 56
15 29 40 49 58
17 31 42 51 60
19 33 44 53 62
21 35 46 55 64
23 37 48 57 66
25 39 50 59 68
27 41 52 61 70
29 43 54 63 72
0 31 45 56 65
2 33 47 58 67
4 35 49 60 69
6 37 51 62 71
8 39 53 64 73
1 10 41 55 66
3 12 43 57 68
5 14 45 59 70
5 12 51 56 59
7 14 53 58 61
9 16 55 60 63
11 18 57 62 65
13 20 59 64 67
15 22 61 66 69
17 24 63 68 71
19 26 65 70 73
1 21 28 67 72
0 3 23 30 69
2 5 25 32 71
4 7 27 34 73
1 6 9 29 36
3 8 11 31 38
5 10 13 33 40
7 12 15 35 42
9 14 17 37 44
11 16 19 39 46
13 18 21 41 48
15 20 23 43 50
17 22 25 45 52
19 24 27 47 54
21 26 29 49 56
23 28 31 51 58
25 30 33 53 60
27 32 35 55 62
29 34 37 57 64
31 36 39 59 66
33 38 41 61 68
35 40 43 63 70
37 42 45 65 72
0 39 44 47 67
2 41 46 49 69
4 43 48 51 71
6 45 50 53 73
1 8 47 52 55
3 10 49 54 57
