7 53 58
8 54 59
9 55 60
10 56 61
11 57 62
12 58 63
13 59 64
14 60 65
15 61 66
16 62 67
17 63 68
18 64 69
19 65 70
20 66 71
21 67 72
0 22 68
1 23 69
2 24 70
3 25 71
4 26 72
0 5 27
1 6 28
2 7 29
3 8 30
4 9 31
5 10 32
6 11 33
7 12 34
8 13 35
9 14 36
10 15 37
11 16 38
12 17 39
13 18 40
14 19 41
15 20 42
16 21 43
17 22 44
18 23 45
19 24 46
20 25 47
21 26 48
22 27 49
23 28 50
24 29 51
25 30 52
26 31 53
27 32 54
28 33 55
29 34 56
30 35 57
31 36 58
32 37 59
33 38 60
34 39 61
35 40 62
36 41 63
37 42 64
38 43 65
39 44 66
40 45 67
41 46 68
42 47 69
43 48 70
44 49 71
45 50 72
0 46 51
1 47 52
2 48 53
3 49 54
4 50 55
5 51 56
6 52 57
0 2 54
1 3 55
2 4 56
3 5 57
4 6 58
5 7 59
6 8 60
7 9 61
8 10 62
9 11 63
10 12 64
11 13 65
12 14 66
13 15 67
14 16 68
15 17 69
16 18 70
17 19 71
18 20 72
0 19 21
1 20 22
2 21 23
3 22 24
4 23 25
5 24 26
6 25 27
7 26 28
8 27 29
9 28 30
10 29 31
11 30 32
12 31 33
13 32 34
14 33 35
15 34 36
16 35 37
17 36 38
18 37 39
19 38 40
20 39 41
21 40 42
22 41 43
23 42 44
24 43 45
25 44 46
26 45 47
27 46 48
28 47 49
29 48 50
30 49 51
31 50 52
32 51 53
33 52 54
34 53 55
35 54 56
36 55 57
37 56 58
38 57 59
39 58 60
40 59 61
41 60 62
42 61 63
43 62 64
44 63 65
45 64 66
46 65 67
47 66 68
48 67 69
49 68 70
50 69 71
51 70 72
0 52 71
1 53 72
29 42 70
30 43 71
31 44 72
0 32 45
1 33 46
2 34 47
3 35 48
4 36 49
5 37 50
6 38 51
7 39 52
8 40 53
9 41 54
10 42 55
11 43 56
12 44 57
13 45 58
14 46 59
15 47 60
16 48 61
17 49 62
18 50 63
19 51 64
20 52 65
21 53 66
22 54 67
23 55 68
24 56 69
25 57 70
26 58 71
27 59 72
0 28 60
1 29 61
2 30 62
3 31 63
4 32 64
5 33 65
6 34 66
7 35 67
8 36 68
9 37 69
10 38 70
11 39 71
12 40 72
0 13 41
1 14 42
2 15 43
3 16 44
4 17 45
5 18 46
6 19 47
7 20 48
8 21 49
9 22 50
10 23 51
11 24 52
12 25 53
13 26 54
14 27 55
15 28 56
16 29 57
17 30 58
18 31 59
19 32 60
20 33 61
21 34 62
22 35 63
23 36 64
24 37 65
25 38 66
26 39 67
27 40 68
28 41 69
18 41 56
19 42 57
20 43 58
21 44 59
22 45 60
23 46 61
24 47 62
25 48 63
26 49 64
27 50 65
28 51 66
29 52 67
30 53 68
31 54 69
32 55 70
33 56 71
34 57 72
0 35 58
1 36 59
2 37 60
3 38 61
4 39 62
5 40 63
6 41 64
7 42 65
8 43 66
9 44 67
10 45 68
11 46 69
12 47 70
13 48 71
14 49 72
0 15 50
1 16 51
2 17 52
3 18 53
4 19 54
5 20 55
6 21 56
7 22 57
8 23 58
9 24 59
10 25 60
11 26 61
12 27 62
13 28 63
14 29 64
15 30 65
16 31 66
17 32 67
18 33 68
19 34 69
20 35 70
21 36 71
22 37 72
0 23 38
1 24 39
2 25 40
3 26 41
4 27 42
5 28 43
6 29 44
7 30 45
8 31 46
9 32 47
10 33 48
11 34 49
12 35 50
13 36 51
14 37 52
15 38 53
16 39 54
17 40 55
25 41 45
26 42 46
27 43 47
28 44 48
29 45 49
30 46 50
31 47 51
32 48 52
33 49 53
34 50 54
35 51 55
36 52 56
37 53 57
38 54 58
39 55 59
40 56 60
41 57 61
42 58 62
43 59 63
44 60 64
45 61 65
46 62 66
47 63 67
48 64 68
49 65 69
50 66 70
51 67 71
52 68 72
0 53 69
1 54 70
2 55 71
3 56 72
0 4 57
1 5 58
2 6 59
3 7 60
4 8 61
5 9 62
6 10 63
7 11 64
8 12 65
9 13 66
10 14 67
11 15 68
12 16 69
13 17 70
14 18 71
15 19 72
0 16 20
1 17 21
2 18 22
3 19 23
4 20 24
5 21 25
6 22 26
7 23 27
8 24 28
9 25 29
10 26 30
11 27 31
12 28 32
13 29 33
14 30 34
15 31 35
16 32 36
17 33 37
18 34 38
19 35 39
20 36 40
21 37 41
22 38 42
23 39 43
24 40 44
36 69 72
0 37 70
1 38 71
2 39 72
0 3 40
1 4 41
2 5 42
3 6 43
4 7 44
5 8 45
6 9 46
7 10 47
8 11 48
9 12 49
10 13 50
11 14 51
12 15 52
13 16 53
14 17 54
15 18 55
16 19 56
17 20 57
18 21 58
19 22 59
20 23 60
21 24 61
22 25 62
23 26 63
24 27 64
25 28 65
26 29 66
27 30 67
28 31 68
29 32 69
30 33 70
31 34 71
32 35 72
0 33 36
1 34 37
2 35 38
3 36 39
4 37 40
5 38 41
6 39 42
7 40 43
8 41 44
9 42 45
10 43 46
11 44 47
12 45 48
13 46 49
14 47 50
15 48 51
16 49 52
17 50 53
18 51 54
19 52 55
20 53 56
21 54 57
22 55 58
23 56 59
24 57 60
25 58 61
26 59 62
27 60 63
28 61 64
29 62 65
30 63 66
31 64 67
32 65 68
33 66 69
34 67 70
35 68 71
29 47 72
0 30 48
1 31 49
2 32 50
3 33 51
4 34 52
5 35 53
6 36 54
7 37 55
8 38 56
9 39 57
10 40 58
11 41 59
12 42 60
13 43 61
14 44 62
15 45 63
16 46 64
17 47 65
18 48 66
19 49 67
20 50 68
21 51 69
22 52 70
23 53 71
24 54 72
0 25 55
1 26 56
2 27 57
3 28 58
4 29 59
5 30 60
6 31 61
7 32 62
8 33 63
9 34 64
10 35 65
11 36 66
12 37 67
13 38 68
14 39 69
15 40 70
16 41 71
17 42 72
0 18 43
1 19 44
2 20 45
3 21 46
4 22 47
5 23 48
6 24 49
7 25 50
8 26 51
9 27 52
10 28 53
11 29 54
12 30 55
13 31 56
14 32 57
15 33 58
16 34 59
17 35 60
18 36 61
19 37 62
20 38 63
21 39 64
22 40 65
23 41 66
24 42 67
25 43 68
26 44 69
27 45 70
28 46 71
42 48 56
43 49 57
44 50 58
45 51 59
46 52 60
47 53 61
48 54 62
49 55 63
50 56 64
51 57 65
52 58 66
53 59 67
54 60 68
55 61 69
56 62 70
57 63 71
58 64 72
0 59 65
1 60 66
2 61 67
3 62 68
4 63 69
5 64 70
6 65 71
7 66 72
0 8 67
1 9 68
2 10 69
3 11 70
4 12 71
5 13 72
0 6 14
1 7 15
2 8 16
3 9 17
4 10 18
5 11 19
6 12 20
7 13 21
8 14 22
9 15 23
10 16 24
11 17 25
12 18 26
13 19 27
14 20 28
15 21 29
16 22 30
17 23 31
18 24 32
19 25 33
20 26 34
21 27 35
22 28 36
23 29 37
24 30 38
25 31 39
26 32 40
27 33 41
28 34 42
29 35 43
30 36 44
31 37 45
32 38 46
33 39 47
34 40 48
35 41 49
36 42 50
37 43 51
38 44 52
39 45 53
40 46 54
41 47 55
15 57 64
16 58 65
17 59 66
18 60 67
19 61 68
20 62 69
21 63 70
22 64 71
23 65 72
0 24 66
1 25 67
2 26 68
3 27 69
4 28 70
5 29 71
6 30 72
0 7 31
1 8 32
2 9 33
3 10 34
4 11 35
5 12 36
6 13 37
7 14 38
8 15 39
9 16 40
10 17 41
11 18 42
12 19 43
13 20 44
14 21 45
15 22 46
16 23 47
17 24 48
18 25 49
19 26 50
20 27 51
21 28 52
22 29 53
23 30 54
24 31 55
25 32 56
26 33 57
27 34 58
28 35 59
29 36 60
30 37 61
31 38 62
32 39 63
33 40 64
34 41 65
35 42 66
36 43 67
37 44 68
38 45 69
39 46 70
40 47 71
41 48 72
0 42 49
1 43 50
2 44 51
3 45 52
4 46 53
5 47 54
6 48 55
7 49 56
8 50 57
9 51 58
10 52 59
11 53 60
12 54 61
13 55 62
14 56 63
53 54 65
54 55 66
55 56 67
56 57 68
57 58 69
58 59 70
59 60 71
60 61 72
0 61 62
1 62 63
2 63 64
3 64 65
4 65 66
5 66 67
6 67 68
7 68 69
8 69 70
9 70 71
10 71 72
0 11 72
0 1 12
1 2 13
2 3 14
3 4 15
4 5 16
5 6 17
6 7 18
7 8 19
8 9 20
9 10 21
10 11 22
11 12 23
12 13 24
13 14 25
14 15 26
15 16 27
16 17 28
17 18 29
18 19 30
19 20 31
20 21 32
21 22 33
22 23 34
23 24 35
24 25 36
25 26 37
26 27 38
27 28 39
28 29 40
29 30 41
30 31 42
31 32 43
32 33 44
33 34 45
34 35 46
35 36 47
36 37 48
37 38 49
38 39 50
39 40 51
40 41 52
41 42 53
42 43 54
43 44 55
44 45 56
45 46 57
46 47 58
47 48 59
48 49 60
49 50 61
50 51 62
51 52 63
52 53 64
1 11 45
2 12 46
3 13 47
4 14 48
5 15 49
6 16 50
7 17 51
8 18 52
9 19 53
10 20 54
11 21 55
12 22 56
13 23 57
14 24 58
15 25 59
16 26 60
17 27 61
18 28 62
19 29 63
20 30 64
21 31 65
22 32 66
23 33 67
24 34 68
25 35 69
26 36 70
27 37 71
28 38 72
0 29 39
1 30 40
2 31 41
3 32 42
4 33 43
5 34 44
6 35 45
7 36 46
8 37 47
9 38 48
10 39 49
11 40 50
12 41 51
13 42 52
14 43 53
15 44 54
16 45 55
17 46 56
18 47 57
19 48 58
20 49 59
21 50 60
22 51 61
23 52 62
24 53 63
25 54 64
26 55 65
27 56 66
28 57 67
29 58 68
30 59 69
31 60 70
32 61 71
33 62 72
0 34 63
1 35 64
2 36 65
3 37 66
4 38 67
5 39 68
6 40 69
7 41 70
8 42 71
9 43 72
0 10 44
15 32 41
16 33 42
17 34 43
18 35 44
19 36 45
20 37 46
21 38 47
22 39 48
23 40 49
24 41 50
25 42 51
26 43 52
27 44 53
28 45 54
29 46 55
30 47 56
31 48 57
32 49 58
33 50 59
34 51 60
35 52 61
36 53 62
37 54 63
38 55 64
39 56 65
40 57 66
41 58 67
42 59 68
43 60 69
44 61 70
45 62 71
46 63 72
0 47 64
1 48 65
2 49 66
3 50 67
4 51 68
5 52 69
6 53 70
7 54 71
8 55 72
0 9 56
1 10 57
2 11 58
3 12 59
4 13 60
5 14 61
6 15 62
7 16 63
8 17 64
9 18 65
10 19 66
11 20 67
12 21 68
13 22 69
14 23 70
15 24 71
16 25 72
0 17 26
1 18 27
2 19 28
3 20 29
4 21 30
5 22 31
6 23 32
7 24 33
8 25 34
9 26 35
10 27 36
11 28 37
12 29 38
13 30 39
14 31 40
6 54 73
41 50 73
22 70 73
14 19 73
17 36 73
16 40 73
4 46 73
2 61 73
67 69 73
24 66 73
37 56 73
45 69 73
33 68 73
20 55 73
5 63 73
35 58 73
0 18 73
44 49 73
15 59 73
23 26 73
31 65 73
1 7 73
32 43 73
28 72 73
10 34 73
38 71 73
8 62 73
27 51 73
48 60 73
3 29 73
9 47 73
13 30 73
12 42 73
21 57 73
11 53 73
39 52 73
25 64 73
