17 20 28 30 31 57 66
19 22 30 32 33 59 68
21 24 32 34 35 61 70
23 26 34 36 37 63 72
0 25 28 36 38 39 65
2 27 30 38 40 41 67
4 29 32 40 42 43 69
6 31 34 42 44 45 71
8 33 36 44 46 47 73
1 10 35 38 46 48 49
3 12 37 40 48 50 51
5 14 39 42 50 52 53
7 16 41 44 52 54 55
9 18 43 46 54 56 57
11 20 45 48 56 58 59
13 22 47 50 58 60 61
15 24 49 52 60 62 63
17 26 51 54 62 64 65
19 28 53 56 64 66 67
21 30 55 58 66 68 69
23 32 57 60 68 70 71
25 34 59 62 70 72 73
0 1 27 36 61 64 72
0 2 3 29 38 63 66
2 4 5 31 40 65 68
4 6 7 33 42 67 70
6 8 9 35 44 69 72
0 8 10 11 37 46 71
2 10 12 13 39 48 73
1 4 12 14 15 41 50
3 6 14 16 17 43 52
5 8 16 18 19 45 54
7 10 18 20 21 47 56
9 12 20 22 23 49 58
11 14 22 24 25 51 60
13 16 24 26 27 53 62
15 18 26 28 29 55 64
2 16 25 33 35 56 63
4 18 27 35 37 58 65
6 20 29 37 39 60 67
8 22 31 39 41 62 69
10 24 33 41 43 64 71
12 26 35 43 45 66 73
1 14 28 37 45 47 68
3 16 30 39 47 49 70
5 18 32 41 49 51 72
0 7 20 34 43 51 53
2 9 22 36 45 53 55
4 11 24 38 47 55 57
6 13 26 40 49 57 59
8 15 28 42 51 59 61
10 17 30 44 53 61 63
12 19 32 46 55 63 65
14 21 34 48 57 65 67
16 23 36 50 59 67 69
18 25 38 52 61 69 71
20 27 40 54 63 71 73
1 22 29 42 56 65 73
1 3 24 31 44 58 67
3 5 26 33 46 60 69
5 7 28 35 48 62 71
7 9 30 37 50 64 73
1 9 11 32 39 52 66
3 11 13 34 41 54 68
5 13 15 36 43 56 70
7 15 17 38 45 58 72
0 9 17 19 40 47 60
2 11 19 21 42 49 62
4 13 21 23 44 51 64
6 15 23 25 46 53 66
8 17 25 27 48 55 68
10 19 27 29 50 57 70
12 21 29 31 52 59 72
0 14 23 31 33 54 61
19 33 34 39 51 55 58
21 35 36 41 53 57 60
23 37 38 43 55 59 62
25 39 40 45 57 61 64
27 41 42 47 59 63 66
29 43 44 49 61 65 68
31 45 46 51 63 67 70
33 47 48 53 65 69 72
0 35 49 50 55 67 71
2 37 51 52 57 69 73
1 4 39 53 54 59 71
3 6 41 55 56 61 73
1 5 8 43 57 58 63
3 7 10 45 59 60 65
5 9 12 47 61 62 67
7 11 14 49 63 64 69
9 13 16 51 65 66 71
11 15 18 53 67 68 73
1 13 17 20 55 69 70
3 15 19 22 57 71 72
0 5 17 21 24 59 73
1 2 7 19 23 26 61
3 4 9 21 25 28 63
5 6 11 23 27 30 65
7 8 13 25 29 32 67
9 10 15 27 31 34 69
11 12 17 29 33 36 71
13 14 19 31 35 38 73
1 15 16 21 33 37 40
3 17 18 23 35 39 42
5 19 20 25 37 41 44
7 21 22 27 39 43 46
9 23 24 29 41 45 48
11 25 26 31 43 47 50
13 27 28 33 45 49 52
15 29 30 35 47 51 54
17 31 32 37 49 53 56
12 27 38 44 51 56 60
14 29 40 46 53 58 62
16 31 42 48 55 60 64
18 33 44 50 57 62 66
20 35 46 52 59 64 68
22 37 48 54 61 66 70
24 39 50 56 63 68 72
0 26 41 52 58 65 70
2 28 43 54 60 67 72
0 4 30 45 56 62 69
2 6 32 47 58 64 71
4 8 34 49 60 66 73
1 6 10 36 51 62 68
3 8 12 38 53 64 70
5 10 14 40 55 66 72
0 7 12 16 42 57 68
2 9 14 18 44 59 70
4 11 16 20 46 61 72
0 6 13 18 22 48 63
2 8 15 20 24 50 65
4 10 17 22 26 52 67
6 12 19 24 28 54 69
8 14 21 26 30 56 71
10 16 23 28 32 58 73
1 12 18 25 30 34 60
3 14 20 27 32 36 62
5 16 22 29 34 38 64
7 18 24 31 36 40 66
9 20 26 33 38 42 68
11 22 28 35 40 44 70
13 24 30 37 42 46 72
0 15 26 32 39 44 48
2 17 28 34 41 46 50
4 19 30 36 43 48 52
6 21 32 38 45 50 54
8 23 34 40 47 52 56
10 25 36 42 49 54 58
