11 15 33 38 43 67
14 18 36 41 46 70
17 21 39 44 49 73
1 20 24 42 47 52
4 23 27 45 50 55
7 26 30 48 53 58
10 29 33 51 56 61
13 32 36 54 59 64
16 35 39 57 62 67
19 38 42 60 65 70
22 41 45 63 68 73
1 25 44 48 66 71
4 28 47 51 69 74
2 7 31 50 54 72
0 5 10 34 53 57
3 8 13 37 56 60
6 11 16 40 59 63
9 14 19 43 62 66
12 17 22 46 65 69
15 20 25 49 68 72
0 18 23 28 52 71
3 21 26 31 55 74
2 6 24 29 34 58
5 9 27 32 37 61
8 12 30 35 40 64
1 16 17 29 38 51
4 19 20 32 41 54
7 22 23 35 44 57
10 25 26 38 47 60
13 28 29 41 50 63
16 31 32 44 53 66
19 34 35 47 56 69
22 37 38 50 59 72
0 25 40 41 53 62
3 28 43 44 56 65
6 31 46 47 59 68
9 34 49 50 62 71
12 37 52 53 65 74
2 15 40 55 56 68
5 18 43 58 59 71
8 21 46 61 62 74
2 11 24 49 64 65
5 14 27 52 67 68
8 17 30 55 70 71
11 20 33 58 73 74
1 2 14 23 36 61
4 5 17 26 39 64
7 8 20 29 42 67
10 11 23 32 45 70
13 14 26 35 48 73
8 25 32 55 63 69
11 28 35 58 66 72
0 14 31 38 61 69
3 17 34 41 64 72
0 6 20 37 44 67
3 9 23 40 47 70
6 12 26 43 50 73
1 9 15 29 46 53
4 12 18 32 49 56
7 15 21 35 52 59
10 18 24 38 55 62
13 21 27 41 58 65
16 24 30 44 61 68
19 27 33 47 64 71
22 30 36 50 67 74
2 25 33 39 53 70
5 28 36 42 56 73
1 8 31 39 45 59
4 11 34 42 48 62
7 14 37 45 51 65
10 17 40 48 54 68
13 20 43 51 57 71
16 23 46 54 60 74
2 19 26 49 57 63
5 22 29 52 60 66
9 24 25 26 59 65
12 27 28 29 62 68
15 30 31 32 65 71
18 33 34 35 68 74
2 21 36 37 38 71
5 24 39 40 41 74
2 8 27 42 43 44
5 11 30 45 46 47
8 14 33 48 49 50
11 17 36 51 52 53
14 20 39 54 55 56
17 23 42 57 58 59
20 26 45 60 61 62
23 29 48 63 64 65
26 32 51 66 67 68
29 35 54 69 70 71
32 38 57 72 73 74
0 1 2 35 41 60
3 4 5 38 44 63
6 7 8 41 47 66
9 10 11 44 50 69
12 13 14 47 53 72
0 15 16 17 50 56
3 18 19 20 53 59
6 21 22 23 56 62
42 53 56 63 67 71
45 56 59 66 70 74
2 48 59 62 69 73
1 5 51 62 65 72
0 4 8 54 65 68
3 7 11 57 68 71
6 10 14 60 71 74
2 9 13 17 63 74
2 5 12 16 20 66
5 8 15 19 23 69
8 11 18 22 26 72
0 11 14 21 25 29
3 14 17 24 28 32
6 17 20 27 31 35
9 20 23 30 34 38
12 23 26 33 37 41
15 26 29 36 40 44
18 29 32 39 43 47
21 32 35 42 46 50
24 35 38 45 49 53
27 38 41 48 52 56
30 41 44 51 55 59
33 44 47 54 58 62
36 47 50 57 61 65
39 50 53 60 64 68
15 17 37 47 61 73
1 18 20 40 50 64
4 21 23 43 53 67
7 24 26 46 56 70
10 27 29 49 59 73
1 13 30 32 52 62
4 16 33 35 55 65
7 19 36 38 58 68
10 22 39 41 61 71
13 25 42 44 64 74
2 16 28 45 47 67
5 19 31 48 50 70
8 22 34 51 53 73
1 11 25 37 54 56
4 14 28 40 57 59
7 17 31 43 60 62
10 20 34 46 63 65
13 23 37 49 66 68
16 26 40 52 69 71
19 29 43 55 72 74
0 2 22 32 46 58
3 5 25 35 49 61
6 8 28 38 52 64
9 11 31 41 55 67
12 14 34 44 58 70
1 27 49 67 70 72
0 4 30 52 70 73
1 3 7 33 55 73
1 4 6 10 36 58
4 7 9 13 39 61
7 10 12 16 42 64
10 13 15 19 45 67
13 16 18 22 48 70
16 19 21 25 51 73
1 19 22 24 28 54
4 22 25 27 31 57
7 25 28 30 34 60
10 28 31 33 37 63
13 31 34 36 40 66
16 34 37 39 43 69
19 37 40 42 46 72
0 22 40 43 45 49
3 25 43 46 48 52
6 28 46 49 51 55
9 31 49 52 54 58
12 34 52 55 57 61
15 37 55 58 60 64
18 40 58 61 63 67
21 43 61 64 66 70
24 46 64 67 69 73
29 31 45 56 57 64
32 34 48 59 60 67
35 37 51 62 63 70
38 40 54 65 66 73
1 41 43 57 68 69
4 44 46 60 71 72
0 7 47 49 63 74
2 3 10 50 52 66
5 6 13 53 55 69
8 9 16 56 58 72
0 11 12 19 59 61
3 14 15 22 62 64
6 17 18 25 65 67
9 20 21 28 68 70
12 23 24 31 71 73
1 15 26 27 34 74
2 4 18 29 30 37
5 7 21 32 33 40
8 10 24 35 36 43
11 13 27 38 39 46
14 16 30 41 42 49
17 19 33 44 45 52
20 22 36 47 48 55
23 25 39 50 51 58
26 28 42 53 54 61
9 12 25 36 45 71
12 15 28 39 48 74
2 15 18 31 42 51
5 18 21 34 45 54
8 21 24 37 48 57
11 24 27 40 51 60
14 27 30 43 54 63
17 30 33 46 57 66
20 33 36 49 60 69
23 36 39 52 63 72
0 26 39 42 55 66
3 29 42 45 58 69
6 32 45 48 61 72
0 9 35 48 51 64
3 12 38 51 54 67
6 15 41 54 57 70
9 18 44 57 60 73
1 12 21 47 60 63
4 15 24 50 63 66
7 18 27 53 66 69
10 21 30 56 69 72
0 13 24 33 59 72
0 3 16 27 36 62
3 6 19 30 39 65
6 9 22 33 42 68
