2 24 53 68
5 27 56 71
8 30 59 74
2 11 33 62
5 14 36 65
8 17 39 68
11 20 42 71
14 23 45 74
2 17 26 48
5 20 29 51
8 23 32 54
11 26 35 57
14 29 38 60
17 32 41 63
20 35 44 66
23 38 47 69
26 41 50 72
0 29 44 53
3 32 47 56
6 35 50 59
9 38 53 62
12 41 56 65
15 44 59 68
18 47 62 71
21 50 65 74
7 24 28 74
2 10 27 31
5 13 30 34
8 16 33 37
11 19 36 40
14 22 39 43
17 25 42 46
20 28 45 49
23 31 48 52
26 34 51 55
29 37 54 58
32 40 57 61
35 43 60 64
38 46 63 67
41 49 66 70
44 52 69 73
1 47 55 72
0 4 50 58
3 7 53 61
6 10 56 64
9 13 59 67
12 16 62 70
15 19 65 73
1 18 22 68
4 21 25 71
13 29 42 52
16 32 45 55
19 35 48 58
22 38 51 61
25 41 54 64
28 44 57 67
31 47 60 70
34 50 63 73
1 37 53 66
4 40 56 69
7 43 59 72
0 10 46 62
3 13 49 65
6 16 52 68
9 19 55 71
12 22 58 74
2 15 25 61
5 18 28 64
8 21 31 67
11 24 34 70
14 27 37 73
1 17 30 40
4 20 33 43
7 23 36 46
10 26 39 49
19 28 59 63
22 31 62 66
25 34 65 69
28 37 68 72
0 31 40 71
3 34 43 74
2 6 37 46
5 9 40 49
8 12 43 52
11 15 46 55
14 18 49 58
17 21 52 61
20 24 55 64
23 27 58 67
26 30 61 70
29 33 64 73
1 32 36 67
4 35 39 70
7 38 42 73
1 10 41 45
4 13 44 48
7 16 47 51
10 19 50 54
13 22 53 57
16 25 56 60
5 16 31 59
8 19 34 62
11 22 37 65
14 25 40 68
17 28 43 71
20 31 46 74
2 23 34 49
5 26 37 52
8 29 40 55
11 32 43 58
14 35 46 61
17 38 49 64
20 41 52 67
23 44 55 70
26 47 58 73
1 29 50 61
4 32 53 64
7 35 56 67
10 38 59 70
13 41 62 73
1 16 44 65
4 19 47 68
7 22 50 71
10 25 53 74
2 13 28 56
7 29 41 48
10 32 44 51
13 35 47 54
16 38 50 57
19 41 53 60
22 44 56 63
25 47 59 66
28 50 62 69
31 53 65 72
0 34 56 68
3 37 59 71
6 40 62 74
2 9 43 65
5 12 46 68
8 15 49 71
11 18 52 74
2 14 21 55
5 17 24 58
8 20 27 61
11 23 30 64
14 26 33 67
17 29 36 70
20 32 39 73
1 23 35 42
4 26 38 45
12 17 44 50
15 20 47 53
18 23 50 56
21 26 53 59
24 29 56 62
27 32 59 65
30 35 62 68
33 38 65 71
36 41 68 74
2 39 44 71
5 42 47 74
2 8 45 50
5 11 48 53
8 14 51 56
11 17 54 59
14 20 57 62
17 23 60 65
20 26 63 68
23 29 66 71
26 32 69 74
2 29 35 72
0 5 32 38
3 8 35 41
6 11 38 44
9 14 41 47
5 6 41 55
8 9 44 58
11 12 47 61
14 15 50 64
17 18 53 67
20 21 56 70
23 24 59 73
1 26 27 62
4 29 30 65
7 32 33 68
10 35 36 71
13 38 39 74
2 16 41 42
5 19 44 45
8 22 47 48
11 25 50 51
14 28 53 54
17 31 56 57
20 34 59 60
23 37 62 63
26 40 65 66
29 43 68 69
32 46 71 72
0 35 49 74
2 3 38 52
10 17 34 37
13 20 37 40
16 23 40 43
19 26 43 46
22 29 46 49
25 32 49 52
28 35 52 55
31 38 55 58
34 41 58 61
37 44 61 64
40 47 64 67
43 50 67 70
46 53 70 73
1 49 56 73
1 4 52 59
4 7 55 62
7 10 58 65
10 13 61 68
13 16 64 71
16 19 67 74
2 19 22 70
5 22 25 73
1 8 25 28
4 11 28 31
7 14 31 34
12 25 35 38
15 28 38 41
18 31 41 44
21 34 44 47
24 37 47 50
27 40 50 53
30 43 53 56
33 46 56 59
36 49 59 62
39 52 62 65
42 55 65 68
45 58 68 71
48 61 71 74
2 51 64 74
2 5 54 67
5 8 57 70
8 11 60 73
1 11 14 63
4 14 17 66
7 17 20 69
10 20 23 72
0 13 23 26
3 16 26 29
6 19 29 32
9 22 32 35
0 30 51 67
3 33 54 70
6 36 57 73
1 9 39 60
4 12 42 63
7 15 45 66
10 18 48 69
13 21 51 72
0 16 24 54
3 19 27 57
6 22 30 60
9 25 33 63
12 28 36 66
15 31 39 69
18 34 42 72
0 21 37 45
3 24 40 48
6 27 43 51
9 30 46 54
12 33 49 57
15 36 52 60
18 39 55 63
21 42 58 66
24 45 61 69
27 48 64 72
7 9 11 27
10 12 14 30
13 15 17 33
16 18 20 36
19 21 23 39
22 24 26 42
25 27 29 45
28 30 32 48
31 33 35 51
34 36 38 54
37 39 41 57
40 42 44 60
43 45 47 63
46 48 50 66
49 51 53 69
52 54 56 72
0 55 57 59
3 58 60 62
6 61 63 65
9 64 66 68
12 67 69 71
15 70 72 74
0 2 18 73
1 3 5 21
4 6 8 24
7 8 18 26
10 11 21 29
13 14 24 32
16 17 27 35
19 20 30 38
22 23 33 41
25 26 36 44
28 29 39 47
31 32 42 50
34 35 45 53
37 38 48 56
40 41 51 59
43 44 54 62
46 47 57 65
49 50 60 68
52 53 63 71
55 56 66 74
2 58 59 69
5 61 62 72
0 8 64 65
3 11 67 68
6 14 70 71
9 17 73 74
1 2 12 20
4 5 15 23
13 18 25 43
16 21 28 46
19 24 31 49
22 27 34 52
25 30 37 55
28 33 40 58
31 36 43 61
34 39 46 64
37 42 49 67
40 45 52 70
43 48 55 73
1 46 51 58
4 49 54 61
7 52 57 64
10 55 60 67
13 58 63 70
16 61 66 73
1 19 64 69
4 22 67 72
0 7 25 70
3 10 28 73
1 6 13 31
4 9 16 34
7 12 19 37
10 15 22 40
0 36 63 72
0 3 39 66
3 6 42 69
6 9 45 72
0 9 12 48
3 12 15 51
6 15 18 54
9 18 21 57
12 21 24 60
15 24 27 63
18 27 30 66
21 30 33 69
24 33 36 72
0 27 36 39
3 30 39 42
6 33 42 45
9 36 45 48
12 39 48 51
15 42 51 54
18 45 54 57
21 48 57 60
24 51 60 63
27 54 63 66
30 57 66 69
33 60 69 72
5 33 39 50
8 36 42 53
11 39 45 56
14 42 48 59
17 45 51 62
20 48 54 65
23 51 57 68
26 54 60 71
29 57 63 74
2 32 60 66
5 35 63 69
8 38 66 72
0 11 41 69
3 14 44 72
0 6 17 47
3 9 20 50
6 12 23 53
9 15 26 56
12 18 29 59
15 21 32 62
18 24 35 65
21 27 38 68
24 30 41 71
27 33 44 74
2 30 36 47
18 19 33 51
21 22 36 54
24 25 39 57
27 28 42 60
30 31 45 63
33 34 48 66
36 37 51 69
39 40 54 72
0 42 43 57
3 45 46 60
6 48 49 63
9 51 52 66
12 54 55 69
15 57 58 72
0 18 60 61
3 21 63 64
6 24 66 67
9 27 69 70
12 30 72 73
0 1 15 33
3 4 18 36
6 7 21 39
9 10 24 42
12 13 27 45
15 16 30 48
8 13 46 69
11 16 49 72
0 14 19 52
3 17 22 55
6 20 25 58
9 23 28 61
12 26 31 64
15 29 34 67
18 32 37 70
21 35 40 73
1 24 38 43
4 27 41 46
7 30 44 49
10 33 47 52
13 36 50 55
16 39 53 58
19 42 56 61
22 45 59 64
25 48 62 67
28 51 65 70
31 54 68 73
1 34 57 71
4 37 60 74
2 7 40 63
5 10 43 66
39 59 61 67
42 62 64 70
45 65 67 73
1 48 68 70
4 51 71 73
1 7 54 74
2 4 10 57
5 7 13 60
8 10 16 63
11 13 19 66
14 16 22 69
17 19 25 72
0 20 22 28
3 23 25 31
6 26 28 34
9 29 31 37
12 32 34 40
15 35 37 43
18 38 40 46
21 41 43 49
24 44 46 52
27 47 49 55
30 50 52 58
33 53 55 61
36 56 58 64
