0 9 20 28 30 53 57 60 69 70
1 10 21 29 31 54 58 61 70 71
2 11 22 30 32 55 59 62 71 72
3 12 23 31 33 56 60 63 72 73
4 13 24 32 34 57 61 64 73 74
0 5 14 25 33 35 58 62 65 74
0 1 6 15 26 34 36 59 63 66
1 2 7 16 27 35 37 60 64 67
2 3 8 17 28 36 38 61 65 68
3 4 9 18 29 37 39 62 66 69
4 5 10 19 30 38 40 63 67 70
5 6 11 20 31 39 41 64 68 71
6 7 12 21 32 40 42 65 69 72
7 8 13 22 33 41 43 66 70 73
8 9 14 23 34 42 44 67 71 74
0 9 10 15 24 35 43 45 68 72
1 10 11 16 25 36 44 46 69 73
2 11 12 17 26 37 45 47 70 74
0 3 12 13 18 27 38 46 48 71
1 4 13 14 19 28 39 47 49 72
2 5 14 15 20 29 40 48 50 73
3 6 15 16 21 30 41 49 51 74
0 4 7 16 17 22 31 42 50 52
1 5 8 17 18 23 32 43 51 53
2 6 9 18 19 24 33 44 52 54
3 7 10 19 20 25 34 45 53 55
4 8 11 20 21 26 35 46 54 56
5 9 12 21 22 27 36 47 55 57
6 10 13 22 23 28 37 48 56 58
7 11 14 23 24 29 38 49 57 59
8 12 15 24 25 30 39 50 58 60
9 13 16 25 26 31 40 51 59 61
10 14 17 26 27 32 41 52 60 62
11 15 18 27 28 33 42 53 61 63
12 16 19 28 29 34 43 54 62 64
13 17 20 29 30 35 44 55 63 65
14 18 21 30 31 36 45 56 64 66
15 19 22 31 32 37 46 57 65 67
16 20 23 32 33 38 47 58 66 68
17 21 24 33 34 39 48 59 67 69
18 22 25 34 35 40 49 60 68 70
19 23 26 35 36 41 50 61 69 71
20 24 27 36 37 42 51 62 70 72
21 25 28 37 38 43 52 63 71 73
22 26 29 38 39 44 53 64 72 74
0 23 27 30 39 40 45 54 65 73
1 24 28 31 40 41 46 55 66 74
0 2 25 29 32 41 42 47 56 67
1 3 26 30 33 42 43 48 57 68
2 4 27 31 34 43 44 49 58 69
3 5 28 32 35 44 45 50 59 70
4 6 29 33 36 45 46 51 60 71
5 7 30 34 37 46 47 52 61 72
6 8 31 35 38 47 48 53 62 73
7 9 32 36 39 48 49 54 63 74
0 8 10 33 37 40 49 50 55 64
1 9 11 34 38 41 50 51 56 65
2 10 12 35 39 42 51 52 57 66
3 11 13 36 40 43 52 53 58 67
4 12 14 37 41 44 53 54 59 68
5 13 15 38 42 45 54 55 60 69
6 14 16 39 43 46 55 56 61 70
7 15 17 40 44 47 56 57 62 71
8 16 18 41 45 48 57 58 63 72
9 17 19 42 46 49 58 59 64 73
10 18 20 43 47 50 59 60 65 74
0 11 19 21 44 48 51 60 61 66
1 12 20 22 45 49 52 61 62 67
2 13 21 23 46 50 53 62 63 68
3 14 22 24 47 51 54 63 64 69
4 15 23 25 48 52 55 64 65 70
5 16 24 26 49 53 56 65 66 71
6 17 25 27 50 54 57 66 67 72
7 18 26 28 51 55 58 67 68 73
8 19 27 29 52 56 59 68 69 74
