0 5 9 15 19 51 53 64 72
0 3 8 12 18 22 54 56 67
3 6 11 15 21 25 57 59 70
6 9 14 18 24 28 60 62 73
1 9 12 17 21 27 31 63 65
4 12 15 20 24 30 34 66 68
7 15 18 23 27 33 37 69 71
10 18 21 26 30 36 40 72 74
0 2 13 21 24 29 33 39 43
3 5 16 24 27 32 36 42 46
6 8 19 27 30 35 39 45 49
9 11 22 30 33 38 42 48 52
12 14 25 33 36 41 45 51 55
15 17 28 36 39 44 48 54 58
18 20 31 39 42 47 51 57 61
21 23 34 42 45 50 54 60 64
24 26 37 45 48 53 57 63 67
27 29 40 48 51 56 60 66 70
30 32 43 51 54 59 63 69 73
1 33 35 46 54 57 62 66 72
0 4 36 38 49 57 60 65 69
3 7 39 41 52 60 63 68 72
0 6 10 42 44 55 63 66 71
3 9 13 45 47 58 66 69 74
2 6 12 16 48 50 61 69 72
10 11 12 28 32 35 47 53 58
13 14 15 31 35 38 50 56 61
16 17 18 34 38 41 53 59 64
19 20 21 37 41 44 56 62 67
22 23 24 40 44 47 59 65 70
25 26 27 43 47 50 62 68 73
1 28 29 30 46 50 53 65 71
4 31 32 33 49 53 56 68 74
2 7 34 35 36 52 56 59 71
5 10 37 38 39 55 59 62 74
2 8 13 40 41 42 58 62 65
5 11 16 43 44 45 61 65 68
8 14 19 46 47 48 64 68 71
11 17 22 49 50 51 67 71 74
2 14 20 25 52 53 54 70 74
2 5 17 23 28 55 56 57 73
1 5 8 20 26 31 58 59 60
4 8 11 23 29 34 61 62 63
7 11 14 26 32 37 64 65 66
10 14 17 29 35 40 67 68 69
13 17 20 32 38 43 70 71 72
0 16 20 23 35 41 46 73 74
1 2 3 19 23 26 38 44 49
4 5 6 22 26 29 41 47 52
7 8 9 25 29 32 44 50 55
2 11 16 19 31 36 66 67 73
1 5 14 19 22 34 39 69 70
4 8 17 22 25 37 42 72 73
0 1 7 11 20 25 28 40 45
3 4 10 14 23 28 31 43 48
6 7 13 17 26 31 34 46 51
9 10 16 20 29 34 37 49 54
12 13 19 23 32 37 40 52 57
15 16 22 26 35 40 43 55 60
18 19 25 29 38 43 46 58 63
21 22 28 32 41 46 49 61 66
24 25 31 35 44 49 52 64 69
27 28 34 38 47 52 55 67 72
0 30 31 37 41 50 55 58 70
3 33 34 40 44 53 58 61 73
1 6 36 37 43 47 56 61 64
4 9 39 40 46 50 59 64 67
7 12 42 43 49 53 62 67 70
10 15 45 46 52 56 65 70 73
1 13 18 48 49 55 59 68 73
1 4 16 21 51 52 58 62 71
4 7 19 24 54 55 61 65 74
2 7 10 22 27 57 58 64 68
5 10 13 25 30 60 61 67 71
8 13 16 28 33 63 64 70 74
3 17 20 30 48 55 62 64 69
6 20 23 33 51 58 65 67 72
0 9 23 26 36 54 61 68 70
3 12 26 29 39 57 64 71 73
1 6 15 29 32 42 60 67 74
2 4 9 18 32 35 45 63 70
5 7 12 21 35 38 48 66 73
1 8 10 15 24 38 41 51 69
4 11 13 18 27 41 44 54 72
0 7 14 16 21 30 44 47 57
3 10 17 19 24 33 47 50 60
6 13 20 22 27 36 50 53 63
9 16 23 25 30 39 53 56 66
12 19 26 28 33 42 56 59 69
15 22 29 31 36 45 59 62 72
0 18 25 32 34 39 48 62 65
3 21 28 35 37 42 51 65 68
6 24 31 38 40 45 54 68 71
9 27 34 41 43 48 57 71 74
2 12 30 37 44 46 51 60 74
2 5 15 33 40 47 49 54 63
5 8 18 36 43 50 52 57 66
8 11 21 39 46 53 55 60 69
11 14 24 42 49 56 58 63 72
0 14 17 27 45 52 59 61 66
