10 23 42 57 62
11 24 43 58 63
12 25 44 59 64
13 26 45 60 65
14 27 46 61 66
15 28 47 62 67
16 29 48 63 68
17 30 49 64 69
18 31 50 65 70
19 32 51 66 71
20 33 52 67 72
21 34 53 68 73
22 35 54 69 74
0 23 36 55 70
1 24 37 56 71
2 25 38 57 72
3 26 39 58 73
4 27 40 59 74
0 5 28 41 60
1 6 29 42 61
2 7 30 43 62
3 8 31 44 63
4 9 32 45 64
5 10 33 46 65
6 11 34 47 66
7 12 35 48 67
8 13 36 49 68
9 14 37 50 69
10 15 38 51 70
11 16 39 52 71
12 17 40 53 72
13 18 41 54 73
14 19 42 55 74
0 15 20 43 56
1 16 21 44 57
2 17 22 45 58
3 18 23 46 59
4 19 24 47 60
5 20 25 48 61
6 21 26 49 62
7 22 27 50 63
8 23 28 51 64
9 24 29 52 65
10 25 30 53 66
11 26 31 54 67
12 27 32 55 68
13 28 33 56 69
14 29 34 57 70
15 30 35 58 71
16 31 36 59 72
17 32 37 60 73
18 33 38 61 74
0 19 34 39 62
1 20 35 40 63
2 21 36 41 64
3 22 37 42 65
4 23 38 43 66
5 24 39 44 67
6 25 40 45 68
7 26 41 46 69
8 27 42 47 70
9 28 43 48 71
10 29 44 49 72
11 30 45 50 73
12 31 46 51 74
0 13 32 47 52
1 14 33 48 53
2 15 34 49 54
3 16 35 50 55
4 17 36 51 56
5 18 37 52 57
6 19 38 53 58
7 20 39 54 59
8 21 40 55 60
9 22 41 56 61
25 32 43 67 70
26 33 44 68 71
27 34 45 69 72
28 35 46 70 73
29 36 47 71 74
0 30 37 48 72
1 31 38 49 73
2 32 39 50 74
0 3 33 40 51
1 4 34 41 52
2 5 35 42 53
3 6 36 43 54
4 7 37 44 55
5 8 38 45 56
6 9 39 46 57
7 10 40 47 58
8 11 41 48 59
9 12 42 49 60
10 13 43 50 61
11 14 44 51 62
12 15 45 52 63
13 16 46 53 64
14 17 47 54 65
15 18 48 55 66
16 19 49 56 67
17 20 50 57 68
18 21 51 58 69
19 22 52 59 70
20 23 53 60 71
21 24 54 61 72
22 25 55 62 73
23 26 56 63 74
0 24 27 57 64
1 25 28 58 65
2 26 29 59 66
3 27 30 60 67
4 28 31 61 68
5 29 32 62 69
6 30 33 63 70
7 31 34 64 71
8 32 35 65 72
9 33 36 66 73
10 34 37 67 74
0 11 35 38 68
1 12 36 39 69
2 13 37 40 70
3 14 38 41 71
4 15 39 42 72
5 16 40 43 73
6 17 41 44 74
0 7 18 42 45
1 8 19 43 46
2 9 20 44 47
3 10 21 45 48
4 11 22 46 49
5 12 23 47 50
6 13 24 48 51
7 14 25 49 52
8 15 26 50 53
9 16 27 51 54
10 17 28 52 55
11 18 29 53 56
12 19 30 54 57
13 20 31 55 58
14 21 32 56 59
15 22 33 57 60
16 23 34 58 61
17 24 35 59 62
18 25 36 60 63
19 26 37 61 64
20 27 38 62 65
21 28 39 63 66
22 29 40 64 67
23 30 41 65 68
24 31 42 66 69
1 3 9 47 64
2 4 10 48 65
3 5 11 49 66
4 6 12 50 67
5 7 13 51 68
6 8 14 52 69
7 9 15 53 70
8 10 16 54 71
9 11 17 55 72
10 12 18 56 73
11 13 19 57 74
0 12 14 20 58
1 13 15 21 59
2 14 16 22 60
3 15 17 23 61
4 16 18 24 62
5 17 19 25 63
6 18 20 26 64
7 19 21 27 65
8 20 22 28 66
9 21 23 29 67
10 22 24 30 68
11 23 25 31 69
12 24 26 32 70
13 25 27 33 71
14 26 28 34 72
15 27 29 35 73
16 28 30 36 74
0 17 29 31 37
1 18 30 32 38
2 19 31 33 39
3 20 32 34 40
4 21 33 35 41
5 22 34 36 42
6 23 35 37 43
7 24 36 38 44
8 25 37 39 45
9 26 38 40 46
10 27 39 41 47
11 28 40 42 48
12 29 41 43 49
13 30 42 44 50
14 31 43 45 51
15 32 44 46 52
16 33 45 47 53
17 34 46 48 54
18 35 47 49 55
19 36 48 50 56
20 37 49 51 57
21 38 50 52 58
22 39 51 53 59
23 40 52 54 60
24 41 53 55 61
25 42 54 56 62
26 43 55 57 63
27 44 56 58 64
28 45 57 59 65
29 46 58 60 66
30 47 59 61 67
31 48 60 62 68
32 49 61 63 69
33 50 62 64 70
34 51 63 65 71
35 52 64 66 72
36 53 65 67 73
37 54 66 68 74
0 38 55 67 69
1 39 56 68 70
2 40 57 69 71
3 41 58 70 72
4 42 59 71 73
5 43 60 72 74
0 6 44 61 73
1 7 45 62 74
0 2 8 46 63
20 24 36 45 46
21 25 37 46 47
22 26 38 47 48
23 27 39 48 49
24 28 40 49 50
25 29 41 50 51
26 30 42 51 52
27 31 43 52 53
28 32 44 53 54
29 33 45 54 55
30 34 46 55 56
31 35 47 56 57
32 36 48 57 58
33 37 49 58 59
34 38 50 59 60
35 39 51 60 61
36 40 52 61 62
37 41 53 62 63
38 42 54 63 64
39 43 55 64 65
40 44 56 65 66
41 45 57 66 67
42 46 58 67 68
43 47 59 68 69
44 48 60 69 70
45 49 61 70 71
46 50 62 71 72
47 51 63 72 73
48 52 64 73 74
0 49 53 65 74
0 1 50 54 66
1 2 51 55 67
2 3 52 56 68
3 4 53 57 69
4 5 54 58 70
5 6 55 59 71
6 7 56 60 72
7 8 57 61 73
8 9 58 62 74
0 9 10 59 63
1 10 11 60 64
2 11 12 61 65
3 12 13 62 66
4 13 14 63 67
5 14 15 64 68
6 15 16 65 69
7 16 17 66 70
8 17 18 67 71
9 18 19 68 72
10 19 20 69 73
11 20 21 70 74
0 12 21 22 71
1 13 22 23 72
2 14 23 24 73
3 15 24 25 74
0 4 16 25 26
1 5 17 26 27
2 6 18 27 28
3 7 19 28 29
4 8 20 29 30
5 9 21 30 31
6 10 22 31 32
7 11 23 32 33
8 12 24 33 34
9 13 25 34 35
10 14 26 35 36
11 15 27 36 37
12 16 28 37 38
13 17 29 38 39
14 18 30 39 40
15 19 31 40 41
16 20 32 41 42
17 21 33 42 43
18 22 34 43 44
19 23 35 44 45
