5 7 23 24 32 58 68
6 8 24 25 33 59 69
7 9 25 26 34 60 70
8 10 26 27 35 61 71
9 11 27 28 36 62 72
10 12 28 29 37 63 73
11 13 29 30 38 64 74
0 12 14 30 31 39 65
1 13 15 31 32 40 66
2 14 16 32 33 41 67
3 15 17 33 34 42 68
4 16 18 34 35 43 69
5 17 19 35 36 44 70
6 18 20 36 37 45 71
7 19 21 37 38 46 72
8 20 22 38 39 47 73
9 21 23 39 40 48 74
0 10 22 24 40 41 49
1 11 23 25 41 42 50
2 12 24 26 42 43 51
3 13 25 27 43 44 52
4 14 26 28 44 45 53
5 15 27 29 45 46 54
6 16 28 30 46 47 55
7 17 29 31 47 48 56
8 18 30 32 48 49 57
9 19 31 33 49 50 58
10 20 32 34 50 51 59
11 21 33 35 51 52 60
12 22 34 36 52 53 61
13 23 35 37 53 54 62
14 24 36 38 54 55 63
15 25 37 39 55 56 64
16 26 38 40 56 57 65
17 27 39 41 57 58 66
18 28 40 42 58 59 67
19 29 41 43 59 60 68
20 30 42 44 60 61 69
21 31 43 45 61 62 70
22 32 44 46 62 63 71
23 33 45 47 63 64 72
24 34 46 48 64 65 73
25 35 47 49 65 66 74
0 26 36 48 50 66 67
1 27 37 49 51 67 68
2 28 38 50 52 68 69
3 29 39 51 53 69 70
4 30 40 52 54 70 71
5 31 41 53 55 71 72
6 32 42 54 56 72 73
7 33 43 55 57 73 74
0 8 34 44 56 58 74
0 1 9 35 45 57 59
1 2 10 36 46 58 60
2 3 11 37 47 59 61
3 4 12 38 48 60 62
4 5 13 39 49 61 63
5 6 14 40 50 62 64
6 7 15 41 51 63 65
7 8 16 42 52 64 66
8 9 17 43 53 65 67
9 10 18 44 54 66 68
10 11 19 45 55 67 69
11 12 20 46 56 68 70
12 13 21 47 57 69 71
13 14 22 48 58 70 72
14 15 23 49 59 71 73
15 16 24 50 60 72 74
0 16 17 25 51 61 73
1 17 18 26 52 62 74
0 2 18 19 27 53 63
1 3 19 20 28 54 64
2 4 20 21 29 55 65
3 5 21 22 30 56 66
4 6 22 23 31 57 67
2 7 22 28 35 39 74
0 3 8 23 29 36 40
1 4 9 24 30 37 41
2 5 10 25 31 38 42
3 6 11 26 32 39 43
4 7 12 27 33 40 44
5 8 13 28 34 41 45
6 9 14 29 35 42 46
7 10 15 30 36 43 47
8 11 16 31 37 44 48
9 12 17 32 38 45 49
10 13 18 33 39 46 50
11 14 19 34 40 47 51
12 15 20 35 41 48 52
13 16 21 36 42 49 53
14 17 22 37 43 50 54
15 18 23 38 44 51 55
16 19 24 39 45 52 56
17 20 25 40 46 53 57
18 21 26 41 47 54 58
19 22 27 42 48 55 59
20 23 28 43 49 56 60
21 24 29 44 50 57 61
22 25 30 45 51 58 62
23 26 31 46 52 59 63
24 27 32 47 53 60 64
25 28 33 48 54 61 65
26 29 34 49 55 62 66
27 30 35 50 56 63 67
28 31 36 51 57 64 68
29 32 37 52 58 65 69
30 33 38 53 59 66 70
31 34 39 54 60 67 71
32 35 40 55 61 68 72
33 36 41 56 62 69 73
34 37 42 57 63 70 74
0 35 38 43 58 64 71
1 36 39 44 59 65 72
2 37 40 45 60 66 73
3 38 41 46 61 67 74
0 4 39 42 47 62 68
1 5 40 43 48 63 69
2 6 41 44 49 64 70
3 7 42 45 50 65 71
4 8 43 46 51 66 72
5 9 44 47 52 67 73
6 10 45 48 53 68 74
0 7 11 46 49 54 69
1 8 12 47 50 55 70
2 9 13 48 51 56 71
3 10 14 49 52 57 72
4 11 15 50 53 58 73
5 12 16 51 54 59 74
0 6 13 17 52 55 60
1 7 14 18 53 56 61
2 8 15 19 54 57 62
3 9 16 20 55 58 63
4 10 17 21 56 59 64
5 11 18 22 57 60 65
6 12 19 23 58 61 66
7 13 20 24 59 62 67
8 14 21 25 60 63 68
9 15 22 26 61 64 69
10 16 23 27 62 65 70
11 17 24 28 63 66 71
12 18 25 29 64 67 72
13 19 26 30 65 68 73
14 20 27 31 66 69 74
0 15 21 28 32 67 70
1 16 22 29 33 68 71
2 17 23 30 34 69 72
3 18 24 31 35 70 73
4 19 25 32 36 71 74
0 5 20 26 33 37 72
1 6 21 27 34 38 73
