0 2 9 10 17 59 61 67
0 1 2 11 14 26 34 74
3 5 18 24 35 57 58 71
4 6 9 13 21 36 54 64
2 7 11 12 42 53 57 71
13 15 20 32 34 43 62 72
1 15 16 23 28 45 49 71
3 14 22 27 30 39 53 67
10 24 25 26 33 39 41 56
1 10 21 27 37 57 64 69
31 40 43 48 56 59 60 67
8 38 41 46 50 67 69 73
33 37 49 55 58 61 65 74
23 27 35 44 50 56 66 70
2 25 37 46 48 49 51 68
14 16 18 33 34 42 52 64
4 5 10 12 23 39 48 73
6 7 28 47 62 63 64 67
8 17 30 35 56 60 68 72
15 18 19 24 44 47 49 73
10 20 22 43 47 51 70 71
19 38 45 57 63 65 66 72
0 20 22 40 41 54 55 57
4 7 20 30 31 50 68 74
1 3 12 13 17 40 51 66
5 29 31 33 51 54 66 67
6 14 17 32 36 48 68 69
8 22 23 31 32 42 61 64
7 22 25 26 44 47 69 72
10 18 28 32 40 44 46 74
20 26 29 35 37 42 45 67
12 16 21 26 55 67 68 72
5 6 41 42 44 65 68 74
15 26 36 46 53 57 59 70
4 29 38 40 44 49 53 61
0 23 28 29 43 52 58 73
0 3 4 21 51 56 65 73
2 5 8 13 28 30 65 70
1 6 24 31 38 52 53 55
9 11 35 39 47 52 54 65
4 24 27 34 48 55 66 71
3 5 19 37 50 52 59 63
7 10 14 15 37 38 54 60
16 35 51 53 59 62 69 74
1 22 36 42 63 66 73 74
9 12 25 38 43 63 64 74
5 6 15 25 40 42 50 61
3 8 11 21 23 25 53 60
10 11 16 27 36 38 50 58
8 9 12 18 20 49 56 58
7 33 34 36 40 45 70 73
1 7 17 22 23 24 46 65
11 29 30 46 55 56 62 64
1 2 30 35 36 41 43 47
20 34 39 44 59 64 68 71
17 18 26 43 50 53 54 65
21 30 41 48 52 57 61 70
0 5 24 32 37 39 53 72
13 14 26 31 41 49 66 71
2 3 6 20 33 50 52 72
19 28 39 42 51 55 60 69
1 4 25 32 58 60 67 70
9 16 24 30 40 51 63 67
2 6 18 22 29 45 59 60
0 3 29 32 36 38 47 68
0 13 33 46 50 57 60 64
12 20 25 27 45 46 52 54
18 23 35 36 51 54 61 72
0 5 36 52 56 67 69 71
10 15 23 41 53 64 66 68
9 15 29 48 50 65 71 72
4 11 22 28 41 49 59 72
2 16 22 34 38 54 56 57
0 1 18 38 39 55 62 70
23 30 34 38 42 49 59 62
6 8 16 37 39 43 46 66
2 7 15 31 39 58 63 69
1 8 44 48 54 58 59 72
9 14 27 28 29 57 68 73
16 17 19 25 29 70 71 74
0 7 19 27 35 42 48 49
5 11 17 20 21 28 33 38
4 7 8 9 18 26 51 52
11 13 24 43 45 61 68 69
18 20 25 28 30 65 66 69
6 10 25 34 49 57 65 67
26 30 32 54 61 63 71 73
11 19 31 32 51 64 65 73
3 9 10 31 42 45 46 72
12 22 24 28 31 48 50 62
0 16 25 30 31 44 45 52
6 12 33 35 38 46 60 71
4 15 39 45 47 56 57 74
11 13 18 23 37 48 67 74
1 7 13 21 29 39 49 50
10 17 20 36 49 52 55 63
14 21 47 50 55 60 72 74
22 37 40 52 58 60 68 71
3 9 28 34 47 60 61 66
3 24 49 54 64 69 70 74
3 7 8 32 43 55 57 59
13 14 25 31 35 55 59 73
1 9 19 33 53 54 62 68
5 8 10 12 29 34 47 69
4 17 23 31 37 47 57 62
0 6 11 12 59 61 66 70
14 20 23 24 29 41 60 63
2 10 21 32 35 52 62 66
6 19 23 26 27 30 40 58
2 17 27 39 40 64 72 73
4 10 13 19 22 30 33 58
12 19 28 34 36 37 41 53
15 19 21 22 35 43 44 67
13 28 42 44 53 54 56 63
3 7 16 18 27 41 61 62
8 13 15 27 38 51 52 74
6 7 9 37 41 56 70 73
13 16 20 40 47 48 53 73
17 21 24 42 46 47 58 59
6 11 14 44 51 57 58 62
12 27 32 33 47 56 59 65
17 32 34 41 45 50 51 58
5 26 27 43 49 60 62 73
3 26 28 35 38 45 48 64
5 7 45 53 55 58 64 66
2 9 23 33 43 44 55 69
1 5 14 19 20 46 56 61
18 21 27 31 34 63 68 70
16 31 36 39 44 60 61 65
2 4 8 19 24 25 36 62
3 12 15 17 30 37 44 55
4 12 14 16 42 43 70 72
5 9 16 21 22 32 46 49
8 14 21 40 45 62 65 71
4 11 34 35 40 46 63 69
0 8 11 15 17 33 48 63
