0 11 15 21 24 33 38 40 41 72
1 12 16 22 25 34 39 41 42 73
2 13 17 23 26 35 40 42 43 74
3 14 18 24 27 36 41 43 44 75
0 4 15 19 25 28 37 42 44 45
1 5 16 20 26 29 38 43 45 46
2 6 17 21 27 30 39 44 46 47
3 7 18 22 28 31 40 45 47 48
4 8 19 23 29 32 41 46 48 49
5 9 20 24 30 33 42 47 49 50
6 10 21 25 31 34 43 48 50 51
7 11 22 26 32 35 44 49 51 52
8 12 23 27 33 36 45 50 52 53
9 13 24 28 34 37 46 51 53 54
10 14 25 29 35 38 47 52 54 55
11 15 26 30 36 39 48 53 55 56
12 16 27 31 37 40 49 54 56 57
13 17 28 32 38 41 50 55 57 58
14 18 29 33 39 42 51 56 58 59
15 19 30 34 40 43 52 57 59 60
16 20 31 35 41 44 53 58 60 61
17 21 32 36 42 45 54 59 61 62
18 22 33 37 43 46 55 60 62 63
19 23 34 38 44 47 56 61 63 64
20 24 35 39 45 48 57 62 64 65
21 25 36 40 46 49 58 63 65 66
22 26 37 41 47 50 59 64 66 67
23 27 38 42 48 51 60 65 67 68
24 28 39 43 49 52 61 66 68 69
25 29 40 44 50 53 62 67 69 70
26 30 41 45 51 54 63 68 70 71
27 31 42 46 52 55 64 69 71 72
28 32 43 47 53 56 65 70 72 73
29 33 44 48 54 57 66 71 73 74
30 34 45 49 55 58 67 72 74 75
0 31 35 46 50 56 59 68 73 75
0 1 32 36 47 51 57 60 69 74
1 2 33 37 48 52 58 61 70 75
0 2 3 34 38 49 53 59 62 71
1 3 4 35 39 50 54 60 63 72
2 4 5 36 40 51 55 61 64 73
3 5 6 37 41 52 56 62 65 74
4 6 7 38 42 53 57 63 66 75
0 5 7 8 39 43 54 58 64 67
1 6 8 9 40 44 55 59 65 68
2 7 9 10 41 45 56 60 66 69
3 8 10 11 42 46 57 61 67 70
4 9 11 12 43 47 58 62 68 71
5 10 12 13 44 48 59 63 69 72
6 11 13 14 45 49 60 64 70 73
7 12 14 15 46 50 61 65 71 74
8 13 15 16 47 51 62 66 72 75
0 9 14 16 17 48 52 63 67 73
1 10 15 17 18 49 53 64 68 74
2 11 16 18 19 50 54 65 69 75
0 3 12 17 19 20 51 55 66 70
1 4 13 18 20 21 52 56 67 71
2 5 14 19 21 22 53 57 68 72
3 6 15 20 22 23 54 58 69 73
4 7 16 21 23 24 55 59 70 74
5 8 17 22 24 25 56 60 71 75
0 6 9 18 23 25 26 57 61 72
1 7 10 19 24 26 27 58 62 73
2 8 11 20 25 27 28 59 63 74
3 9 12 21 26 28 29 60 64 75
0 4 10 13 22 27 29 30 61 65
1 5 11 14 23 28 30 31 62 66
2 6 12 15 24 29 31 32 63 67
3 7 13 16 25 30 32 33 64 68
4 8 14 17 26 31 33 34 65 69
5 9 15 18 27 32 34 35 66 70
6 10 16 19 28 33 35 36 67 71
7 11 17 20 29 34 36 37 68 72
8 12 18 21 30 35 37 38 69 73
9 13 19 22 31 36 38 39 70 74
10 14 20 23 32 37 39 40 71 75
