7 15 16 41 55 71
9 17 18 43 57 73
11 19 20 45 59 75
1 13 21 22 47 61
3 15 23 24 49 63
5 17 25 26 51 65
7 19 27 28 53 67
9 21 29 30 55 69
11 23 31 32 57 71
13 25 33 34 59 73
15 27 35 36 61 75
1 17 29 37 38 63
3 19 31 39 40 65
5 21 33 41 42 67
7 23 35 43 44 69
9 25 37 45 46 71
11 27 39 47 48 73
13 29 41 49 50 75
1 15 31 43 51 52
3 17 33 45 53 54
5 19 35 47 55 56
7 21 37 49 57 58
9 23 39 51 59 60
11 25 41 53 61 62
13 27 43 55 63 64
15 29 45 57 65 66
17 31 47 59 67 68
19 33 49 61 69 70
21 35 51 63 71 72
23 37 53 65 73 74
0 25 39 55 67 75
1 2 27 41 57 69
3 4 29 43 59 71
5 6 31 45 61 73
7 8 33 47 63 75
1 9 10 35 49 65
3 11 12 37 51 67
5 13 14 39 53 69
22 29 46 51 59 62
24 31 48 53 61 64
26 33 50 55 63 66
28 35 52 57 65 68
30 37 54 59 67 70
32 39 56 61 69 72
34 41 58 63 71 74
0 36 43 60 65 73
2 38 45 62 67 75
1 4 40 47 64 69
3 6 42 49 66 71
5 8 44 51 68 73
7 10 46 53 70 75
1 9 12 48 55 72
3 11 14 50 57 74
0 5 13 16 52 59
2 7 15 18 54 61
4 9 17 20 56 63
6 11 19 22 58 65
8 13 21 24 60 67
10 15 23 26 62 69
12 17 25 28 64 71
14 19 27 30 66 73
16 21 29 32 68 75
1 18 23 31 34 70
3 20 25 33 36 72
5 22 27 35 38 74
0 7 24 29 37 40
2 9 26 31 39 42
4 11 28 33 41 44
6 13 30 35 43 46
8 15 32 37 45 48
10 17 34 39 47 50
12 19 36 41 49 52
14 21 38 43 51 54
16 23 40 45 53 56
18 25 42 47 55 58
20 27 44 49 57 60
0 30 48 68 70 71
2 32 50 70 72 73
4 34 52 72 74 75
0 1 6 36 54 74
0 2 3 8 38 56
2 4 5 10 40 58
4 6 7 12 42 60
6 8 9 14 44 62
8 10 11 16 46 64
10 12 13 18 48 66
12 14 15 20 50 68
14 16 17 22 52 70
16 18 19 24 54 72
18 20 21 26 56 74
0 20 22 23 28 58
2 22 24 25 30 60
4 24 26 27 32 62
6 26 28 29 34 64
8 28 30 31 36 66
10 30 32 33 38 68
12 32 34 35 40 70
14 34 36 37 42 72
16 36 38 39 44 74
0 18 38 40 41 46
2 20 40 42 43 48
4 22 42 44 45 50
6 24 44 46 47 52
8 26 46 48 49 54
10 28 48 50 51 56
12 30 50 52 53 58
14 32 52 54 55 60
16 34 54 56 57 62
18 36 56 58 59 64
20 38 58 60 61 66
22 40 60 62 63 68
24 42 62 64 65 70
26 44 64 66 67 72
28 46 66 68 69 74
22 37 43 56 66 75
1 24 39 45 58 68
3 26 41 47 60 70
5 28 43 49 62 72
7 30 45 51 64 74
0 9 32 47 53 66
2 11 34 49 55 68
4 13 36 51 57 70
6 15 38 53 59 72
8 17 40 55 61 74
0 10 19 42 57 63
2 12 21 44 59 65
4 14 23 46 61 67
6 16 25 48 63 69
8 18 27 50 65 71
10 20 29 52 67 73
12 22 31 54 69 75
1 14 24 33 56 71
3 16 26 35 58 73
5 18 28 37 60 75
1 7 20 30 39 62
3 9 22 32 41 64
5 11 24 34 43 66
7 13 26 36 45 68
9 15 28 38 47 70
11 17 30 40 49 72
13 19 32 42 51 74
0 15 21 34 44 53
2 17 23 36 46 55
4 19 25 38 48 57
6 21 27 40 50 59
8 23 29 42 52 61
10 25 31 44 54 63
12 27 33 46 56 65
14 29 35 48 58 67
16 31 37 50 60 69
18 33 39 52 62 71
20 35 41 54 64 73
4 11 15 21 46 73
6 13 17 23 48 75
1 8 15 19 25 50
3 10 17 21 27 52
5 12 19 23 29 54
7 14 21 25 31 56
9 16 23 27 33 58
11 18 25 29 35 60
13 20 27 31 37 62
15 22 29 33 39 64
17 24 31 35 41 66
19 26 33 37 43 68
21 28 35 39 45 70
23 30 37 41 47 72
25 32 39 43 49 74
0 27 34 41 45 51
2 29 36 43 47 53
4 31 38 45 49 55
6 33 40 47 51 57
8 35 42 49 53 59
10 37 44 51 55 61
12 39 46 53 57 63
14 41 48 55 59 65
16 43 50 57 61 67
18 45 52 59 63 69
20 47 54 61 65 71
22 49 56 63 67 73
24 51 58 65 69 75
1 26 53 60 67 71
3 28 55 62 69 73
5 30 57 64 71 75
1 7 32 59 66 73
3 9 34 61 68 75
1 5 11 36 63 70
3 7 13 38 65 72
5 9 15 40 67 74
0 7 11 17 42 69
2 9 13 19 44 71
12 24 28 59 61 74
0 14 26 30 61 63
2 16 28 32 63 65
4 18 30 34 65 67
6 20 32 36 67 69
8 22 34 38 69 71
10 24 36 40 71 73
12 26 38 42 73 75
1 14 28 40 44 75
1 3 16 30 42 46
3 5 18 32 44 48
5 7 20 34 46 50
7 9 22 36 48 52
9 11 24 38 50 54
11 13 26 40 52 56
13 15 28 42 54 58
15 17 30 44 56 60
17 19 32 46 58 62
19 21 34 48 60 64
21 23 36 50 62 66
23 25 38 52 64 68
25 27 40 54 66 70
27 29 42 56 68 72
29 31 44 58 70 74
0 31 33 46 60 72
2 33 35 48 62 74
0 4 35 37 50 64
2 6 37 39 52 66
4 8 39 41 54 68
6 10 41 43 56 70
8 12 43 45 58 72
10 14 45 47 60 74
0 12 16 47 49 62
2 14 18 49 51 64
4 16 20 51 53 66
6 18 22 53 55 68
8 20 24 55 57 70
10 22 26 57 59 72
