5 9 24 32 69 72 74
6 10 25 33 70 73 75
0 7 11 26 34 71 74
1 8 12 27 35 72 75
0 2 9 13 28 36 73
1 3 10 14 29 37 74
2 4 11 15 30 38 75
0 3 5 12 16 31 39
1 4 6 13 17 32 40
2 5 7 14 18 33 41
3 6 8 15 19 34 42
4 7 9 16 20 35 43
5 8 10 17 21 36 44
6 9 11 18 22 37 45
7 10 12 19 23 38 46
8 11 13 20 24 39 47
9 12 14 21 25 40 48
10 13 15 22 26 41 49
11 14 16 23 27 42 50
12 15 17 24 28 43 51
13 16 18 25 29 44 52
14 17 19 26 30 45 53
15 18 20 27 31 46 54
16 19 21 28 32 47 55
17 20 22 29 33 48 56
18 21 23 30 34 49 57
19 22 24 31 35 50 58
20 23 25 32 36 51 59
21 24 26 33 37 52 60
22 25 27 34 38 53 61
23 26 28 35 39 54 62
24 27 29 36 40 55 63
25 28 30 37 41 56 64
26 29 31 38 42 57 65
27 30 32 39 43 58 66
28 31 33 40 44 59 67
29 32 34 41 45 60 68
30 33 35 42 46 61 69
31 34 36 43 47 62 70
32 35 37 44 48 63 71
33 36 38 45 49 64 72
34 37 39 46 50 65 73
35 38 40 47 51 66 74
36 39 41 48 52 67 75
0 37 40 42 49 53 68
1 38 41 43 50 54 69
2 39 42 44 51 55 70
3 40 43 45 52 56 71
4 41 44 46 53 57 72
5 42 45 47 54 58 73
6 43 46 48 55 59 74
7 44 47 49 56 60 75
0 8 45 48 50 57 61
1 9 46 49 51 58 62
2 10 47 50 52 59 63
3 11 48 51 53 60 64
4 12 49 52 54 61 65
5 13 50 53 55 62 66
6 14 51 54 56 63 67
7 15 52 55 57 64 68
8 16 53 56 58 65 69
9 17 54 57 59 66 70
10 18 55 58 60 67 71
11 19 56 59 61 68 72
12 20 57 60 62 69 73
13 21 58 61 63 70 74
14 22 59 62 64 71 75
0 15 23 60 63 65 72
1 16 24 61 64 66 73
2 17 25 62 65 67 74
3 18 26 63 66 68 75
0 4 19 27 64 67 69
1 5 20 28 65 68 70
2 6 21 29 66 69 71
3 7 22 30 67 70 72
4 8 23 31 68 71 73
2 12 20 26 37 58 59
3 13 21 27 38 59 60
4 14 22 28 39 60 61
5 15 23 29 40 61 62
6 16 24 30 41 62 63
7 17 25 31 42 63 64
8 18 26 32 43 64 65
9 19 27 33 44 65 66
10 20 28 34 45 66 67
11 21 29 35 46 67 68
12 22 30 36 47 68 69
13 23 31 37 48 69 70
14 24 32 38 49 70 71
15 25 33 39 50 71 72
16 26 34 40 51 72 73
17 27 35 41 52 73 74
18 28 36 42 53 74 75
0 19 29 37 43 54 75
0 1 20 30 38 44 55
1 2 21 31 39 45 56
2 3 22 32 40 46 57
3 4 23 33 41 47 58
4 5 24 34 42 48 59
5 6 25 35 43 49 60
6 7 26 36 44 50 61
7 8 27 37 45 51 62
8 9 28 38 46 52 63
9 10 29 39 47 53 64
10 11 30 40 48 54 65
11 12 31 41 49 55 66
12 13 32 42 50 56 67
13 14 33 43 51 57 68
14 15 34 44 52 58 69
15 16 35 45 53 59 70
16 17 36 46 54 60 71
17 18 37 47 55 61 72
18 19 38 48 56 62 73
19 20 39 49 57 63 74
20 21 40 50 58 64 75
0 21 22 41 51 59 65
1 22 23 42 52 60 66
2 23 24 43 53 61 67
3 24 25 44 54 62 68
4 25 26 45 55 63 69
5 26 27 46 56 64 70
6 27 28 47 57 65 71
7 28 29 48 58 66 72
8 29 30 49 59 67 73
9 30 31 50 60 68 74
10 31 32 51 61 69 75
0 11 32 33 52 62 70
1 12 33 34 53 63 71
2 13 34 35 54 64 72
3 14 35 36 55 65 73
4 15 36 37 56 66 74
5 16 37 38 57 67 75
0 6 17 38 39 58 68
1 7 18 39 40 59 69
2 8 19 40 41 60 70
3 9 20 41 42 61 71
4 10 21 42 43 62 72
5 11 22 43 44 63 73
6 12 23 44 45 64 74
7 13 24 45 46 65 75
0 8 14 25 46 47 66
1 9 15 26 47 48 67
2 10 16 27 48 49 68
3 11 17 28 49 50 69
4 12 18 29 50 51 70
5 13 19 30 51 52 71
6 14 20 31 52 53 72
7 15 21 32 53 54 73
8 16 22 33 54 55 74
9 17 23 34 55 56 75
0 10 18 24 35 56 57
1 11 19 25 36 57 58
