6 14 17 22 41 43 48 72 73
1 2 10 20 51 54 64 66 68
3 16 18 19 20 29 48 51 58
2 4 26 30 31 35 40 60 73
1 5 12 53 57 59 65 71 72
7 8 26 29 44 47 62 68 71
9 32 36 38 39 46 57 68 74
9 11 18 28 53 55 63 69 71
13 19 26 37 38 42 51 54 59
0 3 6 9 12 15 23 27 40
6 21 29 33 34 35 39 54 67
13 14 18 34 36 40 44 64 75
10 28 32 40 46 52 56 59 61
0 7 19 20 30 45 49 52 69
17 21 24 25 27 46 51 69 73
4 33 43 47 51 52 53 57 70
5 16 25 26 49 55 57 64 67
8 17 46 54 55 56 60 65 75
12 15 20 35 37 41 46 50 71
23 35 37 58 59 61 62 64 70
2 11 27 32 50 55 68 70 72
4 5 8 15 21 28 36 42 66
12 16 25 38 43 62 63 66 75
0 10 24 31 39 47 55 58 63
0 1 3 7 14 28 37 60 67
11 14 23 25 30 37 39 56 66
3 8 11 13 20 57 61 63 73
4 7 11 15 16 17 34 59 68
5 10 22 33 44 45 46 63 66
2 8 18 23 24 38 41 49 57
1 15 19 21 47 48 56 63 70
6 14 17 20 26 32 36 53 66
4 9 25 29 45 48 54 61 64
6 13 16 31 41 45 56 68 69
7 18 22 40 42 57 66 67 70
2 14 31 33 38 48 52 57 71
5 7 13 27 35 36 43 56 58
0 27 30 44 54 57 61 69 74
1 4 13 17 23 33 39 40 50
20 25 28 34 40 47 72 74 75
21 37 38 40 45 58 71 72 75
15 31 36 49 50 51 61 67 72
6 18 42 50 52 60 62 64 72
2 9 22 29 37 43 55 56 74
10 11 19 36 41 53 62 67 75
0 18 21 30 33 35 59 68 75
3 5 17 27 38 39 52 68 75
8 12 19 22 27 28 29 31 64
1 29 32 42 45 49 53 73 75
1 4 20 22 27 38 47 65 67
7 9 21 23 26 41 52 58 65
20 23 36 44 48 55 59 60 69
19 24 34 43 60 61 66 68 71
8 9 16 30 35 42 44 51 72
2 3 7 16 21 22 39 53 61
5 15 18 20 30 32 43 54 62
1 4 6 16 18 36 37 46 47
15 25 33 34 52 55 58 66 73
0 13 23 26 29 43 46 67 72
6 14 40 42 49 58 63 65 68
3 35 45 47 48 49 59 66 74
6 7 28 30 38 50 51 55 66
3 4 12 24 26 33 56 69 72
12 18 39 44 52 56 64 67 73
10 15 17 23 26 28 43 45 57
0 4 32 41 51 56 63 64 71
0 9 22 34 49 50 56 57 62
0 8 10 27 34 37 42 48 53
5 11 24 31 40 46 48 60 70
5 10 14 16 23 47 50 54 73
10 12 13 21 32 45 47 55 60
2 5 6 9 17 19 33 47 61
6 8 34 39 43 49 59 70 71
11 20 21 33 38 43 44 45 64
7 9 20 23 24 31 42 64 75
4 14 19 35 39 45 55 62 72
5 20 29 39 41 49 60 70 74
3 13 22 24 30 36 52 54 71
2 11 15 22 26 39 51 69 75
16 18 24 28 32 33 35 37 65
12 26 37 48 50 61 68 70 75
2 12 17 29 30 36 59 63 67
1 3 25 31 32 34 44 50 53
19 21 23 28 46 53 68 73 74
1 6 8 11 26 35 52 63 74
6 7 10 18 25 31 54 63 72
9 14 36 45 51 54 65 70 73
17 21 31 37 40 49 51 62 66
10 14 15 29 38 40 53 56 61
1 3 40 41 42 43 55 61 69
10 17 18 20 25 42 56 71 74
16 21 29 37 50 52 57 63 69
4 6 19 24 29 32 44 57 75
7 22 23 32 48 67 68 71 73
11 12 28 41 44 49 53 54 58
0 8 19 25 33 36 40 41 68
1 9 13 24 59 62 66 72 73
3 10 30 46 62 64 65 69 70
14 21 22 25 27 41 59 60 63
8 14 24 32 45 50 58 67 69
5 12 23 34 38 51 63 69 74
9 16 27 33 60 62 67 71 74
4 9 10 13 25 35 38 49 70
1 2 5 30 34 45 46 48 58
17 22 35 51 53 57 58 60 64
18 26 27 34 41 45 61 65 66
0 11 29 35 42 47 65 66 69
13 15 24 30 41 47 53 64 74
7 12 14 27 33 42 46 49 74
0 5 15 37 38 44 60 65 73
4 19 31 43 50 58 59 65 74
0 2 16 17 28 40 44 54 70
2 13 25 28 39 42 48 62 65
