49 54 63
51 56 65
53 58 67
55 60 69
57 62 71
59 64 73
61 66 75
1 63 68
3 65 70
5 67 72
7 69 74
0 9 71
2 11 73
4 13 75
1 6 15
3 8 17
5 10 19
7 12 21
9 14 23
11 16 25
13 18 27
15 20 29
17 22 31
19 24 33
21 26 35
23 28 37
25 30 39
27 32 41
29 34 43
31 36 45
33 38 47
35 40 49
37 42 51
39 44 53
41 46 55
43 48 57
45 50 59
47 52 61
6 22 41
8 24 43
10 26 45
12 28 47
14 30 49
16 32 51
18 34 53
20 36 55
22 38 57
24 40 59
26 42 61
28 44 63
30 46 65
32 48 67
34 50 69
36 52 71
38 54 73
40 56 75
1 42 58
3 44 60
5 46 62
7 48 64
9 50 66
11 52 68
13 54 70
15 56 72
17 58 74
0 19 60
2 21 62
4 23 64
6 25 66
8 27 68
10 29 70
12 31 72
14 33 74
0 16 35
2 18 37
4 20 39
9 16 62
11 18 64
13 20 66
15 22 68
17 24 70
19 26 72
21 28 74
0 23 30
2 25 32
4 27 34
6 29 36
8 31 38
10 33 40
12 35 42
14 37 44
16 39 46
18 41 48
20 43 50
22 45 52
24 47 54
26 49 56
28 51 58
30 53 60
32 55 62
34 57 64
36 59 66
38 61 68
40 63 70
42 65 72
44 67 74
0 46 69
2 48 71
4 50 73
6 52 75
1 8 54
3 10 56
5 12 58
7 14 60
13 32 37
15 34 39
17 36 41
19 38 43
21 40 45
23 42 47
25 44 49
27 46 51
29 48 53
31 50 55
33 52 57
35 54 59
37 56 61
39 58 63
41 60 65
43 62 67
45 64 69
47 66 71
49 68 73
51 70 75
1 53 72
3 55 74
0 5 57
2 7 59
4 9 61
6 11 63
8 13 65
10 15 67
12 17 69
14 19 71
16 21 73
18 23 75
1 20 25
3 22 27
5 24 29
7 26 31
9 28 33
11 30 35
28 43 59
30 45 61
32 47 63
34 49 65
36 51 67
38 53 69
40 55 71
42 57 73
44 59 75
1 46 61
3 48 63
5 50 65
7 52 67
9 54 69
11 56 71
13 58 73
15 60 75
1 17 62
3 19 64
5 21 66
7 23 68
9 25 70
11 27 72
13 29 74
0 15 31
2 17 33
4 19 35
6 21 37
8 23 39
10 25 41
12 27 43
14 29 45
16 31 47
18 33 49
20 35 51
22 37 53
24 39 55
26 41 57
6 9 38
8 11 40
10 13 42
12 15 44
14 17 46
16 19 48
18 21 50
20 23 52
22 25 54
24 27 56
26 29 58
28 31 60
30 33 62
32 35 64
34 37 66
36 39 68
38 41 70
40 43 72
42 45 74
0 44 47
2 46 49
4 48 51
6 50 53
8 52 55
10 54 57
12 56 59
14 58 61
16 60 63
18 62 65
20 64 67
22 66 69
24 68 71
26 70 73
28 72 75
1 30 74
0 3 32
2 5 34
4 7 36
2 4 53
4 6 55
6 8 57
8 10 59
10 12 61
12 14 63
14 16 65
16 18 67
18 20 69
20 22 71
22 24 73
24 26 75
1 26 28
3 28 30
5 30 32
7 32 34
9 34 36
11 36 38
13 38 40
15 40 42
17 42 44
19 44 46
21 46 48
23 48 50
25 50 52
27 52 54
29 54 56
31 56 58
33 58 60
35 60 62
37 62 64
39 64 66
41 66 68
43 68 70
45 70 72
47 72 74
0 49 74
0 2 51
13 14 57
15 16 59
17 18 61
19 20 63
21 22 65
23 24 67
25 26 69
27 28 71
29 30 73
31 32 75
1 33 34
3 35 36
5 37 38
7 39 40
9 41 42
11 43 44
13 45 46
15 47 48
17 49 50
19 51 52
21 53 54
23 55 56
25 57 58
27 59 60
29 61 62
31 63 64
33 65 66
35 67 68
37 69 70
39 71 72
41 73 74
0 43 75
1 2 45
3 4 47
5 6 49
7 8 51
9 10 53
11 12 55
4 42 46
6 44 48
8 46 50
10 48 52
12 50 54
14 52 56
16 54 58
18 56 60
20 58 62
22 60 64
24 62 66
26 64 68
28 66 70
30 68 72
32 70 74
0 34 72
2 36 74
0 4 38
2 6 40
4 8 42
6 10 44
8 12 46
10 14 48
12 16 50
14 18 52
16 20 54
18 22 56
20 24 58
22 26 60
24 28 62
26 30 64
28 32 66
30 34 68
32 36 70
34 38 72
36 40 74
0 38 42
2 40 44
2 19 67
4 21 69
6 23 71
8 25 73
10 27 75
1 12 29
3 14 31
5 16 33
7 18 35
9 20 37
11 22 39
13 24 41
15 26 43
17 28 45
19 30 47
21 32 49
23 34 51
25 36 53
27 38 55
29 40 57
31 42 59
33 44 61
35 46 63
37 48 65
39 50 67
41 52 69
43 54 71
45 56 73
47 58 75
1 49 60
3 51 62
5 53 64
7 55 66
9 57 68
11 59 70
13 61 72
15 63 74
0 17 65
27 36 48
29 38 50
31 40 52
33 42 54
35 44 56
37 46 58
39 48 60
41 50 62
43 52 64
45 54 66
47 56 68
49 58 70
51 60 72
53 62 74
0 55 64
2 57 66
4 59 68
6 61 70
8 63 72
10 65 74
0 12 67
2 14 69
4 16 71
6 18 73
8 20 75
1 10 22
3 12 24
5 14 26
7 16 28
9 18 30
11 20 32
13 22 34
15 24 36
17 26 38
19 28 40
21 30 42
23 32 44
25 34 46
19 42 49
21 44 51
23 46 53
25 48 55
27 50 57
29 52 59
31 54 61
33 56 63
35 58 65
37 60 67
39 62 69
41 64 71
43 66 73
45 68 75
1 47 70
3 49 72
5 51 74
0 7 53
2 9 55
4 11 57
6 13 59
8 15 61
10 17 63
12 19 65
14 21 67
16 23 69
18 25 71
20 27 73
22 29 75
1 24 31
3 26 33
5 28 35
7 30 37
9 32 39
11 34 41
13 36 43
15 38 45
17 40 47
2 16 43
4 18 45
6 20 47
8 22 49
10 24 51
12 26 53
14 28 55
16 30 57
18 32 59
20 34 61
22 36 63
24 38 65
26 40 67
28 42 69
30 44 71
32 46 73
34 48 75
1 36 50
3 38 52
5 40 54
7 42 56
9 44 58
11 46 60
13 48 62
15 50 64
17 52 66
19 54 68
21 56 70
23 58 72
25 60 74
0 27 62
2 29 64
4 31 66
6 33 68
8 35 70
10 37 72
12 39 74
0 14 41
6 32 42
8 34 44
10 36 46
12 38 48
14 40 50
16 42 52
18 44 54
20 46 56
22 48 58
24 50 60
26 52 62
28 54 64
30 56 66
32 58 68
34 60 70
36 62 72
38 64 74
0 40 66
2 42 68
4 44 70
6 46 72
8 48 74
0 10 50
2 12 52
4 14 54
6 16 56
8 18 58
10 20 60
12 22 62
14 24 64
16 26 66
18 28 68
20 30 70
22 32 72
24 34 74
0 26 36
2 28 38
4 30 40
19 25 61
21 27 63
23 29 65
25 31 67
27 33 69
29 35 71
31 37 73
33 39 75
1 35 41
3 37 43
5 39 45
7 41 47
9 43 49
11 45 51
13 47 53
15 49 55
17 51 57
19 53 59
21 55 61
23 57 63
25 59 65
27 61 67
29 63 69
31 65 71
33 67 73
35 69 75
1 37 71
3 39 73
5 41 75
1 7 43
3 9 45
5 11 47
7 13 49
9 15 51
11 17 53
13 19 55
15 21 57
17 23 59
28 48 73
30 50 75
1 32 52
3 34 54
5 36 56
7 38 58
9 40 60
11 42 62
13 44 64
15 46 66
17 48 68
19 50 70
21 52 72
23 54 74
0 25 56
2 27 58
4 29 60
6 31 62
8 33 64
10 35 66
12 37 68
14 39 70
16 41 72
18 43 74
0 20 45
2 22 47
4 24 49
6 26 51
8 28 53
10 30 55
12 32 57
14 34 59
16 36 61
18 38 63
20 40 65
22 42 67
24 44 69
26 46 71
25 63 75
1 27 65
3 29 67
5 31 69
7 33 71
9 35 73
11 37 75
1 13 39
3 15 41
5 17 43
7 19 45
9 21 47
11 23 49
13 25 51
15 27 53
17 29 55
19 31 57
21 33 59
23 35 61
25 37 63
27 39 65
29 41 67
31 43 69
33 45 71
35 47 73
37 49 75
1 39 51
3 41 53
5 43 55
7 45 57
9 47 59
11 49 61
13 51 63
15 53 65
17 55 67
19 57 69
21 59 71
23 61 73
14 22 51
16 24 53
18 26 55
20 28 57
22 30 59
24 32 61
26 34 63
28 36 65
30 38 67
32 40 69
34 42 71
36 44 73
38 46 75
1 40 48
3 42 50
5 44 52
7 46 54
9 48 56
11 50 58
13 52 60
15 54 62
17 56 64
19 58 66
21 60 68
23 62 70
25 64 72
27 66 74
0 29 68
2 31 70
4 33 72
6 35 74
0 8 37
2 10 39
4 12 41
6 14 43
8 16 45
10 18 47
12 20 49
0 52 63
2 54 65
4 56 67
6 58 69
8 60 71
10 62 73
12 64 75
1 14 66
3 16 68
5 18 70
7 20 72
9 22 74
0 11 24
2 13 26
4 15 28
6 17 30
8 19 32
10 21 34
12 23 36
14 25 38
16 27 40
18 29 42
20 31 44
22 33 46
24 35 48
26 37 50
28 39 52
30 41 54
32 43 56
34 45 58
36 47 60
38 49 62
40 51 64
42 53 66
44 55 68
46 57 70
48 59 72
50 61 74
2 24 63
4 26 65
6 28 67
8 30 69
10 32 71
12 34 73
14 36 75
1 16 38
3 18 40
5 20 42
7 22 44
9 24 46
11 26 48
13 28 50
15 30 52
17 32 54
19 34 56
21 36 58
23 38 60
25 40 62
27 42 64
29 44 66
31 46 68
33 48 70
35 50 72
37 52 74
0 39 54
2 41 56
4 43 58
6 45 60
8 47 62
10 49 64
12 51 66
14 53 68
16 55 70
18 57 72
20 59 74
0 22 61
5 13 15
7 15 17
9 17 19
11 19 21
13 21 23
15 23 25
17 25 27
19 27 29
21 29 31
23 31 33
25 33 35
27 35 37
29 37 39
31 39 41
33 41 43
35 43 45
37 45 47
39 47 49
41 49 51
43 51 53
45 53 55
47 55 57
49 57 59
51 59 61
53 61 63
55 63 65
57 65 67
59 67 69
61 69 71
63 71 73
65 73 75
1 67 75
1 3 69
3 5 71
5 7 73
7 9 75
1 9 11
3 11 13
12 33 40
14 35 42
16 37 44
18 39 46
20 41 48
22 43 50
24 45 52
26 47 54
28 49 56
30 51 58
32 53 60
34 55 62
36 57 64
38 59 66
40 61 68
42 63 70
44 65 72
46 67 74
0 48 69
2 50 71
4 52 73
6 54 75
1 8 56
3 10 58
5 12 60
7 14 62
9 16 64
11 18 66
13 20 68
15 22 70
17 24 72
19 26 74
0 21 28
2 23 30
4 25 32
6 27 34
8 29 36
10 31 38
20 23 26
22 25 28
24 27 30
26 29 32
28 31 34
30 33 36
32 35 38
34 37 40
36 39 42
38 41 44
40 43 46
42 45 48
44 47 50
46 49 52
48 51 54
50 53 56
52 55 58
54 57 60
56 59 62
58 61 64
60 63 66
62 65 68
64 67 70
66 69 72
68 71 74
0 70 73
2 72 75
1 4 74
0 3 6
2 5 8
4 7 10
6 9 12
8 11 14
10 13 16
12 15 18
14 17 20
16 19 22
18 21 24
3 57 75
1 5 59
3 7 61
5 9 63
7 11 65
9 13 67
11 15 69
13 17 71
15 19 73
17 21 75
1 19 23
3 21 25
5 23 27
7 25 29
9 27 31
11 29 33
13 31 35
15 33 37
17 35 39
19 37 41
21 39 43
23 41 45
25 43 47
27 45 49
29 47 51
31 49 53
33 51 55
35 53 57
37 55 59
39 57 61
41 59 63
43 61 65
45 63 67
47 65 69
49 67 71
51 69 73
53 71 75
1 55 73
12 13 30
14 15 32
16 17 34
18 19 36
20 21 38
22 23 40
24 25 42
26 27 44
28 29 46
30 31 48
32 33 50
34 35 52
36 37 54
38 39 56
40 41 58
42 43 60
44 45 62
46 47 64
48 49 66
50 51 68
52 53 70
54 55 72
56 57 74
0 58 59
2 60 61
4 62 63
6 64 65
8 66 67
10 68 69
12 70 71
14 72 73
16 74 75
0 1 18
2 3 20
4 5 22
6 7 24
8 9 26
10 11 28
20 33 53
22 35 55
24 37 57
26 39 59
28 41 61
30 43 63
32 45 65
34 47 67
36 49 69
38 51 71
40 53 73
42 55 75
1 44 57
3 46 59
5 48 61
7 50 63
9 52 65
11 54 67
13 56 69
15 58 71
17 60 73
19 62 75
1 21 64
3 23 66
5 25 68
7 27 70
9 29 72
11 31 74
0 13 33
2 15 35
4 17 37
6 19 39
8 21 41
10 23 43
12 25 45
14 27 47
16 29 49
18 31 51
