8 14 33 37
9 15 34 38
10 16 35 39
11 17 36 40
12 18 37 41
13 19 38 42
14 20 39 43
15 21 40 44
16 22 41 45
17 23 42 46
18 24 43 47
19 25 44 48
20 26 45 49
21 27 46 50
22 28 47 51
23 29 48 52
24 30 49 53
25 31 50 54
26 32 51 55
27 33 52 56
28 34 53 57
29 35 54 58
30 36 55 59
31 37 56 60
32 38 57 61
33 39 58 62
34 40 59 63
35 41 60 64
36 42 61 65
37 43 62 66
38 44 63 67
39 45 64 68
40 46 65 69
41 47 66 70
42 48 67 71
43 49 68 72
44 50 69 73
45 51 70 74
46 52 71 75
0 47 53 72
1 48 54 73
2 49 55 74
3 50 56 75
0 4 51 57
1 5 52 58
2 6 53 59
3 7 54 60
4 8 55 61
5 9 56 62
6 10 57 63
7 11 58 64
8 12 59 65
9 13 60 66
10 14 61 67
11 15 62 68
12 16 63 69
13 17 64 70
14 18 65 71
15 19 66 72
16 20 67 73
17 21 68 74
18 22 69 75
0 19 23 70
1 20 24 71
2 21 25 72
3 22 26 73
4 23 27 74
5 24 28 75
0 6 25 29
1 7 26 30
2 8 27 31
3 9 28 32
4 10 29 33
5 11 30 34
6 12 31 35
7 13 32 36
5 8 50 51
6 9 51 52
7 10 52 53
8 11 53 54
9 12 54 55
10 13 55 56
11 14 56 57
12 15 57 58
13 16 58 59
14 17 59 60
15 18 60 61
16 19 61 62
17 20 62 63
18 21 63 64
19 22 64 65
20 23 65 66
21 24 66 67
22 25 67 68
23 26 68 69
24 27 69 70
25 28 70 71
26 29 71 72
27 30 72 73
28 31 73 74
29 32 74 75
0 30 33 75
0 1 31 34
1 2 32 35
2 3 33 36
3 4 34 37
4 5 35 38
5 6 36 39
6 7 37 40
7 8 38 41
8 9 39 42
9 10 40 43
10 11 41 44
11 12 42 45
12 13 43 46
13 14 44 47
14 15 45 48
15 16 46 49
16 17 47 50
17 18 48 51
18 19 49 52
19 20 50 53
20 21 51 54
21 22 52 55
22 23 53 56
23 24 54 57
24 25 55 58
25 26 56 59
26 27 57 60
27 28 58 61
28 29 59 62
29 30 60 63
30 31 61 64
31 32 62 65
32 33 63 66
33 34 64 67
34 35 65 68
35 36 66 69
36 37 67 70
37 38 68 71
38 39 69 72
39 40 70 73
40 41 71 74
41 42 72 75
0 42 43 73
1 43 44 74
2 44 45 75
0 3 45 46
1 4 46 47
2 5 47 48
3 6 48 49
4 7 49 50
15 31 43 51
16 32 44 52
17 33 45 53
18 34 46 54
19 35 47 55
20 36 48 56
21 37 49 57
22 38 50 58
23 39 51 59
24 40 52 60
25 41 53 61
26 42 54 62
27 43 55 63
28 44 56 64
29 45 57 65
30 46 58 66
31 47 59 67
32 48 60 68
33 49 61 69
34 50 62 70
35 51 63 71
36 52 64 72
37 53 65 73
38 54 66 74
39 55 67 75
0 40 56 68
1 41 57 69
2 42 58 70
3 43 59 71
4 44 60 72
5 45 61 73
6 46 62 74
7 47 63 75
0 8 48 64
1 9 49 65
2 10 50 66
3 11 51 67
4 12 52 68
5 13 53 69
6 14 54 70
7 15 55 71
8 16 56 72
9 17 57 73
10 18 58 74
11 19 59 75
0 12 20 60
1 13 21 61
2 14 22 62
3 15 23 63
4 16 24 64
5 17 25 65
6 18 26 66
7 19 27 67
8 20 28 68
9 21 29 69
10 22 30 70
11 23 31 71
12 24 32 72
13 25 33 73
14 26 34 74
15 27 35 75
0 16 28 36
1 17 29 37
2 18 30 38
3 19 31 39
4 20 32 40
5 21 33 41
6 22 34 42
7 23 35 43
8 24 36 44
9 25 37 45
10 26 38 46
11 27 39 47
12 28 40 48
13 29 41 49
14 30 42 50
8 43 58 60
9 44 59 61
10 45 60 62
11 46 61 63
12 47 62 64
13 48 63 65
14 49 64 66
15 50 65 67
16 51 66 68
17 52 67 69
18 53 68 70
19 54 69 71
20 55 70 72
21 56 71 73
22 57 72 74
23 58 73 75
0 24 59 74
1 25 60 75
0 2 26 61
1 3 27 62
2 4 28 63
3 5 29 64
4 6 30 65
5 7 31 66
6 8 32 67
7 9 33 68
8 10 34 69
9 11 35 70
10 12 36 71
11 13 37 72
12 14 38 73
13 15 39 74
14 16 40 75
0 15 17 41
1 16 18 42
2 17 19 43
3 18 20 44
4 19 21 45
5 20 22 46
6 21 23 47
7 22 24 48
8 23 25 49
9 24 26 50
10 25 27 51
11 26 28 52
12 27 29 53
13 28 30 54
14 29 31 55
15 30 32 56
16 31 33 57
17 32 34 58
18 33 35 59
19 34 36 60
20 35 37 61
21 36 38 62
22 37 39 63
23 38 40 64
24 39 41 65
25 40 42 66
26 41 43 67
27 42 44 68
28 43 45 69
29 44 46 70
30 45 47 71
31 46 48 72
32 47 49 73
33 48 50 74
34 49 51 75
0 35 50 52
1 36 51 53
2 37 52 54
3 38 53 55
4 39 54 56
5 40 55 57
6 41 56 58
7 42 57 59
43 48 57 70
44 49 58 71
45 50 59 72
46 51 60 73
47 52 61 74
48 53 62 75
0 49 54 63
1 50 55 64
2 51 56 65
3 52 57 66
4 53 58 67
5 54 59 68
6 55 60 69
7 56 61 70
8 57 62 71
9 58 63 72
10 59 64 73
11 60 65 74
12 61 66 75
0 13 62 67
1 14 63 68
2 15 64 69
3 16 65 70
4 17 66 71
5 18 67 72
6 19 68 73
7 20 69 74
8 21 70 75
0 9 22 71
1 10 23 72
2 11 24 73
3 12 25 74
4 13 26 75
0 5 14 27
1 6 15 28
2 7 16 29
3 8 17 30
4 9 18 31
5 10 19 32
6 11 20 33
7 12 21 34
8 13 22 35
9 14 23 36
10 15 24 37
11 16 25 38
12 17 26 39
13 18 27 40
14 19 28 41
15 20 29 42
16 21 30 43
17 22 31 44
18 23 32 45
19 24 33 46
20 25 34 47
21 26 35 48
22 27 36 49
23 28 37 50
24 29 38 51
25 30 39 52
26 31 40 53
27 32 41 54
28 33 42 55
29 34 43 56
30 35 44 57
31 36 45 58
32 37 46 59
33 38 47 60
34 39 48 61
35 40 49 62
36 41 50 63
37 42 51 64
38 43 52 65
39 44 53 66
40 45 54 67
41 46 55 68
42 47 56 69
4 41 62 73
5 42 63 74
6 43 64 75
0 7 44 65
1 8 45 66
2 9 46 67
3 10 47 68
4 11 48 69
5 12 49 70
6 13 50 71
7 14 51 72
8 15 52 73
9 16 53 74
10 17 54 75
0 11 18 55
1 12 19 56
2 13 20 57
3 14 21 58
4 15 22 59
5 16 23 60
6 17 24 61
7 18 25 62
8 19 26 63
9 20 27 64
10 21 28 65
11 22 29 66
12 23 30 67
13 24 31 68
14 25 32 69
15 26 33 70
16 27 34 71
17 28 35 72
18 29 36 73
19 30 37 74
20 31 38 75
0 21 32 39
1 22 33 40
2 23 34 41
3 24 35 42
4 25 36 43
5 26 37 44
6 27 38 45
7 28 39 46
8 29 40 47
9 30 41 48
10 31 42 49
11 32 43 50
12 33 44 51
13 34 45 52
14 35 46 53
15 36 47 54
16 37 48 55
17 38 49 56
18 39 50 57
19 40 51 58
20 41 52 59
21 42 53 60
22 43 54 61
23 44 55 62
24 45 56 63
25 46 57 64
26 47 58 65
27 48 59 66
28 49 60 67
29 50 61 68
30 51 62 69
31 52 63 70
32 53 64 71
33 54 65 72
34 55 66 73
35 56 67 74
36 57 68 75
0 37 58 69
1 38 59 70
2 39 60 71
3 40 61 72
0 17 27 66
4 14 42 70
13 34 44 72
13 41 51 61
3 6 62 72
2 12 22 72
17 55 65 75
19 29 57 67
26 44 55 67
6 27 37 65
3 13 23 69
11 21 49 59
7 17 45 55
6 16 44 54
24 32 34 65
0 10 38 48
9 19 31 41
1 11 12 67
9 37 47 75
15 25 35 45
22 32 60 70
8 18 73 74
28 35 38 73
10 20 30 58
0 16 26 66
12 40 50 60
5 15 53 71
2 30 40 68
18 28 56 66
32 42 51 52
25 43 53 63
23 33 61 71
3 31 59 69
5 7 33 43
15 48 58 68
1 29 39 49
26 36 64 74
11 21 31 61
47 57 63 73
33 37 54 64
8 36 46 56
14 24 52 62
3 7 41 73
