0 7 22 23 28 51 60 64
15 25 29 34 47 49 60 67
2 6 7 12 15 18 24 58
3 18 28 44 47 53 59 65
4 15 19 35 37 38 42 55
5 7 8 18 30 55 60 69
7 9 32 38 45 47 66 71
10 18 21 40 49 51 62 66
0 2 11 17 42 50 63 65
13 17 27 37 41 48 69 72
14 17 25 31 36 45 59 75
19 26 28 29 40 46 52 63
4 20 23 32 48 62 69 70
5 9 34 41 43 52 61 74
3 8 11 22 33 54 73 74
21 22 30 31 42 43 57 72
1 9 24 27 33 50 53 54
4 23 39 45 47 53 63 74
10 13 25 28 54 56 71 74
11 15 21 47 48 50 52 64
0 12 27 30 32 45 56 73
6 23 31 34 35 37 49 65
12 14 15 20 21 44 51 57
5 12 16 44 56 59 69 70
3 13 23 42 58 61 66 75
4 8 17 24 29 31 44 66
9 10 20 30 58 65 67 68
1 10 11 34 39 53 56 72
5 34 48 57 59 65 66 73
5 29 32 35 50 51 53 58
2 16 38 40 53 57 61 64
3 27 43 51 60 63 70 71
6 29 45 55 59 67 68 74
9 14 29 39 42 64 69 73
4 7 13 16 43 49 50 73
0 6 39 41 46 57 66 68
19 22 41 49 50 59 61 71
7 11 27 35 44 61 62 67
15 25 26 30 33 41 53 64
15 20 27 28 29 43 56 66
16 17 19 30 39 40 51 74
21 23 25 38 50 52 68 69
7 42 45 46 48 51 53 70
0 24 37 44 56 63 64 67
4 10 12 19 28 31 48 60
21 24 28 35 39 41 70 73
0 1 8 13 20 26 38 59
2 22 26 32 44 49 52 72
2 3 11 19 29 45 57 69
4 11 13 14 33 40 58 68
4 22 25 34 44 58 64 70
0 10 14 33 37 47 52 70
17 20 49 52 53 55 71 73
16 23 26 27 54 55 58 65
12 13 22 53 63 66 67 69
6 9 13 19 21 39 44 60
1 15 18 44 61 63 68 73
3 5 20 46 50 62 64 72
1 18 24 26 37 46 69 74
14 16 32 37 50 60 66 74
8 12 35 40 47 71 72 75
4 6 17 18 54 57 64 71
2 5 39 43 48 54 67 75
3 16 35 52 54 59 64 66
10 31 32 41 55 63 64 65
0 2 15 31 58 69 71 74
3 12 25 36 37 38 39 65
6 9 22 29 36 48 52 62
1 3 9 17 23 40 68 70
3 14 24 30 38 48 49 63
11 24 25 32 40 42 43 59
16 19 20 21 33 34 63 75
14 22 35 46 56 65 69 75
5 10 17 22 27 38 42 47
2 23 30 34 44 46 62 71
0 3 4 5 21 26 67 71
2 31 33 47 50 51 56 68
8 33 41 45 48 49 56 58
0 9 16 18 25 35 63 72
1 6 16 22 28 42 48 67
2 17 26 35 43 48 60 68
6 8 11 26 30 50 70 75
1 19 32 36 43 47 58 64
10 19 23 24 51 67 72 73
11 31 38 46 58 60 72 73
2 4 9 10 21 27 46 59
7 36 37 54 59 63 68 72
15 30 33 35 38 59 60 62
4 36 40 41 56 57 62 74
3 6 25 32 46 55 56 61
10 12 26 35 39 45 50 57
0 18 27 29 31 48 53 75
5 9 11 28 37 49 57 75
13 16 24 47 55 57 62 70
1 7 14 21 30 55 66 71
4 13 15 45 51 52 65 72
7 12 17 33 34 46 52 67
21 29 38 61 65 70 72 74
6 11 16 20 37 41 53 71
0 3 34 40 44 48 50 55
12 27 42 49 64 68 74 75
8 9 15 16 36 43 46 65
5 16 22 24 36 45 68 71
1 5 13 31 45 46 49 64
4 28 30 47 54 61 69 72
11 12 23 29 41 46 47 54
3 15 17 22 32 39 62 75
8 28 32 34 42 52 57 68
8 19 25 27 57 66 67 70
14 18 28 36 38 41 50 67
6 10 33 38 43 44 69 75
18 20 31 39 42 52 56 70
7 27 39 40 49 58 59 69
20 22 24 40 45 60 61 65
7 20 23 25 33 48 57 74
1 12 29 33 42 62 65 71
2 13 22 29 30 37 70 73
2 28 33 36 39 55 66 72
2 8 14 18 27 34 45 64
11 24 26 34 36 51 66 69
7 19 26 47 56 65 73 75
1 2 4 25 41 51 55 75
1 24 52 57 58 60 63 75
0 14 19 43 53 54 62 68
17 21 28 37 43 45 58 62
8 37 39 48 51 59 61 71
9 13 17 34 38 51 54 56
5 6 14 15 23 27 40 72
9 12 14 26 31 55 61 62
13 27 30 35 36 44 52 74
20 26 41 42 44 45 54 60
5 6 8 25 51 62 63 73
11 12 18 22 23 43 55 59
8 21 23 36 42 53 56 60
3 7 8 10 16 29 31 41
0 10 15 36 49 54 61 70
5 13 17 18 19 32 33 61
1 2 6 20 35 36 47 73
21 31 32 37 40 54 67 73
