10 14 28 37 38
11 15 29 38 39
12 16 30 39 40
13 17 31 40 41
14 18 32 41 42
15 19 33 42 43
16 20 34 43 44
17 21 35 44 45
18 22 36 45 46
19 23 37 46 47
20 24 38 47 48
21 25 39 48 49
22 26 40 49 50
23 27 41 50 51
24 28 42 51 52
25 29 43 52 53
26 30 44 53 54
27 31 45 54 55
28 32 46 55 56
29 33 47 56 57
30 34 48 57 58
31 35 49 58 59
32 36 50 59 60
33 37 51 60 61
34 38 52 61 62
35 39 53 62 63
36 40 54 63 64
37 41 55 64 65
38 42 56 65 66
39 43 57 66 67
40 44 58 67 68
41 45 59 68 69
42 46 60 69 70
43 47 61 70 71
44 48 62 71 72
45 49 63 72 73
46 50 64 73 74
47 51 65 74 75
0 48 52 66 75
0 1 49 53 67
1 2 50 54 68
2 3 51 55 69
3 4 52 56 70
4 5 53 57 71
5 6 54 58 72
6 7 55 59 73
7 8 56 60 74
8 9 57 61 75
0 9 10 58 62
1 10 11 59 63
2 11 12 60 64
3 12 13 61 65
4 13 14 62 66
5 14 15 63 67
6 15 16 64 68
7 16 17 65 69
8 17 18 66 70
9 18 19 67 71
10 19 20 68 72
11 20 21 69 73
12 21 22 70 74
13 22 23 71 75
0 14 23 24 72
1 15 24 25 73
2 16 25 26 74
3 17 26 27 75
0 4 18 27 28
1 5 19 28 29
2 6 20 29 30
3 7 21 30 31
4 8 22 31 32
5 9 23 32 33
6 10 24 33 34
7 11 25 34 35
8 12 26 35 36
9 13 27 36 37
28 35 40 60 71
29 36 41 61 72
30 37 42 62 73
31 38 43 63 74
32 39 44 64 75
0 33 40 45 65
1 34 41 46 66
2 35 42 47 67
3 36 43 48 68
4 37 44 49 69
5 38 45 50 70
6 39 46 51 71
7 40 47 52 72
8 41 48 53 73
9 42 49 54 74
10 43 50 55 75
0 11 44 51 56
1 12 45 52 57
2 13 46 53 58
3 14 47 54 59
4 15 48 55 60
5 16 49 56 61
6 17 50 57 62
7 18 51 58 63
8 19 52 59 64
9 20 53 60 65
10 21 54 61 66
11 22 55 62 67
12 23 56 63 68
13 24 57 64 69
14 25 58 65 70
15 26 59 66 71
16 27 60 67 72
17 28 61 68 73
18 29 62 69 74
19 30 63 70 75
0 20 31 64 71
1 21 32 65 72
2 22 33 66 73
3 23 34 67 74
4 24 35 68 75
0 5 25 36 69
1 6 26 37 70
2 7 27 38 71
3 8 28 39 72
4 9 29 40 73
5 10 30 41 74
6 11 31 42 75
0 7 12 32 43
1 8 13 33 44
2 9 14 34 45
3 10 15 35 46
4 11 16 36 47
5 12 17 37 48
6 13 18 38 49
7 14 19 39 50
8 15 20 40 51
9 16 21 41 52
10 17 22 42 53
11 18 23 43 54
12 19 24 44 55
13 20 25 45 56
14 21 26 46 57
15 22 27 47 58
16 23 28 48 59
17 24 29 49 60
18 25 30 50 61
19 26 31 51 62
20 27 32 52 63
21 28 33 53 64
22 29 34 54 65
23 30 35 55 66
24 31 36 56 67
25 32 37 57 68
26 33 38 58 69
27 34 39 59 70
13 43 49 51 72
14 44 50 52 73
15 45 51 53 74
16 46 52 54 75
0 17 47 53 55
1 18 48 54 56
2 19 49 55 57
3 20 50 56 58
4 21 51 57 59
5 22 52 58 60
6 23 53 59 61
7 24 54 60 62
8 25 55 61 63
9 26 56 62 64
10 27 57 63 65
11 28 58 64 66
12 29 59 65 67
13 30 60 66 68
14 31 61 67 69
15 32 62 68 70
16 33 63 69 71
17 34 64 70 72
18 35 65 71 73
19 36 66 72 74
20 37 67 73 75
0 21 38 68 74
1 22 39 69 75
0 2 23 40 70
1 3 24 41 71
2 4 25 42 72
3 5 26 43 73
4 6 27 44 74
5 7 28 45 75
0 6 8 29 46
1 7 9 30 47
2 8 10 31 48
3 9 11 32 49
4 10 12 33 50
5 11 13 34 51
6 12 14 35 52
7 13 15 36 53
8 14 16 37 54
9 15 17 38 55
10 16 18 39 56
11 17 19 40 57
12 18 20 41 58
13 19 21 42 59
14 20 22 43 60
15 21 23 44 61
16 22 24 45 62
17 23 25 46 63
18 24 26 47 64
19 25 27 48 65
20 26 28 49 66
21 27 29 50 67
22 28 30 51 68
23 29 31 52 69
24 30 32 53 70
25 31 33 54 71
26 32 34 55 72
27 33 35 56 73
28 34 36 57 74
29 35 37 58 75
0 30 36 38 59
1 31 37 39 60
2 32 38 40 61
3 33 39 41 62
4 34 40 42 63
5 35 41 43 64
6 36 42 44 65
7 37 43 45 66
8 38 44 46 67
9 39 45 47 68
10 40 46 48 69
11 41 47 49 70
12 42 48 50 71
8 11 30 45 71
9 12 31 46 72
10 13 32 47 73
11 14 33 48 74
12 15 34 49 75
0 13 16 35 50
1 14 17 36 51
2 15 18 37 52
3 16 19 38 53
4 17 20 39 54
5 18 21 40 55
6 19 22 41 56
7 20 23 42 57
8 21 24 43 58
9 22 25 44 59
10 23 26 45 60
11 24 27 46 61
12 25 28 47 62
13 26 29 48 63
14 27 30 49 64
15 28 31 50 65
16 29 32 51 66
17 30 33 52 67
18 31 34 53 68
19 32 35 54 69
20 33 36 55 70
21 34 37 56 71
22 35 38 57 72
23 36 39 58 73
24 37 40 59 74
25 38 41 60 75
0 26 39 42 61
1 27 40 43 62
2 28 41 44 63
3 29 42 45 64
4 30 43 46 65
5 31 44 47 66
6 32 45 48 67
7 33 46 49 68
8 34 47 50 69
9 35 48 51 70
10 36 49 52 71
11 37 50 53 72
12 38 51 54 73
13 39 52 55 74
14 40 53 56 75
0 15 41 54 57
1 16 42 55 58
2 17 43 56 59
3 18 44 57 60
4 19 45 58 61
5 20 46 59 62
6 21 47 60 63
7 22 48 61 64
8 23 49 62 65
9 24 50 63 66
10 25 51 64 67
11 26 52 65 68
12 27 53 66 69
13 28 54 67 70
14 29 55 68 71
15 30 56 69 72
16 31 57 70 73
17 32 58 71 74
18 33 59 72 75
0 19 34 60 73
1 20 35 61 74
2 21 36 62 75
0 3 22 37 63
1 4 23 38 64
2 5 24 39 65
3 6 25 40 66
4 7 26 41 67
5 8 27 42 68
6 9 28 43 69
7 10 29 44 70
