12 13 15 30 36 41 52 56
16 17 19 34 40 45 56 60
20 21 23 38 44 49 60 64
24 25 27 42 48 53 64 68
28 29 31 46 52 57 68 72
0 32 33 35 50 56 61 72
0 4 36 37 39 54 60 65
4 8 40 41 43 58 64 69
8 12 44 45 47 62 68 73
1 12 16 48 49 51 66 72
0 5 16 20 52 53 55 70
4 9 20 24 56 57 59 74
2 8 13 24 28 60 61 63
6 12 17 28 32 64 65 67
10 16 21 32 36 68 69 71
14 20 25 36 40 72 73 75
0 1 3 18 24 29 40 44
4 5 7 22 28 33 44 48
8 9 11 26 32 37 48 52
0 28 42 59 60 67 71 73
1 4 32 46 63 64 71 75
3 5 8 36 50 67 68 75
3 7 9 12 40 54 71 72
0 7 11 13 16 44 58 75
3 4 11 15 17 20 48 62
7 8 15 19 21 24 52 66
11 12 19 23 25 28 56 70
15 16 23 27 29 32 60 74
2 19 20 27 31 33 36 64
6 23 24 31 35 37 40 68
10 27 28 35 39 41 44 72
0 14 31 32 39 43 45 48
4 18 35 36 43 47 49 52
8 22 39 40 47 51 53 56
12 26 43 44 51 55 57 60
16 30 47 48 55 59 61 64
20 34 51 52 59 63 65 68
24 38 55 56 63 67 69 72
1 7 23 43 50 55 73 74
1 2 5 11 27 47 54 59
5 6 9 15 31 51 58 63
9 10 13 19 35 55 62 67
13 14 17 23 39 59 66 71
17 18 21 27 43 63 70 75
3 21 22 25 31 47 67 74
2 7 25 26 29 35 51 71
6 11 29 30 33 39 55 75
3 10 15 33 34 37 43 59
7 14 19 37 38 41 47 63
11 18 23 41 42 45 51 67
15 22 27 45 46 49 55 71
19 26 31 49 50 53 59 75
3 23 30 35 53 54 57 63
7 27 34 39 57 58 61 67
11 31 38 43 61 62 65 71
15 35 42 47 65 66 69 75
3 19 39 46 51 69 70 73
7 18 20 32 53 54 61 76
11 22 24 36 57 58 65 76
15 26 28 40 61 62 69 76
19 30 32 44 65 66 73 76
1 23 34 36 48 69 70 76
5 27 38 40 52 73 74 76
1 2 9 31 42 44 56 76
5 6 13 35 46 48 60 76
9 10 17 39 50 52 64 76
13 14 21 43 54 56 68 76
17 18 25 47 58 60 72 76
0 21 22 29 51 62 64 76
4 25 26 33 55 66 68 76
8 29 30 37 59 70 72 76
0 12 33 34 41 63 74 76
2 4 16 37 38 45 67 76
6 8 20 41 42 49 71 76
10 12 24 45 46 53 75 76
3 14 16 28 49 50 57 76
8 11 14 34 35 46 64 74
2 12 15 18 38 39 50 68
6 16 19 22 42 43 54 72
0 10 20 23 26 46 47 58
4 14 24 27 30 50 51 62
8 18 28 31 34 54 55 66
12 22 32 35 38 58 59 70
16 26 36 39 42 62 63 74
2 20 30 40 43 46 66 67
6 24 34 44 47 50 70 71
10 28 38 48 51 54 74 75
2 3 14 32 42 52 55 58
6 7 18 36 46 56 59 62
10 11 22 40 50 60 63 66
14 15 26 44 54 64 67 70
18 19 30 48 58 68 71 74
2 22 23 34 52 62 72 75
0 3 6 26 27 38 56 66
4 7 10 30 31 42 60 70
9 13 25 30 34 36 38 45
13 17 29 34 38 40 42 49
17 21 33 38 42 44 46 53
21 25 37 42 46 48 50 57
25 29 41 46 50 52 54 61
29 33 45 50 54 56 58 65
33 37 49 54 58 60 62 69
37 41 53 58 62 64 66 73
1 41 45 57 62 66 68 70
5 45 49 61 66 70 72 74
0 2 9 49 53 65 70 74
2 4 6 13 53 57 69 74
2 6 8 10 17 57 61 73
1 6 10 12 14 21 61 65
5 10 14 16 18 25 65 69
9 14 18 20 22 29 69 73
1 13 18 22 24 26 33 73
1 5 17 22 26 28 30 37
5 9 21 26 30 32 34 41
17 36 37 44 51 55 61 74
2 21 40 41 48 55 59 65
6 25 44 45 52 59 63 69
10 29 48 49 56 63 67 73
1 14 33 52 53 60 67 71
5 18 37 56 57 64 71 75
3 9 22 41 60 61 68 75
3 7 13 26 45 64 65 72
0 7 11 17 30 49 68 69
4 11 15 21 34 53 72 73
0 1 8 15 19 25 38 57
4 5 12 19 23 29 42 61
8 9 16 23 27 33 46 65
12 13 20 27 31 37 50 69
16 17 24 31 35 41 54 73
1 20 21 28 35 39 45 58
5 24 25 32 39 43 49 62
9 28 29 36 43 47 53 66
13 32 33 40 47 51 57 70
