4 20 24 33 54 56 61
8 24 28 37 58 60 65
12 28 32 41 62 64 69
16 32 36 45 66 68 73
1 20 36 40 49 70 72
0 5 24 40 44 53 74
2 4 9 28 44 48 57
6 8 13 32 48 52 61
10 12 17 36 52 56 65
14 16 21 40 56 60 69
18 20 25 44 60 64 73
1 22 24 29 48 64 68
5 26 28 33 52 68 72
0 9 30 32 37 56 72
0 4 13 34 36 41 60
4 8 17 38 40 45 64
8 12 21 42 44 49 68
12 16 25 46 48 53 72
0 16 20 29 50 52 57
4 7 9 14 22 66 70
8 11 13 18 26 70 74
2 12 15 17 22 30 74
2 6 16 19 21 26 34
6 10 20 23 25 30 38
10 14 24 27 29 34 42
14 18 28 31 33 38 46
18 22 32 35 37 42 50
22 26 36 39 41 46 54
26 30 40 43 45 50 58
30 34 44 47 49 54 62
34 38 48 51 53 58 66
38 42 52 55 57 62 70
42 46 56 59 61 66 74
2 46 50 60 63 65 70
6 50 54 64 67 69 74
2 10 54 58 68 71 73
1 6 14 58 62 72 75
0 3 5 10 18 62 66
8 20 35 39 46 69 71
12 24 39 43 50 73 75
1 3 16 28 43 47 54
5 7 20 32 47 51 58
9 11 24 36 51 55 62
13 15 28 40 55 59 66
17 19 32 44 59 63 70
21 23 36 48 63 67 74
2 25 27 40 52 67 71
6 29 31 44 56 71 75
3 10 33 35 48 60 75
3 7 14 37 39 52 64
7 11 18 41 43 56 68
11 15 22 45 47 60 72
0 15 19 26 49 51 64
4 19 23 30 53 55 68
8 23 27 34 57 59 72
0 12 27 31 38 61 63
4 16 31 35 42 65 67
9 11 19 28 35 46 58
13 15 23 32 39 50 62
17 19 27 36 43 54 66
21 23 31 40 47 58 70
25 27 35 44 51 62 74
2 29 31 39 48 55 66
6 33 35 43 52 59 70
10 37 39 47 56 63 74
2 14 41 43 51 60 67
6 18 45 47 55 64 71
10 22 49 51 59 68 75
3 14 26 53 55 63 72
0 7 18 30 57 59 67
4 11 22 34 61 63 71
8 15 26 38 65 67 75
3 12 19 30 42 69 71
7 16 23 34 46 73 75
1 3 11 20 27 38 50
5 7 15 24 31 42 54
0 1 2 8 46 47 76
4 5 6 12 50 51 76
8 9 10 16 54 55 76
12 13 14 20 58 59 76
16 17 18 24 62 63 76
20 21 22 28 66 67 76
24 25 26 32 70 71 76
28 29 30 36 74 75 76
2 3 32 33 34 40 76
6 7 36 37 38 44 76
10 11 40 41 42 48 76
14 15 44 45 46 52 76
18 19 48 49 50 56 76
22 23 52 53 54 60 76
26 27 56 57 58 64 76
30 31 60 61 62 68 76
34 35 64 65 66 72 76
0 38 39 68 69 70 76
4 42 43 72 73 74 76
2 5 13 22 35 38 56
6 9 17 26 39 42 60
10 13 21 30 43 46 64
14 17 25 34 47 50 68
18 21 29 38 51 54 72
0 22 25 33 42 55 58
4 26 29 37 46 59 62
8 30 33 41 50 63 66
12 34 37 45 54 67 70
16 38 41 49 58 71 74
2 20 42 45 53 62 75
3 6 24 46 49 57 66
7 10 28 50 53 61 70
11 14 32 54 57 65 74
2 15 18 36 58 61 69
6 19 22 40 62 65 73
1 10 23 26 44 66 69
5 14 27 30 48 70 73
1 9 18 31 34 52 74
3 9 15 25 48 54 59
7 13 19 29 52 58 63
11 17 23 33 56 62 67
15 21 27 37 60 66 71
19 25 31 41 64 70 75
3 23 29 35 45 68 74
2 7 27 33 39 49 72
0 6 11 31 37 43 53
4 10 15 35 41 47 57
8 14 19 39 45 51 61
12 18 23 43 49 55 65
16 22 27 47 53 59 69
20 26 31 51 57 63 73
1 24 30 35 55 61 67
5 28 34 39 59 65 71
9 32 38 43 63 69 75
3 13 36 42 47 67 73
1 7 17 40 46 51 71
5 11 21 44 50 55 75
1 8 15 41 53 56 73
1 5 12 19 45 57 60
5 9 16 23 49 61 64
9 13 20 27 53 65 68
13 17 24 31 57 69 72
0 17 21 28 35 61 73
1 4 21 25 32 39 65
5 8 25 29 36 43 69
9 12 29 33 40 47 73
1 13 16 33 37 44 51
5 17 20 37 41 48 55
9 21 24 41 45 52 59
13 25 28 45 49 56 63
17 29 32 49 53 60 67
21 33 36 53 57 64 71
25 37 40 57 61 68 75
3 29 41 44 61 65 72
0 7 33 45 48 65 69
4 11 37 49 52 69 73
7 11 12 25 26 35 66
11 15 16 29 30 39 70
15 19 20 33 34 43 74
2 19 23 24 37 38 47
6 23 27 28 41 42 51
10 27 31 32 45 46 55
14 31 35 36 49 50 59
18 35 39 40 53 54 63
22 39 43 44 57 58 67
26 43 47 48 61 62 71
30 47 51 52 65 66 75
3 34 51 55 56 69 70
7 38 55 59 60 73 74
1 2 11 42 59 63 64
5 6 15 46 63 67 68
9 10 19 50 67 71 72
0 13 14 23 54 71 75
3 4 17 18 27 58 75
3 7 8 21 22 31 62
