0 14 23 40 43 48 63 67 68
1 11 12 17 26 38 40 47 71
2 16 18 28 40 43 45 53 56
3 7 15 31 38 46 52 56 70
4 8 21 27 44 53 57 71 73
5 10 26 30 39 43 44 56 69
9 10 16 32 41 60 61 74 75
2 8 13 14 30 34 35 61 66
14 19 21 33 42 54 56 65 74
2 22 24 29 51 53 64 65 68
11 19 25 30 32 45 50 57 58
9 15 18 33 37 49 51 55 71
16 17 36 49 58 62 67 70 76
4 6 18 19 20 23 66 75 76
0 2 22 25 26 31 72 73 74
1 34 39 41 46 51 54 59 67
3 19 22 42 44 47 58 61 66
5 16 24 27 35 38 50 63 66
10 12 13 20 27 42 45 51 70
7 20 24 28 48 54 58 69 71
6 8 22 36 37 41 45 55 63
5 15 17 23 29 34 45 60 73
3 11 13 21 41 43 49 62 72
12 14 28 44 46 55 60 64 76
0 20 21 36 40 47 50 56 60
1 6 9 32 42 48 62 64 73
4 9 20 34 61 63 65 69 72
1 10 15 28 33 36 57 66 72
0 6 13 25 26 29 38 44 54
17 25 27 37 48 56 59 64 75
4 11 12 36 44 59 68 70 74
23 42 50 53 54 55 59 61 70
3 8 10 23 25 40 46 49 65
2 3 9 15 21 39 50 68 76
5 8 18 32 38 54 64 70 72
20 22 38 40 52 55 67 73 74
2 4 17 24 31 42 43 46 61
27 29 30 31 33 40 41 47 76
1 5 14 37 40 46 53 58 74
0 12 18 34 37 52 57 62 65
3 33 37 42 57 60 67 69 75
11 15 16 19 39 44 48 61 65
15 21 26 28 30 42 49 63 75
5 33 41 46 48 56 58 66 73
8 9 11 12 24 53 56 66 67
0 7 21 36 38 45 61 64 69
13 31 38 39 45 58 60 65 68
19 26 27 32 34 36 46 68 71
1 18 21 22 24 25 30 60 70
4 14 24 32 39 47 49 52 73
14 20 29 44 45 46 62 63 68
17 19 21 35 37 48 51 65 70
4 13 15 22 32 37 40 50 54
16 25 35 37 43 71 72 74 76
6 13 16 21 24 33 46 57 59
10 31 34 48 49 50 64 71 74
8 15 16 25 42 47 55 68 69
6 28 30 50 65 67 68 70 73
0 5 11 22 28 34 42 51 76
10 13 17 31 47 53 54 63 76
2 12 19 32 38 41 49 53 69
9 14 18 26 29 35 36 53 58
6 12 27 31 33 43 58 61 72
8 23 28 31 38 51 57 62 74
2 9 20 27 43 49 54 57 70
7 14 17 18 41 44 50 72 75
5 11 14 18 20 31 59 60 69
3 4 16 18 20 26 30 51 64
12 15 20 25 37 39 53 62 75
8 15 24 26 45 48 59 65 76
0 3 29 32 39 59 63 70 71
12 29 35 39 40 42 57 64 72
1 2 5 13 36 55 65 71 75
1 22 23 35 49 56 59 68 72
5 10 25 28 41 52 61 64 67
1 8 19 29 43 50 52 60 63
1 20 21 31 32 35 44 55 67
0 9 17 22 27 46 50 62 69
0 17 30 39 45 49 55 66 74
2 7 13 18 47 48 57 67 74
10 11 18 35 46 54 68 73 75
3 6 14 15 24 27 54 63 74
23 24 32 33 34 36 37 44 47
2 11 23 33 55 58 62 63 64
1 4 9 25 33 38 45 48 52
6 17 35 36 39 42 52 53 60
26 37 40 41 61 62 66 68 73
1 18 32 51 56 57 61 63 76
3 12 16 22 30 31 36 48 54
4 6 34 43 47 55 56 70 75
23 30 45 52 54 67 71 72 75
14 16 20 22 38 41 42 57 71
1 7 18 23 27 39 42 65 69
0 4 5 10 19 24 55 62 72
32 41 43 47 52 59 64 65 66
4 5 9 12 13 16 21 23 28
2 44 49 51 52 58 59 60 72
6 14 25 34 40 51 66 69 70
7 8 17 20 22 28 32 33 39
13 16 29 52 56 69 73 74 76
7 9 19 24 31 40 44 59 75
9 30 46 47 48 51 53 69 72
0 4 8 15 35 41 51 58 75
3 5 9 17 26 52 55 57 68
7 12 25 36 43 50 51 63 73
5 6 7 11 29 47 49 61 71
4 7 26 27 29 48 55 60 67
0 1 3 7 16 33 34 53 68
2 6 7 10 30 37 38 59 76
3 19 28 35 45 47 59 62 73
7 30 35 54 56 60 62 66 71
0 10 13 14 15 19 43 64 67
10 21 22 29 34 38 43 58 75
23 24 26 33 35 41 50 69 70
11 21 27 28 29 31 37 52 66
