0 20 30 42 71
1 21 31 43 72
2 22 32 44 73
3 23 33 45 74
4 24 34 46 75
5 25 35 47 76
0 6 26 36 48
1 7 27 37 49
2 8 28 38 50
3 9 29 39 51
4 10 30 40 52
5 11 31 41 53
6 12 32 42 54
7 13 33 43 55
8 14 34 44 56
9 15 35 45 57
10 16 36 46 58
11 17 37 47 59
12 18 38 48 60
13 19 39 49 61
14 20 40 50 62
15 21 41 51 63
16 22 42 52 64
17 23 43 53 65
18 24 44 54 66
19 25 45 55 67
20 26 46 56 68
21 27 47 57 69
22 28 48 58 70
23 29 49 59 71
24 30 50 60 72
25 31 51 61 73
26 32 52 62 74
27 33 53 63 75
28 34 54 64 76
0 29 35 55 65
1 30 36 56 66
2 31 37 57 67
3 32 38 58 68
4 33 39 59 69
5 34 40 60 70
6 35 41 61 71
7 36 42 62 72
8 37 43 63 73
9 38 44 64 74
10 39 45 65 75
11 40 46 66 76
0 12 41 47 67
1 13 42 48 68
2 14 43 49 69
3 15 44 50 70
4 16 45 51 71
5 17 46 52 72
6 18 47 53 73
7 19 48 54 74
8 20 49 55 75
9 21 50 56 76
0 10 22 51 57
1 11 23 52 58
2 12 24 53 59
3 13 25 54 60
4 14 26 55 61
5 15 27 56 62
6 16 28 57 63
7 17 29 58 64
8 18 30 59 65
9 19 31 60 66
10 20 32 61 67
11 21 33 62 68
12 22 34 63 69
13 23 35 64 70
14 24 36 65 71
15 25 37 66 72
16 26 38 67 73
17 27 39 68 74
18 28 40 69 75
19 29 41 70 76
3 11 20 65 69
4 12 21 66 70
5 13 22 67 71
6 14 23 68 72
7 15 24 69 73
8 16 25 70 74
9 17 26 71 75
10 18 27 72 76
0 11 19 28 73
1 12 20 29 74
2 13 21 30 75
3 14 22 31 76
0 4 15 23 32
1 5 16 24 33
2 6 17 25 34
3 7 18 26 35
4 8 19 27 36
5 9 20 28 37
6 10 21 29 38
7 11 22 30 39
8 12 23 31 40
9 13 24 32 41
10 14 25 33 42
11 15 26 34 43
12 16 27 35 44
13 17 28 36 45
14 18 29 37 46
15 19 30 38 47
16 20 31 39 48
17 21 32 40 49
18 22 33 41 50
19 23 34 42 51
20 24 35 43 52
21 25 36 44 53
22 26 37 45 54
23 27 38 46 55
24 28 39 47 56
25 29 40 48 57
26 30 41 49 58
27 31 42 50 59
28 32 43 51 60
29 33 44 52 61
30 34 45 53 62
31 35 46 54 63
32 36 47 55 64
33 37 48 56 65
34 38 49 57 66
35 39 50 58 67
36 40 51 59 68
37 41 52 60 69
38 42 53 61 70
39 43 54 62 71
40 44 55 63 72
41 45 56 64 73
42 46 57 65 74
43 47 58 66 75
44 48 59 67 76
0 45 49 60 68
1 46 50 61 69
2 47 51 62 70
3 48 52 63 71
4 49 53 64 72
5 50 54 65 73
6 51 55 66 74
7 52 56 67 75
8 53 57 68 76
0 9 54 58 69
1 10 55 59 70
2 11 56 60 71
3 12 57 61 72
4 13 58 62 73
5 14 59 63 74
6 15 60 64 75
7 16 61 65 76
0 8 17 62 66
1 9 18 63 67
2 10 19 64 68
1 17 51 73 76
0 2 18 52 74
1 3 19 53 75
2 4 20 54 76
0 3 5 21 55
1 4 6 22 56
2 5 7 23 57
3 6 8 24 58
4 7 9 25 59
5 8 10 26 60
6 9 11 27 61
7 10 12 28 62
8 11 13 29 63
9 12 14 30 64
10 13 15 31 65
11 14 16 32 66
12 15 17 33 67
13 16 18 34 68
14 17 19 35 69
15 18 20 36 70
16 19 21 37 71
17 20 22 38 72
18 21 23 39 73
19 22 24 40 74
20 23 25 41 75
21 24 26 42 76
0 22 25 27 43
1 23 26 28 44
2 24 27 29 45
3 25 28 30 46
4 26 29 31 47
5 27 30 32 48
6 28 31 33 49
7 29 32 34 50
8 30 33 35 51
9 31 34 36 52
10 32 35 37 53
11 33 36 38 54
12 34 37 39 55
13 35 38 40 56
14 36 39 41 57
15 37 40 42 58
16 38 41 43 59
17 39 42 44 60
18 40 43 45 61
19 41 44 46 62
20 42 45 47 63
21 43 46 48 64
22 44 47 49 65
23 45 48 50 66
24 46 49 51 67
25 47 50 52 68
26 48 51 53 69
27 49 52 54 70
28 50 53 55 71
29 51 54 56 72
30 52 55 57 73
31 53 56 58 74
32 54 57 59 75
33 55 58 60 76
0 34 56 59 61
1 35 57 60 62
2 36 58 61 63
3 37 59 62 64
4 38 60 63 65
5 39 61 64 66
6 40 62 65 67
7 41 63 66 68
8 42 64 67 69
9 43 65 68 70
10 44 66 69 71
11 45 67 70 72
12 46 68 71 73
13 47 69 72 74
14 48 70 73 75
15 49 71 74 76
0 16 50 72 75
17 30 31 63 70
18 31 32 64 71
19 32 33 65 72
20 33 34 66 73
21 34 35 67 74
22 35 36 68 75
23 36 37 69 76
0 24 37 38 70
1 25 38 39 71
2 26 39 40 72
3 27 40 41 73
4 28 41 42 74
5 29 42 43 75
6 30 43 44 76
0 7 31 44 45
1 8 32 45 46
2 9 33 46 47
3 10 34 47 48
4 11 35 48 49
5 12 36 49 50
6 13 37 50 51
7 14 38 51 52
8 15 39 52 53
9 16 40 53 54
10 17 41 54 55
11 18 42 55 56
12 19 43 56 57
13 20 44 57 58
14 21 45 58 59
15 22 46 59 60
16 23 47 60 61
17 24 48 61 62
18 25 49 62 63
19 26 50 63 64
20 27 51 64 65
21 28 52 65 66
22 29 53 66 67
23 30 54 67 68
24 31 55 68 69
25 32 56 69 70
26 33 57 70 71
27 34 58 71 72
28 35 59 72 73
29 36 60 73 74
30 37 61 74 75
31 38 62 75 76
0 32 39 63 76
0 1 33 40 64
1 2 34 41 65
2 3 35 42 66
3 4 36 43 67
4 5 37 44 68
5 6 38 45 69
6 7 39 46 70
7 8 40 47 71
8 9 41 48 72
9 10 42 49 73
10 11 43 50 74
11 12 44 51 75
12 13 45 52 76
0 13 14 46 53
1 14 15 47 54
2 15 16 48 55
3 16 17 49 56
4 17 18 50 57
5 18 19 51 58
6 19 20 52 59
7 20 21 53 60
8 21 22 54 61
9 22 23 55 62
10 23 24 56 63
11 24 25 57 64
12 25 26 58 65
13 26 27 59 66
14 27 28 60 67
15 28 29 61 68
16 29 30 62 69
