0 11 24 28 33 40 42 43 63 69
1 12 25 29 34 41 43 44 64 70
2 13 26 30 35 42 44 45 65 71
3 14 27 31 36 43 45 46 66 72
4 15 28 32 37 44 46 47 67 73
5 16 29 33 38 45 47 48 68 74
6 17 30 34 39 46 48 49 69 75
7 18 31 35 40 47 49 50 70 76
0 8 19 32 36 41 48 50 51 71
1 9 20 33 37 42 49 51 52 72
2 10 21 34 38 43 50 52 53 73
3 11 22 35 39 44 51 53 54 74
4 12 23 36 40 45 52 54 55 75
5 13 24 37 41 46 53 55 56 76
0 6 14 25 38 42 47 54 56 57
1 7 15 26 39 43 48 55 57 58
2 8 16 27 40 44 49 56 58 59
3 9 17 28 41 45 50 57 59 60
4 10 18 29 42 46 51 58 60 61
5 11 19 30 43 47 52 59 61 62
6 12 20 31 44 48 53 60 62 63
7 13 21 32 45 49 54 61 63 64
8 14 22 33 46 50 55 62 64 65
9 15 23 34 47 51 56 63 65 66
10 16 24 35 48 52 57 64 66 67
11 17 25 36 49 53 58 65 67 68
12 18 26 37 50 54 59 66 68 69
13 19 27 38 51 55 60 67 69 70
14 20 28 39 52 56 61 68 70 71
15 21 29 40 53 57 62 69 71 72
16 22 30 41 54 58 63 70 72 73
17 23 31 42 55 59 64 71 73 74
18 24 32 43 56 60 65 72 74 75
19 25 33 44 57 61 66 73 75 76
0 20 26 34 45 58 62 67 74 76
0 1 21 27 35 46 59 63 68 75
1 2 22 28 36 47 60 64 69 76
0 2 3 23 29 37 48 61 65 70
1 3 4 24 30 38 49 62 66 71
2 4 5 25 31 39 50 63 67 72
3 5 6 26 32 40 51 64 68 73
4 6 7 27 33 41 52 65 69 74
5 7 8 28 34 42 53 66 70 75
6 8 9 29 35 43 54 67 71 76
0 7 9 10 30 36 44 55 68 72
1 8 10 11 31 37 45 56 69 73
2 9 11 12 32 38 46 57 70 74
3 10 12 13 33 39 47 58 71 75
4 11 13 14 34 40 48 59 72 76
0 5 12 14 15 35 41 49 60 73
1 6 13 15 16 36 42 50 61 74
2 7 14 16 17 37 43 51 62 75
3 8 15 17 18 38 44 52 63 76
0 4 9 16 18 19 39 45 53 64
1 5 10 17 19 20 40 46 54 65
2 6 11 18 20 21 41 47 55 66
3 7 12 19 21 22 42 48 56 67
4 8 13 20 22 23 43 49 57 68
5 9 14 21 23 24 44 50 58 69
6 10 15 22 24 25 45 51 59 70
7 11 16 23 25 26 46 52 60 71
8 12 17 24 26 27 47 53 61 72
9 13 18 25 27 28 48 54 62 73
10 14 19 26 28 29 49 55 63 74
11 15 20 27 29 30 50 56 64 75
12 16 21 28 30 31 51 57 65 76
0 13 17 22 29 31 32 52 58 66
1 14 18 23 30 32 33 53 59 67
2 15 19 24 31 33 34 54 60 68
3 16 20 25 32 34 35 55 61 69
4 17 21 26 33 35 36 56 62 70
5 18 22 27 34 36 37 57 63 71
6 19 23 28 35 37 38 58 64 72
7 20 24 29 36 38 39 59 65 73
8 21 25 30 37 39 40 60 66 74
9 22 26 31 38 40 41 61 67 75
10 23 27 32 39 41 42 62 68 76
