1 2 13 18 33 40
5 6 17 22 37 44
9 10 21 26 41 48
13 14 25 30 45 52
17 18 29 34 49 56
21 22 33 38 53 60
25 26 37 42 57 64
29 30 41 46 61 68
33 34 45 50 65 72
0 37 38 49 54 69
4 41 42 53 58 73
1 8 45 46 57 62
5 12 49 50 61 66
9 16 53 54 65 70
13 20 57 58 69 74
2 17 24 61 62 73
1 6 21 28 65 66
5 10 25 32 69 70
9 14 29 36 73 74
4 16 21 32 34 57
8 20 25 36 38 61
12 24 29 40 42 65
16 28 33 44 46 69
20 32 37 48 50 73
1 24 36 41 52 54
5 28 40 45 56 58
9 32 44 49 60 62
13 36 48 53 64 66
17 40 52 57 68 70
21 44 56 61 72 74
0 2 25 48 60 65
4 6 29 52 64 69
8 10 33 56 68 73
1 12 14 37 60 72
0 5 16 18 41 64
4 9 20 22 45 68
8 13 24 26 49 72
0 12 17 28 30 53
1 9 34 58 59 63
5 13 38 62 63 67
9 17 42 66 67 71
13 21 46 70 71 75
3 17 25 50 74 75
2 3 7 21 29 54
6 7 11 25 33 58
10 11 15 29 37 62
14 15 19 33 41 66
18 19 23 37 45 70
22 23 27 41 49 74
2 26 27 31 45 53
6 30 31 35 49 57
10 34 35 39 53 61
14 38 39 43 57 65
18 42 43 47 61 69
22 46 47 51 65 73
1 26 50 51 55 69
5 30 54 55 59 73
6 18 32 33 67 76
10 22 36 37 71 76
14 26 40 41 75 76
3 18 30 44 45 76
7 22 34 48 49 76
11 26 38 52 53 76
15 30 42 56 57 76
19 34 46 60 61 76
23 38 50 64 65 76
27 42 54 68 69 76
31 46 58 72 73 76
0 1 35 50 62 76
4 5 39 54 66 76
8 9 43 58 70 76
12 13 47 62 74 76
2 16 17 51 66 76
6 20 21 55 70 76
10 24 25 59 74 76
2 14 28 29 63 76
9 18 21 25 36 51
13 22 25 29 40 55
17 26 29 33 44 59
21 30 33 37 48 63
25 34 37 41 52 67
29 38 41 45 56 71
33 42 45 49 60 75
3 37 46 49 53 64
7 41 50 53 57 68
11 45 54 57 61 72
0 15 49 58 61 65
4 19 53 62 65 69
8 23 57 66 69 73
1 12 27 61 70 73
1 5 16 31 65 74
2 5 9 20 35 69
6 9 13 24 39 73
1 10 13 17 28 43
5 14 17 21 32 47
27 29 35 60 66 70
31 33 39 64 70 74
2 35 37 43 68 74
2 6 39 41 47 72
0 6 10 43 45 51
4 10 14 47 49 55
8 14 18 51 53 59
12 18 22 55 57 63
16 22 26 59 61 67
20 26 30 63 65 71
24 30 34 67 69 75
3 28 34 38 71 73
1 7 32 38 42 75
3 5 11 36 42 46
7 9 15 40 46 50
11 13 19 44 50 54
15 17 23 48 54 58
19 21 27 52 58 62
23 25 31 56 62 66
12 15 21 45 59 69
16 19 25 49 63 73
1 20 23 29 53 67
5 24 27 33 57 71
9 28 31 37 61 75
3 13 32 35 41 65
7 17 36 39 45 69
11 21 40 43 49 73
1 15 25 44 47 53
5 19 29 48 51 57
9 23 33 52 55 61
13 27 37 56 59 65
17 31 41 60 63 69
21 35 45 64 67 73
1 25 39 49 68 71
5 29 43 53 72 75
0 3 9 33 47 57
4 7 13 37 51 61
8 11 17 41 55 65
3 12 19 26 39 71
7 16 23 30 43 75
3 11 20 27 34 47
7 15 24 31 38 51
11 19 28 35 42 55
15 23 32 39 46 59
19 27 36 43 50 63
23 31 40 47 54 67
27 35 44 51 58 71
31 39 48 55 62 75
3 35 43 52 59 66
7 39 47 56 63 70
11 43 51 60 67 74
2 15 47 55 64 71
6 19 51 59 68 75
3 10 23 55 63 72
0 7 14 27 59 67
4 11 18 31 63 71
8 15 22 35 67 75
21 22 31 42 50 52
25 26 35 46 54 56
29 30 39 50 58 60
33 34 43 54 62 64
37 38 47 58 66 68
41 42 51 62 70 72
0 45 46 55 66 74
2 4 49 50 59 70
6 8 53 54 63 74
2 10 12 57 58 67
6 14 16 61 62 71
10 18 20 65 66 75
3 14 22 24 69 70
7 18 26 28 73 74
1 2 11 22 30 32
5 6 15 26 34 36
9 10 19 30 38 40
13 14 23 34 42 44
17 18 27 38 46 48
1 3 4 40 48 61
5 7 8 44 52 65
9 11 12 48 56 69
13 15 16 52 60 73
1 17 19 20 56 64
5 21 23 24 60 68
9 25 27 28 64 72
0 13 29 31 32 68
4 17 33 35 36 72
0 8 21 37 39 40
4 12 25 41 43 44
8 16 29 45 47 48
12 20 33 49 51 52
16 24 37 53 55 56
20 28 41 57 59 60
24 32 45 61 63 64
28 36 49 65 67 68
32 40 53 69 71 72
0 36 44 57 73 75
14 20 31 43 46 54
18 24 35 47 50 58
22 28 39 51 54 62
26 32 43 55 58 66
30 36 47 59 62 70
34 40 51 63 66 74
2 38 44 55 67 70
6 42 48 59 71 74
2 10 46 52 63 75
3 6 14 50 56 67
7 10 18 54 60 71
11 14 22 58 64 75
3 15 18 26 62 68
7 19 22 30 66 72
0 11 23 26 34 70
4 15 27 30 38 74
2 8 19 31 34 42
6 12 23 35 38 46
10 16 27 39 42 50
0 4 19 24 46 67
4 8 23 28 50 71
8 12 27 32 54 75
3 12 16 31 36 58
7 16 20 35 40 62
11 20 24 39 44 66
15 24 28 43 48 70
19 28 32 47 52 74
2 23 32 36 51 56
6 27 36 40 55 60
10 31 40 44 59 64
14 35 44 48 63 68
18 39 48 52 67 72
0 22 43 52 56 71
4 26 47 56 60 75
3 8 30 51 60 64
7 12 34 55 64 68
11 16 38 59 68 72
0 15 20 42 63 72
