56 57 61 71
58 59 63 73
60 61 65 75
1 62 63 67
3 64 65 69
5 66 67 71
7 68 69 73
9 70 71 75
1 11 72 73
3 13 74 75
0 1 5 15
2 3 7 17
4 5 9 19
6 7 11 21
8 9 13 23
10 11 15 25
12 13 17 27
14 15 19 29
16 17 21 31
18 19 23 33
20 21 25 35
22 23 27 37
24 25 29 39
26 27 31 41
28 29 33 43
30 31 35 45
32 33 37 47
34 35 39 49
36 37 41 51
38 39 43 53
40 41 45 55
42 43 47 57
44 45 49 59
46 47 51 61
48 49 53 63
50 51 55 65
52 53 57 67
54 55 59 69
2 33 56 64
4 35 58 66
6 37 60 68
8 39 62 70
10 41 64 72
12 43 66 74
0 14 45 68
2 16 47 70
4 18 49 72
6 20 51 74
0 8 22 53
2 10 24 55
4 12 26 57
6 14 28 59
8 16 30 61
10 18 32 63
12 20 34 65
14 22 36 67
16 24 38 69
18 26 40 71
20 28 42 73
22 30 44 75
1 24 32 46
3 26 34 48
5 28 36 50
7 30 38 52
9 32 40 54
11 34 42 56
13 36 44 58
15 38 46 60
17 40 48 62
19 42 50 64
21 44 52 66
23 46 54 68
25 48 56 70
27 50 58 72
29 52 60 74
0 31 54 62
26 49 65 68
28 51 67 70
30 53 69 72
32 55 71 74
0 34 57 73
2 36 59 75
1 4 38 61
3 6 40 63
5 8 42 65
7 10 44 67
9 12 46 69
11 14 48 71
13 16 50 73
15 18 52 75
1 17 20 54
3 19 22 56
5 21 24 58
7 23 26 60
9 25 28 62
11 27 30 64
13 29 32 66
15 31 34 68
17 33 36 70
19 35 38 72
21 37 40 74
0 23 39 42
2 25 41 44
4 27 43 46
6 29 45 48
8 31 47 50
10 33 49 52
12 35 51 54
14 37 53 56
16 39 55 58
18 41 57 60
20 43 59 62
22 45 61 64
24 47 63 66
0 21 27 47
2 23 29 49
4 25 31 51
6 27 33 53
8 29 35 55
10 31 37 57
12 33 39 59
14 35 41 61
16 37 43 63
18 39 45 65
20 41 47 67
22 43 49 69
24 45 51 71
26 47 53 73
28 49 55 75
1 30 51 57
3 32 53 59
5 34 55 61
7 36 57 63
9 38 59 65
11 40 61 67
13 42 63 69
15 44 65 71
17 46 67 73
19 48 69 75
1 21 50 71
3 23 52 73
5 25 54 75
1 7 27 56
3 9 29 58
5 11 31 60
7 13 33 62
9 15 35 64
11 17 37 66
13 19 39 68
15 21 41 70
17 23 43 72
19 25 45 74
11 41 50 59
13 43 52 61
15 45 54 63
17 47 56 65
19 49 58 67
21 51 60 69
23 53 62 71
25 55 64 73
27 57 66 75
1 29 59 68
3 31 61 70
5 33 63 72
7 35 65 74
0 9 37 67
2 11 39 69
4 13 41 71
6 15 43 73
8 17 45 75
1 10 19 47
3 12 21 49
5 14 23 51
7 16 25 53
9 18 27 55
11 20 29 57
13 22 31 59
15 24 33 61
17 26 35 63
19 28 37 65
21 30 39 67
23 32 41 69
25 34 43 71
27 36 45 73
29 38 47 75
1 31 40 49
3 33 42 51
5 35 44 53
7 37 46 55
9 39 48 57
45 50 69 76
47 52 71 76
49 54 73 76
51 56 75 76
1 53 58 76
3 55 60 76
5 57 62 76
7 59 64 76
9 61 66 76
11 63 68 76
13 65 70 76
15 67 72 76
17 69 74 76
0 19 71 76
2 21 73 76
4 23 75 76
1 6 25 76
3 8 27 76
5 10 29 76
7 12 31 76
9 14 33 76
11 16 35 76
13 18 37 76
15 20 39 76
17 22 41 76
19 24 43 76
21 26 45 76
23 28 47 76
25 30 49 76
27 32 51 76
29 34 53 76
31 36 55 76
33 38 57 76
35 40 59 76
37 42 61 76
39 44 63 76
41 46 65 76
43 48 67 76
38 44 68 71
40 46 70 73
42 48 72 75
1 44 50 74
0 3 46 52
2 5 48 54
4 7 50 56
6 9 52 58
8 11 54 60
10 13 56 62
12 15 58 64
14 17 60 66
16 19 62 68
18 21 64 70
20 23 66 72
22 25 68 74
0 24 27 70
2 26 29 72
4 28 31 74
0 6 30 33
2 8 32 35
4 10 34 37
6 12 36 39
8 14 38 41
10 16 40 43
12 18 42 45
14 20 44 47
16 22 46 49
18 24 48 51
20 26 50 53
22 28 52 55
24 30 54 57
26 32 56 59
28 34 58 61
30 36 60 63
32 38 62 65
34 40 64 67
36 42 66 69
15 16 42 74
0 17 18 44
2 19 20 46
4 21 22 48
6 23 24 50
8 25 26 52
10 27 28 54
12 29 30 56
14 31 32 58
16 33 34 60
18 35 36 62
20 37 38 64
22 39 40 66
24 41 42 68
26 43 44 70
28 45 46 72
30 47 48 74
0 32 49 50
2 34 51 52
4 36 53 54
6 38 55 56
8 40 57 58
10 42 59 60
12 44 61 62
14 46 63 64
16 48 65 66
18 50 67 68
20 52 69 70
22 54 71 72
24 56 73 74
0 26 58 75
1 2 28 60
3 4 30 62
5 6 32 64
7 8 34 66
9 10 36 68
11 12 38 70
13 14 40 72
6 34 44 46
8 36 46 48
10 38 48 50
12 40 50 52
14 42 52 54
16 44 54 56
18 46 56 58
20 48 58 60
22 50 60 62
24 52 62 64
26 54 64 66
28 56 66 68
30 58 68 70
32 60 70 72
34 62 72 74
0 36 64 74
0 2 38 66
2 4 40 68
4 6 42 70
6 8 44 72
8 10 46 74
0 10 12 48
2 12 14 50
4 14 16 52
6 16 18 54
8 18 20 56
10 20 22 58
12 22 24 60
14 24 26 62
16 26 28 64
18 28 30 66
20 30 32 68
22 32 34 70
24 34 36 72
26 36 38 74
0 28 38 40
2 30 40 42
4 32 42 44
6 47 62 69
8 49 64 71
10 51 66 73
12 53 68 75
1 14 55 70
3 16 57 72
5 18 59 74
0 7 20 61
2 9 22 63
4 11 24 65
6 13 26 67
8 15 28 69
10 17 30 71
12 19 32 73
14 21 34 75
1 16 23 36
3 18 25 38
5 20 27 40
7 22 29 42
9 24 31 44
11 26 33 46
13 28 35 48
15 30 37 50
17 32 39 52
19 34 41 54
21 36 43 56
23 38 45 58
25 40 47 60
27 42 49 62
29 44 51 64
31 46 53 66
33 48 55 68
35 50 57 70
37 52 59 72
39 54 61 74
0 41 56 63
2 43 58 65
4 45 60 67
27 48 59 61
29 50 61 63
31 52 63 65
33 54 65 67
35 56 67 69
37 58 69 71
39 60 71 73
41 62 73 75
1 43 64 75
1 3 45 66
3 5 47 68
5 7 49 70
7 9 51 72
9 11 53 74
0 11 13 55
2 13 15 57
4 15 17 59
6 17 19 61
8 19 21 63
10 21 23 65
12 23 25 67
14 25 27 69
16 27 29 71
18 29 31 73
20 31 33 75
1 22 33 35
3 24 35 37
5 26 37 39
7 28 39 41
9 30 41 43
11 32 43 45
13 34 45 47
15 36 47 49
17 38 49 51
19 40 51 53
21 42 53 55
23 44 55 57
25 46 57 59
39 46 50 75
1 41 48 52
3 43 50 54
5 45 52 56
7 47 54 58
9 49 56 60
11 51 58 62
13 53 60 64
15 55 62 66
17 57 64 68
19 59 66 70
21 61 68 72
23 63 70 74
0 25 65 72
2 27 67 74
0 4 29 69
2 6 31 71
4 8 33 73
6 10 35 75
1 8 12 37
3 10 14 39
5 12 16 41
7 14 18 43
9 16 20 45
11 18 22 47
13 20 24 49
15 22 26 51
17 24 28 53
19 26 30 55
21 28 32 57
23 30 34 59
25 32 36 61
27 34 38 63
29 36 40 65
31 38 42 67
33 40 44 69
35 42 46 71
37 44 48 73
0 35 43 60
2 37 45 62
4 39 47 64
6 41 49 66
8 43 51 68
10 45 53 70
12 47 55 72
14 49 57 74
0 16 51 59
2 18 53 61
4 20 55 63
6 22 57 65
8 24 59 67
10 26 61 69
12 28 63 71
14 30 65 73
16 32 67 75
1 18 34 69
3 20 36 71
5 22 38 73
7 24 40 75
1 9 26 42
3 11 28 44
5 13 30 46
7 15 32 48
9 17 34 50
11 19 36 52
13 21 38 54
15 23 40 56
17 25 42 58
19 27 44 60
21 29 46 62
23 31 48 64
25 33 50 66
27 35 52 68
29 37 54 70
31 39 56 72
33 41 58 74
35 47 59 71
25 51 53 63
29 48 69 74
8 9 21 55
3 15 53 65
15 19 31 74
43 47 50 55
7 25 37 71
1 19 22 57
11 37 49 75
7 16 19 58
7 35 48 52
26 27 39 40
29 41 53 58
7 11 18 23
8 56 63 75
2 9 10 47
18 24 46 69
23 35 45 57
9 35 61 73
7 21 33 45
15 27 29 50
29 32 63 67
5 17 45 60
33 46 71 74
16 17 29 55
13 14 15 25
5 31 43 69
1 13 39 51
23 49 61 70
1 27 65 72
3 41 55 67
21 57 59 69
