3 5 57
4 6 58
5 7 59
6 8 60
7 9 61
8 10 62
9 11 63
10 12 64
11 13 65
12 14 66
13 15 67
14 16 68
15 17 69
16 18 70
17 19 71
18 20 72
19 21 73
20 22 74
21 23 75
22 24 76
0 23 25
1 24 26
2 25 27
3 26 28
4 27 29
5 28 30
6 29 31
7 30 32
8 31 33
9 32 34
10 33 35
11 34 36
12 35 37
13 36 38
14 37 39
15 38 40
16 39 41
17 40 42
18 41 43
19 42 44
20 43 45
21 44 46
22 45 47
23 46 48
24 47 49
25 48 50
26 49 51
27 50 52
28 51 53
29 52 54
30 53 55
31 54 56
32 55 57
33 56 58
34 57 59
35 58 60
36 59 61
37 60 62
38 61 63
39 62 64
40 63 65
41 64 66
42 65 67
43 66 68
44 67 69
45 68 70
46 69 71
47 70 72
48 71 73
49 72 74
50 73 75
51 74 76
0 52 75
1 53 76
0 2 54
1 3 55
2 4 56
7 39 51
8 40 52
9 41 53
10 42 54
11 43 55
12 44 56
13 45 57
14 46 58
15 47 59
16 48 60
17 49 61
18 50 62
19 51 63
20 52 64
21 53 65
22 54 66
23 55 67
24 56 68
25 57 69
26 58 70
27 59 71
28 60 72
29 61 73
30 62 74
31 63 75
32 64 76
0 33 65
1 34 66
2 35 67
3 36 68
4 37 69
5 38 70
6 39 71
7 40 72
8 41 73
9 42 74
10 43 75
11 44 76
0 12 45
1 13 46
2 14 47
3 15 48
4 16 49
5 17 50
6 18 51
7 19 52
8 20 53
9 21 54
10 22 55
11 23 56
12 24 57
13 25 58
14 26 59
15 27 60
16 28 61
17 29 62
18 30 63
19 31 64
20 32 65
21 33 66
22 34 67
23 35 68
24 36 69
25 37 70
26 38 71
27 39 72
28 40 73
29 41 74
30 42 75
31 43 76
0 32 44
1 33 45
2 34 46
3 35 47
4 36 48
5 37 49
6 38 50
17 18 36
18 19 37
19 20 38
20 21 39
21 22 40
22 23 41
23 24 42
24 25 43
25 26 44
26 27 45
27 28 46
28 29 47
29 30 48
30 31 49
31 32 50
32 33 51
33 34 52
34 35 53
35 36 54
36 37 55
37 38 56
38 39 57
39 40 58
40 41 59
41 42 60
42 43 61
43 44 62
44 45 63
45 46 64
46 47 65
47 48 66
48 49 67
49 50 68
50 51 69
51 52 70
52 53 71
53 54 72
54 55 73
55 56 74
56 57 75
57 58 76
0 58 59
1 59 60
2 60 61
3 61 62
4 62 63
5 63 64
6 64 65
7 65 66
8 66 67
9 67 68
10 68 69
11 69 70
12 70 71
13 71 72
14 72 73
15 73 74
16 74 75
17 75 76
0 18 76
0 1 19
1 2 20
2 3 21
3 4 22
4 5 23
5 6 24
6 7 25
7 8 26
8 9 27
9 10 28
10 11 29
11 12 30
12 13 31
13 14 32
14 15 33
15 16 34
16 17 35
7 16 42
8 17 43
9 18 44
10 19 45
11 20 46
12 21 47
13 22 48
14 23 49
15 24 50
16 25 51
17 26 52
18 27 53
19 28 54
20 29 55
21 30 56
22 31 57
23 32 58
24 33 59
25 34 60
26 35 61
27 36 62
28 37 63
29 38 64
30 39 65
31 40 66
32 41 67
33 42 68
34 43 69
35 44 70
36 45 71
37 46 72
38 47 73
39 48 74
40 49 75
41 50 76
0 42 51
1 43 52
2 44 53
3 45 54
4 46 55
5 47 56
6 48 57
7 49 58
8 50 59
9 51 60
10 52 61
11 53 62
12 54 63
13 55 64
14 56 65
15 57 66
16 58 67
17 59 68
18 60 69
19 61 70
20 62 71
21 63 72
22 64 73
23 65 74
24 66 75
25 67 76
0 26 68
1 27 69
2 28 70
3 29 71
4 30 72
5 31 73
6 32 74
7 33 75
8 34 76
0 9 35
1 10 36
2 11 37
3 12 38
4 13 39
5 14 40
6 15 41
21 28 34
22 29 35
23 30 36
24 31 37
25 32 38
26 33 39
27 34 40
28 35 41
29 36 42
30 37 43
31 38 44
32 39 45
33 40 46
34 41 47
35 42 48
36 43 49
37 44 50
38 45 51
39 46 52
40 47 53
41 48 54
42 49 55
43 50 56
44 51 57
45 52 58
46 53 59
47 54 60
48 55 61
49 56 62
50 57 63
51 58 64
52 59 65
53 60 66
54 61 67
55 62 68
56 63 69
57 64 70
58 65 71
59 66 72
60 67 73
61 68 74
62 69 75
63 70 76
0 64 71
1 65 72
2 66 73
3 67 74
4 68 75
5 69 76
0 6 70
1 7 71
2 8 72
3 9 73
4 10 74
5 11 75
6 12 76
0 7 13
1 8 14
2 9 15
3 10 16
4 11 17
5 12 18
6 13 19
7 14 20
8 15 21
9 16 22
10 17 23
11 18 24
12 19 25
13 20 26
14 21 27
15 22 28
16 23 29
17 24 30
18 25 31
19 26 32
20 27 33
7 48 56
8 49 57
9 50 58
10 51 59
11 52 60
12 53 61
13 54 62
14 55 63
15 56 64
16 57 65
17 58 66
18 59 67
19 60 68
20 61 69
21 62 70
22 63 71
23 64 72
24 65 73
25 66 74
26 67 75
27 68 76
0 28 69
1 29 70
2 30 71
3 31 72
4 32 73
5 33 74
6 34 75
7 35 76
0 8 36
1 9 37
2 10 38
3 11 39
4 12 40
5 13 41
6 14 42
7 15 43
8 16 44
9 17 45
10 18 46
11 19 47
12 20 48
13 21 49
14 22 50
15 23 51
16 24 52
17 25 53
18 26 54
19 27 55
20 28 56
21 29 57
22 30 58
23 31 59
24 32 60
25 33 61
26 34 62
27 35 63
28 36 64
29 37 65
30 38 66
31 39 67
32 40 68
33 41 69
34 42 70
35 43 71
36 44 72
37 45 73
38 46 74
39 47 75
40 48 76
0 41 49
1 42 50
2 43 51
3 44 52
4 45 53
5 46 54
6 47 55
26 37 74
27 38 75
28 39 76
0 29 40
1 30 41
2 31 42
3 32 43
4 33 44
5 34 45
6 35 46
7 36 47
8 37 48
9 38 49
10 39 50
11 40 51
12 41 52
13 42 53
14 43 54
15 44 55
16 45 56
17 46 57
18 47 58
19 48 59
20 49 60
21 50 61
22 51 62
23 52 63
24 53 64
25 54 65
26 55 66
27 56 67
28 57 68
29 58 69
30 59 70
31 60 71
32 61 72
33 62 73
34 63 74
35 64 75
36 65 76
0 37 66
1 38 67
2 39 68
3 40 69
4 41 70
5 42 71
6 43 72
7 44 73
8 45 74
9 46 75
10 47 76
0 11 48
1 12 49
2 13 50
3 14 51
4 15 52
5 16 53
6 17 54
7 18 55
8 19 56
9 20 57
10 21 58
11 22 59
12 23 60
13 24 61
14 25 62
15 26 63
16 27 64
17 28 65
18 29 66
19 30 67
20 31 68
21 32 69
22 33 70
23 34 71
24 35 72
25 36 73
3 46 50
4 47 51
5 48 52
6 49 53
7 50 54
8 51 55
9 52 56
10 53 57
11 54 58
12 55 59
13 56 60
14 57 61
15 58 62
16 59 63
17 60 64
18 61 65
19 62 66
20 63 67
21 64 68
22 65 69
23 66 70
24 67 71
25 68 72
26 69 73
27 70 74
28 71 75
29 72 76
0 30 73
1 31 74
2 32 75
3 33 76
0 4 34
1 5 35
2 6 36
3 7 37
4 8 38
5 9 39
6 10 40
7 11 41
8 12 42
9 13 43
10 14 44
11 15 45
12 16 46
13 17 47
14 18 48
15 19 49
16 20 50
17 21 51
18 22 52
19 23 53
20 24 54
21 25 55
22 26 56
23 27 57
24 28 58
25 29 59
26 30 60
27 31 61
28 32 62
29 33 63
30 34 64
31 35 65
32 36 66
33 37 67
34 38 68
35 39 69
36 40 70
37 41 71
38 42 72
39 43 73
40 44 74
41 45 75
42 46 76
0 43 47
1 44 48
2 45 49
16 33 71
17 34 72
18 35 73
19 36 74
20 37 75
21 38 76
0 22 39
1 23 40
2 24 41
3 25 42
4 26 43
5 27 44
6 28 45
7 29 46
8 30 47
9 31 48
10 32 49
11 33 50
12 34 51
13 35 52
14 36 53
15 37 54
16 38 55
17 39 56
18 40 57
19 41 58
20 42 59
21 43 60
22 44 61
23 45 62
24 46 63
25 47 64
26 48 65
27 49 66
28 50 67
29 51 68
30 52 69
31 53 70
32 54 71
33 55 72
34 56 73
35 57 74
36 58 75
37 59 76
0 38 60
1 39 61
2 40 62
3 41 63
4 42 64
5 43 65
6 44 66
7 45 67
8 46 68
9 47 69
10 48 70
11 49 71
12 50 72
13 51 73
14 52 74
15 53 75
16 54 76
0 17 55
1 18 56
2 19 57
3 20 58
4 21 59
5 22 60
6 23 61
7 24 62
8 25 63
9 26 64
10 27 65
11 28 66
12 29 67
13 30 68
14 31 69
15 32 70
17 27 73
18 28 74
19 29 75
20 30 76
0 21 31
1 22 32
2 23 33
3 24 34
4 25 35
5 26 36
6 27 37
7 28 38
8 29 39
9 30 40
10 31 41
11 32 42
12 33 43
13 34 44
14 35 45
15 36 46
16 37 47
17 38 48
18 39 49
19 40 50
20 41 51
21 42 52
22 43 53
23 44 54
24 45 55
25 46 56
26 47 57
27 48 58
28 49 59
29 50 60
30 51 61
31 52 62
32 53 63
33 54 64
34 55 65
35 56 66
36 57 67
37 58 68
38 59 69
39 60 70
40 61 71
41 62 72
42 63 73
43 64 74
44 65 75
45 66 76
0 46 67
1 47 68
2 48 69
3 49 70
4 50 71
5 51 72
6 52 73
7 53 74
8 54 75
9 55 76
0 10 56
1 11 57
2 12 58
3 13 59
4 14 60
5 15 61
6 16 62
7 17 63
8 18 64
9 19 65
10 20 66
11 21 67
12 22 68
13 23 69
14 24 70
15 25 71
16 26 72
0 15 72
1 16 73
2 17 74
3 18 75
4 19 76
0 5 20
1 6 21
2 7 22
3 8 23
4 9 24
5 10 25
6 11 26
7 12 27
8 13 28
9 14 29
10 15 30
11 16 31
12 17 32
13 18 33
14 19 34
15 20 35
16 21 36
17 22 37
18 23 38
19 24 39
20 25 40
21 26 41
22 27 42
23 28 43
24 29 44
25 30 45
26 31 46
27 32 47
28 33 48
29 34 49
30 35 50
31 36 51
32 37 52
33 38 53
34 39 54
35 40 55
36 41 56
37 42 57
38 43 58
39 44 59
40 45 60
41 46 61
42 47 62
43 48 63
44 49 64
45 50 65
46 51 66
47 52 67
48 53 68
49 54 69
50 55 70
51 56 71
52 57 72
53 58 73
54 59 74
55 60 75
56 61 76
0 57 62
1 58 63
2 59 64
3 60 65
4 61 66
5 62 67
6 63 68
7 64 69
8 65 70
9 66 71
10 67 72
11 68 73
12 69 74
13 70 75
14 71 76
23 73 76
0 24 74
1 25 75
2 26 76
0 3 27
1 4 28
2 5 29
3 6 30
4 7 31
5 8 32
6 9 33
7 10 34
8 11 35
9 12 36
10 13 37
11 14 38
12 15 39
13 16 40
14 17 41
15 18 42
16 19 43
17 20 44
18 21 45
19 22 46
20 23 47
21 24 48
22 25 49
23 26 50
24 27 51
25 28 52
26 29 53
27 30 54
28 31 55
29 32 56
30 33 57
31 34 58
32 35 59
33 36 60
34 37 61
35 38 62
36 39 63
37 40 64
38 41 65
39 42 66
40 43 67
41 44 68
42 45 69
43 46 70
44 47 71
45 48 72
46 49 73
47 50 74
48 51 75
49 52 76
0 50 53
1 51 54
2 52 55
3 53 56
4 54 57
5 55 58
6 56 59
7 57 60
8 58 61
9 59 62
10 60 63
11 61 64
12 62 65
13 63 66
14 64 67
15 65 68
16 66 69
17 67 70
18 68 71
19 69 72
20 70 73
21 71 74
22 72 75
15 62 76
0 16 63
1 17 64
2 18 65
3 19 66
4 20 67
5 21 68
6 22 69
7 23 70
8 24 71
9 25 72
10 26 73
11 27 74
12 28 75
13 29 76
0 14 30
1 15 31
2 16 32
3 17 33
4 18 34
5 19 35
6 20 36
7 21 37
8 22 38
9 23 39
10 24 40
11 25 41
12 26 42
13 27 43
14 28 44
15 29 45
16 30 46
17 31 47
18 32 48
19 33 49
20 34 50
21 35 51
22 36 52
23 37 53
24 38 54
25 39 55
26 40 56
27 41 57
28 42 58
29 43 59
30 44 60
31 45 61
32 46 62
33 47 63
34 48 64
35 49 65
36 50 66
37 51 67
38 52 68
39 53 69
40 54 70
41 55 71
42 56 72
43 57 73
44 58 74
45 59 75
46 60 76
0 47 61
1 48 62
2 49 63
3 50 64
4 51 65
5 52 66
6 53 67
7 54 68
8 55 69
9 56 70
10 57 71
11 58 72
12 59 73
13 60 74
14 61 75
