15 34 39 51 73 77
0 16 35 40 52 74
1 17 36 41 53 75
2 18 37 42 54 76
3 19 38 43 55 77
0 4 20 39 44 56
1 5 21 40 45 57
2 6 22 41 46 58
3 7 23 42 47 59
4 8 24 43 48 60
5 9 25 44 49 61
6 10 26 45 50 62
7 11 27 46 51 63
8 12 28 47 52 64
9 13 29 48 53 65
10 14 30 49 54 66
11 15 31 50 55 67
12 16 32 51 56 68
13 17 33 52 57 69
14 18 34 53 58 70
15 19 35 54 59 71
16 20 36 55 60 72
17 21 37 56 61 73
18 22 38 57 62 74
19 23 39 58 63 75
20 24 40 59 64 76
21 25 41 60 65 77
0 22 26 42 61 66
1 23 27 43 62 67
2 24 28 44 63 68
3 25 29 45 64 69
4 26 30 46 65 70
5 27 31 47 66 71
6 28 32 48 67 72
7 29 33 49 68 73
8 30 34 50 69 74
9 31 35 51 70 75
10 32 36 52 71 76
11 33 37 53 72 77
0 12 34 38 54 73
1 13 35 39 55 74
2 14 36 40 56 75
3 15 37 41 57 76
4 16 38 42 58 77
0 5 17 39 43 59
1 6 18 40 44 60
2 7 19 41 45 61
3 8 20 42 46 62
4 9 21 43 47 63
5 10 22 44 48 64
6 11 23 45 49 65
7 12 24 46 50 66
8 13 25 47 51 67
9 14 26 48 52 68
10 15 27 49 53 69
11 16 28 50 54 70
12 17 29 51 55 71
13 18 30 52 56 72
14 19 31 53 57 73
15 20 32 54 58 74
16 21 33 55 59 75
17 22 34 56 60 76
18 23 35 57 61 77
0 19 24 36 58 62
1 20 25 37 59 63
2 21 26 38 60 64
3 22 27 39 61 65
4 23 28 40 62 66
5 24 29 41 63 67
6 25 30 42 64 68
7 26 31 43 65 69
8 27 32 44 66 70
9 28 33 45 67 71
10 29 34 46 68 72
11 30 35 47 69 73
12 31 36 48 70 74
13 32 37 49 71 75
14 33 38 50 72 76
0 5 37 65 67 68
1 6 38 66 68 69
2 7 39 67 69 70
3 8 40 68 70 71
4 9 41 69 71 72
5 10 42 70 72 73
6 11 43 71 73 74
7 12 44 72 74 75
8 13 45 73 75 76
9 14 46 74 76 77
0 10 15 47 75 77
0 1 11 16 48 76
1 2 12 17 49 77
0 2 3 13 18 50
1 3 4 14 19 51
2 4 5 15 20 52
3 5 6 16 21 53
4 6 7 17 22 54
5 7 8 18 23 55
6 8 9 19 24 56
7 9 10 20 25 57
8 10 11 21 26 58
9 11 12 22 27 59
10 12 13 23 28 60
11 13 14 24 29 61
12 14 15 25 30 62
13 15 16 26 31 63
14 16 17 27 32 64
15 17 18 28 33 65
16 18 19 29 34 66
17 19 20 30 35 67
18 20 21 31 36 68
19 21 22 32 37 69
20 22 23 33 38 70
21 23 24 34 39 71
22 24 25 35 40 72
23 25 26 36 41 73
24 26 27 37 42 74
25 27 28 38 43 75
26 28 29 39 44 76
27 29 30 40 45 77
0 28 30 31 41 46
1 29 31 32 42 47
2 30 32 33 43 48
3 31 33 34 44 49
4 32 34 35 45 50
5 33 35 36 46 51
6 34 36 37 47 52
7 35 37 38 48 53
8 36 38 39 49 54
9 37 39 40 50 55
10 38 40 41 51 56
11 39 41 42 52 57
12 40 42 43 53 58
13 41 43 44 54 59
14 42 44 45 55 60
15 43 45 46 56 61
16 44 46 47 57 62
17 45 47 48 58 63
18 46 48 49 59 64
19 47 49 50 60 65
20 48 50 51 61 66
21 49 51 52 62 67
22 50 52 53 63 68
23 51 53 54 64 69
24 52 54 55 65 70
25 53 55 56 66 71
26 54 56 57 67 72
27 55 57 58 68 73
28 56 58 59 69 74
29 57 59 60 70 75
30 58 60 61 71 76
31 59 61 62 72 77
0 32 60 62 63 73
1 33 61 63 64 74
2 34 62 64 65 75
3 35 63 65 66 76
4 36 64 66 67 77
6 12 14 21 35 39
7 13 15 22 36 40
8 14 16 23 37 41
9 15 17 24 38 42
10 16 18 25 39 43
11 17 19 26 40 44
12 18 20 27 41 45
13 19 21 28 42 46
14 20 22 29 43 47
15 21 23 30 44 48
16 22 24 31 45 49
17 23 25 32 46 50
18 24 26 33 47 51
19 25 27 34 48 52
20 26 28 35 49 53
21 27 29 36 50 54
22 28 30 37 51 55
23 29 31 38 52 56
24 30 32 39 53 57
25 31 33 40 54 58
26 32 34 41 55 59
27 33 35 42 56 60
28 34 36 43 57 61
29 35 37 44 58 62
30 36 38 45 59 63
31 37 39 46 60 64
32 38 40 47 61 65
33 39 41 48 62 66
34 40 42 49 63 67
35 41 43 50 64 68
36 42 44 51 65 69
37 43 45 52 66 70
38 44 46 53 67 71
39 45 47 54 68 72
40 46 48 55 69 73
41 47 49 56 70 74
42 48 50 57 71 75
43 49 51 58 72 76
44 50 52 59 73 77
0 45 51 53 60 74
1 46 52 54 61 75
2 47 53 55 62 76
3 48 54 56 63 77
0 4 49 55 57 64
1 5 50 56 58 65
2 6 51 57 59 66
3 7 52 58 60 67
4 8 53 59 61 68
5 9 54 60 62 69
6 10 55 61 63 70
7 11 56 62 64 71
8 12 57 63 65 72
9 13 58 64 66 73
10 14 59 65 67 74
11 15 60 66 68 75
12 16 61 67 69 76
13 17 62 68 70 77
0 14 18 63 69 71
1 15 19 64 70 72
2 16 20 65 71 73
3 17 21 66 72 74
4 18 22 67 73 75
5 19 23 68 74 76
6 20 24 69 75 77
0 7 21 25 70 76
1 8 22 26 71 77
0 2 9 23 27 72
1 3 10 24 28 73
2 4 11 25 29 74
3 5 12 26 30 75
4 6 13 27 31 76
5 7 14 28 32 77
0 6 8 15 29 33
1 7 9 16 30 34
2 8 10 17 31 35
3 9 11 18 32 36
4 10 12 19 33 37
5 11 13 20 34 38
