0 5 29 34 37 55 64 73
6 14 17 23 26 33 54 72
2 6 9 13 25 31 46 62
13 20 22 38 45 48 57 62
4 12 13 14 28 40 65 75
22 33 38 42 52 63 64 67
10 35 44 52 58 62 73 74
0 11 15 26 40 46 57 65
1 17 19 30 47 64 65 77
7 9 12 18 23 33 44 57
2 18 22 23 49 53 69 77
14 19 22 25 32 37 39 50
26 27 28 29 31 32 52 71
3 5 26 33 37 49 68 70
4 33 34 43 47 51 66 71
1 31 50 60 67 68 74 77
9 10 36 53 58 59 61 63
9 18 24 41 54 65 67 73
8 11 19 36 49 55 56 73
5 14 27 30 36 45 52 59
16 18 25 36 40 52 68 76
5 10 12 13 20 27 47 77
5 21 22 30 54 60 61 71
2 5 17 39 48 56 67 75
4 27 42 53 57 70 72 73
1 5 9 28 44 50 66 69
3 9 41 42 43 48 73 74
10 14 15 16 24 48 55 70
8 27 30 37 41 46 48 69
9 20 22 29 49 68 72 75
12 15 21 31 39 43 49 76
11 28 30 34 53 62 67 76
6 19 40 45 47 63 73 76
2 15 34 38 41 50 51 59
3 15 18 35 37 47 61 72
4 5 19 23 24 59 74 76
13 32 44 45 51 54 55 76
21 24 28 35 38 58 72 77
7 13 16 34 42 54 58 60
0 8 25 28 47 54 59 70
14 20 41 49 57 62 63 71
31 32 50 54 57 64 74 75
10 18 28 39 42 45 46 66
4 6 29 30 38 39 46 58
10 31 34 44 48 59 65 72
8 14 31 38 61 66 68 73
1 4 11 12 25 48 61 64
7 8 22 25 26 34 35 40
7 11 17 27 38 43 54 63
17 20 34 40 61 69 70 74
3 21 27 29 40 50 56 59
1 24 37 44 45 53 71 75
0 23 24 27 46 51 61 62
2 10 26 37 38 57 60 76
7 33 45 49 50 60 61 65
2 3 12 30 55 63 72 74
0 14 21 32 35 57 67 69
13 23 46 50 63 70 71 73
6 16 20 21 23 28 31 37
12 22 26 30 59 66 73 75
13 24 30 31 33 35 53 64
24 25 26 29 42 47 49 74
0 4 17 22 31 41 44 45
6 25 30 43 55 57 68 77
5 12 16 35 41 64 65 71
21 32 38 44 46 47 53 64
1 7 21 39 55 59 62 75
18 19 40 48 54 62 64 66
2 15 19 25 27 33 58 75
6 11 35 42 55 59 69 71
8 9 11 21 45 52 70 72
1 15 20 46 54 56 72 73
0 6 10 12 43 50 52 56
8 12 17 20 50 58 71 76
4 16 26 47 50 55 62 67
3 4 10 33 54 62 68 69
3 16 17 44 46 49 52 57
9 14 26 51 56 58 64 69
9 15 28 33 36 37 38 74
12 31 33 40 46 53 55 60
9 24 34 39 47 56 57 60
3 14 20 25 39 53 65 66
2 12 29 45 54 66 67 70
1 10 30 32 40 49 51 72
11 23 39 40 41 47 58 68
14 37 40 42 43 44 61 67
5 32 36 43 58 62 65 70
3 38 56 61 70 75 76 77
5 8 15 29 44 62 63 77
2 8 18 21 33 51 65 74
22 23 31 36 43 47 69 76
3 7 10 11 19 31 66 71
12 17 24 32 59 61 62 68
23 34 35 48 49 50 54 75
2 6 7 14 47 48 52 53
3 6 15 34 36 45 57 64
10 13 15 17 21 25 69 73
11 16 32 33 39 48 73 77
0 12 16 19 38 60 69 72
4 6 8 18 20 32 60 75
0 8 36 39 51 53 54 77
9 10 17 19 22 35 51 70
2 7 28 49 59 64 73 76
7 13 36 39 67 71 72 74
16 33 41 56 57 59 66 77
11 14 22 34 46 74 76 77
7 19 28 29 51 57 61 69
8 10 16 23 29 64 67 68
1 3 8 13 24 43 69 75
7 15 23 30 32 42 63 66
2 11 20 24 30 36 44 50
3 23 25 45 51 60 67 73
9 20 27 35 55 65 66 76
0 2 3 9 32 40 71 77
1 18 23 34 38 52 55 70
2 4 13 28 35 56 63 68
22 28 43 56 60 62 64 72
11 13 18 29 37 43 59 60
6 27 39 41 44 60 64 70
5 7 45 46 53 56 68 74
19 20 33 35 43 46 59 67
0 13 17 37 49 58 66 74
13 19 26 41 52 53 55 61
6 12 36 37 42 51 56 62
5 11 16 25 31 51 63 75
12 18 19 21 27 34 63 68
18 26 45 48 58 69 71 77
0 1 29 33 41 48 63 76
5 6 24 38 40 49 66 67
4 9 15 16 29 30 43 53
0 15 47 52 60 68 71 75
1 6 16 22 27 61 65 74
24 37 39 52 54 63 65 69
4 21 26 36 48 60 63 66
17 28 42 48 51 55 65 68
25 32 34 41 52 56 66 72
0 7 14 18 30 31 56 70
2 16 26 35 39 43 45 61
23 25 29 38 44 56 65 71
1 2 5 8 31 42 57 58
3 7 22 24 28 41 55 58
4 7 20 37 51 52 64 77
0 1 19 20 26 42 44 68
1 14 17 29 35 36 41 60
10 21 36 41 42 46 75 77
4 15 22 27 44 49 58 67
5 17 18 42 50 53 72 76
