0 2 8 10 18 50 64 67 71 77
1 12 26 31 39 43 45 64 65 72
1 3 5 7 21 22 34 62 66 71
4 6 9 25 26 39 47 48 66 70
5 7 13 14 15 52 56 70 73 77
4 11 13 14 20 27 32 41 43 54
23 36 39 44 50 52 59 61 66 74
3 4 17 23 33 37 42 45 49 63
8 15 19 26 28 41 49 51 61 76
3 9 11 24 28 29 37 44 53 67
2 6 17 20 30 38 55 57 60 65
0 5 25 30 34 35 41 53 69 72
6 7 19 20 31 35 40 42 52 67
10 15 29 31 34 36 42 48 58 60
5 24 27 33 38 51 64 68 70 75
0 3 12 14 36 47 49 52 54 55
14 16 18 19 23 29 45 50 69 75
24 27 29 31 40 46 48 50 55 63
8 9 12 32 40 46 58 69 73 74
0 1 11 15 38 40 57 63 66 74
2 7 14 17 24 25 39 58 68 76
5 6 12 19 21 36 37 44 57 64
5 10 20 24 28 43 47 61 74 77
12 13 18 24 26 35 60 61 62 63
10 22 32 35 37 49 51 65 66 68
14 20 31 33 36 38 41 69 70 71
1 10 17 28 35 54 55 58 64 70
10 11 22 26 29 30 33 46 52 75
6 10 11 33 44 59 62 69 76 77
1 2 13 23 28 40 48 49 53 75
3 18 42 43 46 53 66 70 76 77
9 20 34 52 61 63 64 65 75 76
3 4 6 22 38 50 58 61 67 72
5 9 11 16 39 42 49 51 60 71
7 25 30 36 43 51 55 67 74 75
20 21 50 51 54 63 69 72 73 77
7 9 12 15 17 22 23 27 53 77
21 29 39 41 43 49 57 58 59 77
7 8 13 33 37 39 48 56 57 72
3 16 18 25 27 40 41 60 65 73
4 15 30 40 43 44 47 64 68 69
0 6 23 24 32 41 42 56 64 65
1 6 14 29 31 32 51 53 61 73
11 12 17 19 34 50 53 59 65 70
19 25 28 31 32 45 55 66 76 77
14 16 26 34 37 38 42 68 74 77
5 6 39 41 45 46 54 63 67 68
8 14 27 28 29 60 66 67 70 72
2 9 15 21 33 35 43 45 50 66
19 23 35 38 43 48 52 68 71 73
4 5 10 12 13 25 29 38 71 76
0 4 9 19 31 37 54 58 62 75
1 9 18 19 24 30 36 55 68 72
0 1 8 16 22 32 43 61 63 70
2 3 10 19 26 27 47 53 56 63
3 13 17 41 48 51 64 66 69 74
4 7 16 28 35 36 46 65 75 77
1 4 8 21 42 52 53 55 59 60
21 24 27 30 31 36 49 56 74 76
17 26 29 36 40 46 54 61 71 72
12 16 24 32 33 40 47 59 67 71
11 18 23 31 33 34 47 51 57 58
1 20 22 37 40 41 47 50 60 76
0 13 20 21 23 25 26 27 59 68
2 25 41 44 51 52 57 62 70 72
3 8 17 18 31 35 44 59 68 75
2 5 8 11 26 30 31 54 66 73
7 11 37 43 55 56 60 61 68 69
26 28 32 36 42 50 53 57 62 68
27 33 38 39 45 48 53 55 62 73
6 16 27 28 30 37 52 58 63 71
0 12 20 28 29 33 39 44 68 73
14 22 44 48 53 54 57 65 71 74
8 18 20 25 32 38 44 49 50 56
10 11 14 21 35 39 40 56 72 75
5 6 8 13 36 45 47 50 58 65
0 2 4 29 35 45 51 56 60 74
21 23 30 40 45 48 51 61 70 77
11 22 25 36 37 45 59 63 64 73
0 5 7 16 17 18 21 32 48 52
2 4 18 22 24 28 34 39 54 69
7 9 10 16 30 38 41 50 54 59
2 13 15 16 22 31 42 44 55 72
15 21 25 29 42 47 54 62 65 75
12 26 41 55 56 58 63 66 71 75
5 8 10 23 34 40 55 59 62 72
1 19 25 33 46 54 56 60 61 77
2 11 32 35 36 47 48 61 72 76
8 16 20 24 46 53 58 62 64 66
1 7 26 27 34 44 45 58 67 69
6 7 15 18 29 37 49 64 70 74
3 10 15 20 24 45 52 57 71 73
3 13 15 19 30 32 34 39 60 75
14 17 19 22 28 30 43 56 59 62
19 33 49 52 62 65 67 69 72 74
7 9 14 23 44 46 47 60 63 64
13 17 21 28 31 38 46 47 67 73
9 13 16 23 34 54 56 57 67 76
2 12 15 20 37 46 48 51 59 67
0 6 34 43 46 49 57 73 75 76
4 12 27 30 35 42 57 61 69 73
