6 40 55 70
8 42 57 72
10 44 59 74
12 46 61 76
0 14 48 63
2 16 50 65
4 18 52 67
6 20 54 69
8 22 56 71
10 24 58 73
12 26 60 75
14 28 62 77
1 16 30 64
3 18 32 66
5 20 34 68
7 22 36 70
9 24 38 72
11 26 40 74
13 28 42 76
0 15 30 44
2 17 32 46
4 19 34 48
6 21 36 50
8 23 38 52
10 25 40 54
12 27 42 56
14 29 44 58
16 31 46 60
18 33 48 62
20 35 50 64
22 37 52 66
24 39 54 68
26 41 56 70
28 43 58 72
30 45 60 74
32 47 62 76
0 34 49 64
2 36 51 66
4 38 53 68
17 35 61 71
19 37 63 73
21 39 65 75
23 41 67 77
1 25 43 69
3 27 45 71
5 29 47 73
7 31 49 75
9 33 51 77
1 11 35 53
3 13 37 55
5 15 39 57
7 17 41 59
9 19 43 61
11 21 45 63
13 23 47 65
15 25 49 67
17 27 51 69
19 29 53 71
21 31 55 73
23 33 57 75
25 35 59 77
1 27 37 61
3 29 39 63
5 31 41 65
7 33 43 67
9 35 45 69
11 37 47 71
13 39 49 73
15 41 51 75
17 43 53 77
1 19 45 55
3 21 47 57
5 23 49 59
7 25 51 61
9 27 53 63
11 29 55 65
13 31 57 67
15 33 59 69
15 21 24 66
17 23 26 68
19 25 28 70
21 27 30 72
23 29 32 74
25 31 34 76
0 27 33 36
2 29 35 38
4 31 37 40
6 33 39 42
8 35 41 44
10 37 43 46
12 39 45 48
14 41 47 50
16 43 49 52
18 45 51 54
20 47 53 56
22 49 55 58
24 51 57 60
26 53 59 62
28 55 61 64
30 57 63 66
32 59 65 68
34 61 67 70
36 63 69 72
38 65 71 74
40 67 73 76
0 42 69 75
2 44 71 77
1 4 46 73
3 6 48 75
5 8 50 77
1 7 10 52
3 9 12 54
5 11 14 56
7 13 16 58
9 15 18 60
11 17 20 62
13 19 22 64
10 16 19 68
12 18 21 70
14 20 23 72
16 22 25 74
18 24 27 76
0 20 26 29
2 22 28 31
4 24 30 33
6 26 32 35
8 28 34 37
10 30 36 39
12 32 38 41
14 34 40 43
16 36 42 45
18 38 44 47
20 40 46 49
22 42 48 51
24 44 50 53
26 46 52 55
28 48 54 57
30 50 56 59
32 52 58 61
34 54 60 63
36 56 62 65
38 58 64 67
40 60 66 69
42 62 68 71
44 64 70 73
46 66 72 75
48 68 74 77
1 50 70 76
0 3 52 72
2 5 54 74
4 7 56 76
0 6 9 58
2 8 11 60
4 10 13 62
6 12 15 64
8 14 17 66
49 50 69 71
51 52 71 73
53 54 73 75
55 56 75 77
1 57 58 77
1 3 59 60
3 5 61 62
5 7 63 64
7 9 65 66
9 11 67 68
11 13 69 70
13 15 71 72
15 17 73 74
17 19 75 76
0 19 21 77
1 2 21 23
3 4 23 25
5 6 25 27
7 8 27 29
9 10 29 31
11 12 31 33
13 14 33 35
15 16 35 37
17 18 37 39
19 20 39 41
21 22 41 43
23 24 43 45
25 26 45 47
27 28 47 49
29 30 49 51
31 32 51 53
33 34 53 55
35 36 55 57
37 38 57 59
39 40 59 61
41 42 61 63
43 44 63 65
45 46 65 67
47 48 67 69
27 34 74 75
29 36 76 77
0 1 31 38
2 3 33 40
4 5 35 42
6 7 37 44
8 9 39 46
10 11 41 48
12 13 43 50
14 15 45 52
16 17 47 54
18 19 49 56
20 21 51 58
22 23 53 60
24 25 55 62
26 27 57 64
28 29 59 66
30 31 61 68
32 33 63 70
34 35 65 72
36 37 67 74
38 39 69 76
0 40 41 71
2 42 43 73
4 44 45 75
6 46 47 77
1 8 48 49
3 10 50 51
5 12 52 53
7 14 54 55
9 16 56 57
11 18 58 59
13 20 60 61
15 22 62 63
17 24 64 65
19 26 66 67
21 28 68 69
23 30 70 71
25 32 72 73
18 26 73 77
1 20 28 75
3 22 30 77
1 5 24 32
3 7 26 34
5 9 28 36
7 11 30 38
9 13 32 40
11 15 34 42
13 17 36 44
15 19 38 46
17 21 40 48
19 23 42 50
21 25 44 52
23 27 46 54
25 29 48 56
27 31 50 58
29 33 52 60
31 35 54 62
33 37 56 64
35 39 58 66
37 41 60 68
39 43 62 70
41 45 64 72
43 47 66 74
45 49 68 76
0 47 51 70
2 49 53 72
4 51 55 74
6 53 57 76
0 8 55 59
2 10 57 61
4 12 59 63
6 14 61 65
8 16 63 67
10 18 65 69
12 20 67 71
14 22 69 73
16 24 71 75
4 16 20 77
1 6 18 22
3 8 20 24
5 10 22 26
7 12 24 28
9 14 26 30
11 16 28 32
13 18 30 34
15 20 32 36
17 22 34 38
19 24 36 40
21 26 38 42
23 28 40 44
25 30 42 46
27 32 44 48
29 34 46 50
31 36 48 52
33 38 50 54
35 40 52 56
37 42 54 58
39 44 56 60
41 46 58 62
43 48 60 64
45 50 62 66
47 52 64 68
49 54 66 70
51 56 68 72
53 58 70 74
55 60 72 76
0 57 62 74
2 59 64 76
0 4 61 66
2 6 63 68
4 8 65 70
6 10 67 72
8 12 69 74
10 14 71 76
0 12 16 73
2 14 18 75
20 25 33 65
22 27 35 67
24 29 37 69
26 31 39 71
28 33 41 73
30 35 43 75
32 37 45 77
1 34 39 47
3 36 41 49
5 38 43 51
7 40 45 53
9 42 47 55
11 44 49 57
13 46 51 59
15 48 53 61
17 50 55 63
19 52 57 65
21 54 59 67
23 56 61 69
25 58 63 71
27 60 65 73
29 62 67 75
31 64 69 77
1 33 66 71
3 35 68 73
5 37 70 75
7 39 72 77
1 9 41 74
3 11 43 76
0 5 13 45
2 7 15 47
4 9 17 49
6 11 19 51
8 13 21 53
10 15 23 55
12 17 25 57
14 19 27 59
16 21 29 61
18 23 31 63
12 23 34 58
14 25 36 60
16 27 38 62
18 29 40 64
20 31 42 66
22 33 44 68
24 35 46 70
26 37 48 72
28 39 50 74
30 41 52 76
0 32 43 54
2 34 45 56
4 36 47 58
6 38 49 60
8 40 51 62
10 42 53 64
12 44 55 66
14 46 57 68
16 48 59 70
18 50 61 72
20 52 63 74
22 54 65 76
0 24 56 67
2 26 58 69
4 28 60 71
6 30 62 73
8 32 64 75
10 34 66 77
1 12 36 68
3 14 38 70
5 16 40 72
7 18 42 74
9 20 44 76
0 11 22 46
2 13 24 48
4 15 26 50
6 17 28 52
8 19 30 54
10 21 32 56
29 41 54 57
31 43 56 59
33 45 58 61
35 47 60 63
37 49 62 65
39 51 64 67
41 53 66 69
43 55 68 71
45 57 70 73
47 59 72 75
49 61 74 77
1 51 63 76
0 3 53 65
2 5 55 67
4 7 57 69
6 9 59 71
8 11 61 73
10 13 63 75
12 15 65 77
1 14 17 67
3 16 19 69
5 18 21 71
7 20 23 73
9 22 25 75
11 24 27 77
1 13 26 29
3 15 28 31
5 17 30 33
7 19 32 35
9 21 34 37
11 23 36 39
13 25 38 41
15 27 40 43
17 29 42 45
19 31 44 47
21 33 46 49
23 35 48 51
25 37 50 53
27 39 52 55
12 14 37 51
14 16 39 53
16 18 41 55
18 20 43 57
20 22 45 59
22 24 47 61
24 26 49 63
26 28 51 65
28 30 53 67
30 32 55 69
32 34 57 71
34 36 59 73
36 38 61 75
38 40 63 77
1 40 42 65
3 42 44 67
5 44 46 69
7 46 48 71
9 48 50 73
11 50 52 75
13 52 54 77
1 15 54 56
3 17 56 58
5 19 58 60
7 21 60 62
9 23 62 64
11 25 64 66
13 27 66 68
15 29 68 70
17 31 70 72
19 33 72 74
21 35 74 76
0 23 37 76
0 2 25 39
2 4 27 41
4 6 29 43
6 8 31 45
8 10 33 47
10 12 35 49
26 44 54 61
28 46 56 63
30 48 58 65
32 50 60 67
34 52 62 69
36 54 64 71
38 56 66 73
40 58 68 75
42 60 70 77
1 44 62 72
3 46 64 74
5 48 66 76
0 7 50 68
2 9 52 70
4 11 54 72
6 13 56 74
8 15 58 76
0 10 17 60
2 12 19 62
4 14 21 64
6 16 23 66
8 18 25 68
10 20 27 70
12 22 29 72
14 24 31 74
16 26 33 76
0 18 28 35
2 20 30 37
4 22 32 39
6 24 34 41
8 26 36 43
10 28 38 45
12 30 40 47
14 32 42 49
16 34 44 51
18 36 46 53
20 38 48 55
22 40 50 57
24 42 52 59
