13 20 39
15 22 41
17 24 43
19 26 45
21 28 47
23 30 49
25 32 51
27 34 53
29 36 55
31 38 57
33 40 59
35 42 61
37 44 63
39 46 65
41 48 67
43 50 69
45 52 71
47 54 73
49 56 75
51 58 77
1 53 60
3 55 62
5 57 64
7 59 66
9 61 68
11 63 70
13 65 72
15 67 74
17 69 76
0 19 71
2 21 73
4 23 75
6 25 77
1 8 27
3 10 29
5 12 31
7 14 33
9 16 35
11 18 37
20 42 48
22 44 50
24 46 52
26 48 54
28 50 56
30 52 58
32 54 60
34 56 62
36 58 64
38 60 66
40 62 68
42 64 70
44 66 72
46 68 74
48 70 76
0 50 72
2 52 74
4 54 76
0 6 56
2 8 58
4 10 60
6 12 62
8 14 64
10 16 66
12 18 68
14 20 70
16 22 72
18 24 74
20 26 76
0 22 28
2 24 30
4 26 32
6 28 34
8 30 36
10 32 38
12 34 40
14 36 42
16 38 44
18 40 46
28 40 57
30 42 59
32 44 61
34 46 63
36 48 65
38 50 67
40 52 69
42 54 71
44 56 73
46 58 75
48 60 77
1 50 62
3 52 64
5 54 66
7 56 68
9 58 70
11 60 72
13 62 74
15 64 76
0 17 66
2 19 68
4 21 70
6 23 72
8 25 74
10 27 76
0 12 29
2 14 31
4 16 33
6 18 35
8 20 37
10 22 39
12 24 41
14 26 43
16 28 45
18 30 47
20 32 49
22 34 51
24 36 53
26 38 55
52 53 65
54 55 67
56 57 69
58 59 71
60 61 73
62 63 75
64 65 77
1 66 67
3 68 69
5 70 71
7 72 73
9 74 75
11 76 77
0 1 13
2 3 15
4 5 17
6 7 19
8 9 21
10 11 23
12 13 25
14 15 27
16 17 29
18 19 31
20 21 33
22 23 35
24 25 37
26 27 39
28 29 41
30 31 43
32 33 45
34 35 47
36 37 49
38 39 51
40 41 53
42 43 55
44 45 57
46 47 59
48 49 61
50 51 63
15 24 48
17 26 50
19 28 52
21 30 54
23 32 56
25 34 58
27 36 60
29 38 62
31 40 64
33 42 66
35 44 68
37 46 70
39 48 72
41 50 74
43 52 76
0 45 54
2 47 56
4 49 58
6 51 60
8 53 62
10 55 64
12 57 66
14 59 68
16 61 70
18 63 72
20 65 74
22 67 76
0 24 69
2 26 71
4 28 73
6 30 75
8 32 77
1 10 34
3 12 36
5 14 38
7 16 40
9 18 42
11 20 44
13 22 46
18 32 67
20 34 69
22 36 71
24 38 73
26 40 75
28 42 77
1 30 44
3 32 46
5 34 48
7 36 50
9 38 52
11 40 54
13 42 56
15 44 58
17 46 60
19 48 62
21 50 64
23 52 66
25 54 68
27 56 70
29 58 72
31 60 74
33 62 76
0 35 64
2 37 66
4 39 68
6 41 70
8 43 72
10 45 74
12 47 76
0 14 49
2 16 51
4 18 53
6 20 55
8 22 57
10 24 59
12 26 61
14 28 63
16 30 65
15 16 49
17 18 51
19 20 53
21 22 55
23 24 57
25 26 59
27 28 61
29 30 63
31 32 65
33 34 67
35 36 69
37 38 71
39 40 73
41 42 75
43 44 77
1 45 46
3 47 48
5 49 50
7 51 52
9 53 54
11 55 56
13 57 58
15 59 60
17 61 62
19 63 64
21 65 66
23 67 68
25 69 70
27 71 72
29 73 74
31 75 76
0 33 77
1 2 35
3 4 37
5 6 39
7 8 41
9 10 43
11 12 45
13 14 47
34 42 68
36 44 70
38 46 72
40 48 74
42 50 76
0 44 52
2 46 54
4 48 56
6 50 58
8 52 60
10 54 62
12 56 64
14 58 66
16 60 68
18 62 70
20 64 72
22 66 74
24 68 76
0 26 70
2 28 72
4 30 74
6 32 76
0 8 34
2 10 36
4 12 38
6 14 40
8 16 42
10 18 44
12 20 46
14 22 48
16 24 50
18 26 52
20 28 54
22 30 56
24 32 58
26 34 60
28 36 62
30 38 64
32 40 66
5 35 51
7 37 53
9 39 55
11 41 57
13 43 59
15 45 61
17 47 63
19 49 65
21 51 67
23 53 69
25 55 71
27 57 73
29 59 75
31 61 77
1 33 63
3 35 65
5 37 67
7 39 69
9 41 71
11 43 73
13 45 75
15 47 77
1 17 49
3 19 51
5 21 53
7 23 55
9 25 57
11 27 59
13 29 61
15 31 63
17 33 65
19 35 67
21 37 69
23 39 71
25 41 73
27 43 75
29 45 77
1 31 47
3 33 49
1 24 56
3 26 58
5 28 60
7 30 62
9 32 64
11 34 66
13 36 68
15 38 70
17 40 72
19 42 74
21 44 76
0 23 46
2 25 48
4 27 50
6 29 52
8 31 54
10 33 56
12 35 58
14 37 60
16 39 62
18 41 64
20 43 66
22 45 68
24 47 70
26 49 72
28 51 74
30 53 76
0 32 55
2 34 57
4 36 59
6 38 61
8 40 63
10 42 65
12 44 67
14 46 69
16 48 71
18 50 73
20 52 75
22 54 77
21 58 74
23 60 76
0 25 62
2 27 64
4 29 66
6 31 68
8 33 70
10 35 72
12 37 74
14 39 76
0 16 41
2 18 43
4 20 45
6 22 47
8 24 49
10 26 51
12 28 53
14 30 55
16 32 57
18 34 59
20 36 61
22 38 63
24 40 65
26 42 67
28 44 69
30 46 71
32 48 73
34 50 75
36 52 77
1 38 54
3 40 56
5 42 58
7 44 60
9 46 62
11 48 64
13 50 66
15 52 68
17 54 70
19 56 72
9 24 27
11 26 29
13 28 31
15 30 33
17 32 35
19 34 37
21 36 39
23 38 41
25 40 43
27 42 45
29 44 47
31 46 49
33 48 51
35 50 53
37 52 55
39 54 57
41 56 59
43 58 61
45 60 63
47 62 65
49 64 67
51 66 69
53 68 71
55 70 73
57 72 75
59 74 77
1 61 76
0 3 63
2 5 65
4 7 67
6 9 69
8 11 71
10 13 73
12 15 75
14 17 77
1 16 19
3 18 21
5 20 23
7 22 25
11 36 75
13 38 77
1 15 40
3 17 42
5 19 44
7 21 46
9 23 48
11 25 50
13 27 52
15 29 54
17 31 56
19 33 58
21 35 60
23 37 62
25 39 64
27 41 66
29 43 68
31 45 70
33 47 72
35 49 74
37 51 76
0 39 53
2 41 55
4 43 57
6 45 59
8 47 61
10 49 63
12 51 65
14 53 67
16 55 69
18 57 71
20 59 73
22 61 75
24 63 77
1 26 65
3 28 67
5 30 69
7 32 71
9 34 73
19 60 69
21 62 71
23 64 73
25 66 75
27 68 77
1 29 70
3 31 72
5 33 74
7 35 76
0 9 37
2 11 39
4 13 41
6 15 43
8 17 45
10 19 47
12 21 49
14 23 51
16 25 53
18 27 55
20 29 57
22 31 59
24 33 61
26 35 63
28 37 65
30 39 67
32 41 69
34 43 71
36 45 73
38 47 75
40 49 77
1 42 51
3 44 53
5 46 55
7 48 57
9 50 59
11 52 61
13 54 63
15 56 65
17 58 67
2 38 76
0 4 40
2 6 42
4 8 44
6 10 46
8 12 48
10 14 50
12 16 52
14 18 54
16 20 56
18 22 58
20 24 60
22 26 62
24 28 64
26 30 66
28 32 68
30 34 70
32 36 72
34 38 74
36 40 76
0 38 42
2 40 44
4 42 46
6 44 48
8 46 50
10 48 52
12 50 54
14 52 56
16 54 58
18 56 60
20 58 62
22 60 64
24 62 66
26 64 68
28 66 70
30 68 72
32 70 74
34 72 76
0 36 74
8 29 69
10 31 71
12 33 73
14 35 75
16 37 77
1 18 39
3 20 41
5 22 43
7 24 45
9 26 47
11 28 49
13 30 51
15 32 53
17 34 55
19 36 57
21 38 59
23 40 61
25 42 63
27 44 65
29 46 67
31 48 69
33 50 71
35 52 73
37 54 75
39 56 77
1 41 58
3 43 60
5 45 62
7 47 64
9 49 66
11 51 68
13 53 70
15 55 72
17 57 74
19 59 76
0 21 61
2 23 63
4 25 65
6 27 67
27 33 35
29 35 37
31 37 39
33 39 41
35 41 43
37 43 45
39 45 47
41 47 49
43 49 51
45 51 53
47 53 55
49 55 57
51 57 59
53 59 61
55 61 63
57 63 65
59 65 67
61 67 69
63 69 71
65 71 73
67 73 75
69 75 77
1 71 77
1 3 73
3 5 75
5 7 77
1 7 9
3 9 11
5 11 13
7 13 15
9 15 17
11 17 19
13 19 21
15 21 23
17 23 25
19 25 27
21 27 29
23 29 31
25 31 33
40 58 60
42 60 62
44 62 64
46 64 66
48 66 68
50 68 70
52 70 72
54 72 74
56 74 76
0 58 76
0 2 60
2 4 62
4 6 64
6 8 66
8 10 68
10 12 70
12 14 72
14 16 74
16 18 76
0 18 20
2 20 22
4 22 24
6 24 26
8 26 28
10 28 30
12 30 32
14 32 34
16 34 36
18 36 38
20 38 40
22 40 42
24 42 44
26 44 46
28 46 48
30 48 50
32 50 52
34 52 54
36 54 56
38 56 58
0 7 43
2 9 45
4 11 47
6 13 49
8 15 51
10 17 53
12 19 55
14 21 57
16 23 59
18 25 61
20 27 63
22 29 65
24 31 67
26 33 69
28 35 71
30 37 73
32 39 75
34 41 77
1 36 43
3 38 45
5 40 47
7 42 49
9 44 51
11 46 53
13 48 55
15 50 57
17 52 59
19 54 61
21 56 63
23 58 65
25 60 67
27 62 69
29 64 71
31 66 73
33 68 75
35 70 77
1 37 72
3 39 74
5 41 76
11 15 62
13 17 64
15 19 66
17 21 68
19 23 70
21 25 72
23 27 74
25 29 76
0 27 31
2 29 33
4 31 35
6 33 37
8 35 39
10 37 41
12 39 43
14 41 45
16 43 47
18 45 49
20 47 51
22 49 53
24 51 55
26 53 57
28 55 59
30 57 61
32 59 63
34 61 65
36 63 67
38 65 69
40 67 71
42 69 73
44 71 75
46 73 77
1 48 75
3 50 77
1 5 52
3 7 54
5 9 56
7 11 58
9 13 60
37 48 59
39 50 61
41 52 63
43 54 65
45 56 67
47 58 69
49 60 71
51 62 73
53 64 75
55 66 77
1 57 68
3 59 70
5 61 72
7 63 74
9 65 76
0 11 67
2 13 69
4 15 71
6 17 73
8 19 75
10 21 77
1 12 23
3 14 25
5 16 27
7 18 29
9 20 31
11 22 33
13 24 35
15 26 37
17 28 39
19 30 41
21 32 43
23 34 45
25 36 47
27 38 49
29 40 51
31 42 53
33 44 55
35 46 57
4 34 55
6 36 57
8 38 59
10 40 61
12 42 63
14 44 65
16 46 67
18 48 69
20 50 71
22 52 73
24 54 75
26 56 77
1 28 58
3 30 60
5 32 62
7 34 64
9 36 66
11 38 68
13 40 70
15 42 72
17 44 74
19 46 76
0 21 48
2 23 50
4 25 52
6 27 54
8 29 56
10 31 58
12 33 60
14 35 62
16 37 64
18 39 66
20 41 68
22 43 70
24 45 72
26 47 74
28 49 76
0 30 51
2 32 53
23 42 47
25 44 49
27 46 51
29 48 53
31 50 55
33 52 57
35 54 59
37 56 61
39 58 63
41 60 65
43 62 67
45 64 69
47 66 71
49 68 73
51 70 75
53 72 77
1 55 74
3 57 76
0 5 59
2 7 61
4 9 63
6 11 65
8 13 67
10 15 69
12 17 71
14 19 73
16 21 75
18 23 77
1 20 25
3 22 27
5 24 29
7 26 31
9 28 33
11 30 35
13 32 37
15 34 39
17 36 41
19 38 43
21 40 45
5 8 73
7 10 75
9 12 77
1 11 14
3 13 16
5 15 18
7 17 20
9 19 22
11 21 24
13 23 26
15 25 28
17 27 30
19 29 32
21 31 34
23 33 36
25 35 38
27 37 40
29 39 42
31 41 44
33 43 46
35 45 48
37 47 50
39 49 52
41 51 54
43 53 56
45 55 58
47 57 60
49 59 62
51 61 64
53 63 66
55 65 68
57 67 70
59 69 72
61 71 74
63 73 76
0 65 75
2 67 77
1 4 69
3 6 71
31 52 62
33 54 64
35 56 66
37 58 68
39 60 70
41 62 72
43 64 74
45 66 76
0 47 68
2 49 70
4 51 72
6 53 74
8 55 76
0 10 57
2 12 59
4 14 61
6 16 63
8 18 65
10 20 67
12 22 69
14 24 71
16 26 73
18 28 75
20 30 77
1 22 32
3 24 34
5 26 36
7 28 38
9 30 40
11 32 42
13 34 44
15 36 46
17 38 48
19 40 50
21 42 52
23 44 54
25 46 56
27 48 58
29 50 60
9 67 72
11 69 74
13 71 76
0 15 73
2 17 75
4 19 77
1 6 21
3 8 23
5 10 25
7 12 27
9 14 29
11 16 31
13 18 33
15 20 35
17 22 37
19 24 39
21 26 41
23 28 43
25 30 45
27 32 47
29 34 49
31 36 51
33 38 53
35 40 55
37 42 57
39 44 59
41 46 61
43 48 63
45 50 65
47 52 67
49 54 69
51 56 71
53 58 73
55 60 75
57 62 77
1 59 64
3 61 66
5 63 68
7 65 70
