16 20 28 50 77
0 17 21 29 51
1 18 22 30 52
2 19 23 31 53
3 20 24 32 54
4 21 25 33 55
5 22 26 34 56
6 23 27 35 57
7 24 28 36 58
8 25 29 37 59
9 26 30 38 60
10 27 31 39 61
11 28 32 40 62
12 29 33 41 63
13 30 34 42 64
14 31 35 43 65
15 32 36 44 66
16 33 37 45 67
17 34 38 46 68
18 35 39 47 69
19 36 40 48 70
20 37 41 49 71
21 38 42 50 72
22 39 43 51 73
23 40 44 52 74
24 41 45 53 75
25 42 46 54 76
26 43 47 55 77
0 27 44 48 56
1 28 45 49 57
2 29 46 50 58
3 30 47 51 59
4 31 48 52 60
5 32 49 53 61
6 33 50 54 62
7 34 51 55 63
8 35 52 56 64
9 36 53 57 65
10 37 54 58 66
11 38 55 59 67
12 39 56 60 68
13 40 57 61 69
14 41 58 62 70
15 42 59 63 71
16 43 60 64 72
17 44 61 65 73
18 45 62 66 74
19 46 63 67 75
20 47 64 68 76
21 48 65 69 77
0 22 49 66 70
1 23 50 67 71
2 24 51 68 72
3 25 52 69 73
4 26 53 70 74
5 27 54 71 75
6 28 55 72 76
7 29 56 73 77
0 8 30 57 74
1 9 31 58 75
2 10 32 59 76
3 11 33 60 77
0 4 12 34 61
1 5 13 35 62
2 6 14 36 63
3 7 15 37 64
4 8 16 38 65
5 9 17 39 66
6 10 18 40 67
7 11 19 41 68
8 12 20 42 69
9 13 21 43 70
10 14 22 44 71
11 15 23 45 72
12 16 24 46 73
13 17 25 47 74
14 18 26 48 75
15 19 27 49 76
4 22 36 41 42
5 23 37 42 43
6 24 38 43 44
7 25 39 44 45
8 26 40 45 46
9 27 41 46 47
10 28 42 47 48
11 29 43 48 49
12 30 44 49 50
13 31 45 50 51
14 32 46 51 52
15 33 47 52 53
16 34 48 53 54
17 35 49 54 55
18 36 50 55 56
19 37 51 56 57
20 38 52 57 58
21 39 53 58 59
22 40 54 59 60
23 41 55 60 61
24 42 56 61 62
25 43 57 62 63
26 44 58 63 64
27 45 59 64 65
28 46 60 65 66
29 47 61 66 67
30 48 62 67 68
31 49 63 68 69
32 50 64 69 70
33 51 65 70 71
34 52 66 71 72
35 53 67 72 73
36 54 68 73 74
37 55 69 74 75
38 56 70 75 76
39 57 71 76 77
0 40 58 72 77
0 1 41 59 73
1 2 42 60 74
2 3 43 61 75
3 4 44 62 76
4 5 45 63 77
0 5 6 46 64
1 6 7 47 65
2 7 8 48 66
3 8 9 49 67
4 9 10 50 68
5 10 11 51 69
6 11 12 52 70
7 12 13 53 71
8 13 14 54 72
9 14 15 55 73
10 15 16 56 74
11 16 17 57 75
12 17 18 58 76
13 18 19 59 77
0 14 19 20 60
1 15 20 21 61
2 16 21 22 62
3 17 22 23 63
4 18 23 24 64
5 19 24 25 65
6 20 25 26 66
7 21 26 27 67
8 22 27 28 68
9 23 28 29 69
10 24 29 30 70
11 25 30 31 71
12 26 31 32 72
13 27 32 33 73
14 28 33 34 74
15 29 34 35 75
16 30 35 36 76
17 31 36 37 77
0 18 32 37 38
1 19 33 38 39
2 20 34 39 40
3 21 35 40 41
12 15 51 62 75
13 16 52 63 76
14 17 53 64 77
0 15 18 54 65
1 16 19 55 66
2 17 20 56 67
3 18 21 57 68
4 19 22 58 69
5 20 23 59 70
6 21 24 60 71
7 22 25 61 72
8 23 26 62 73
9 24 27 63 74
10 25 28 64 75
11 26 29 65 76
12 27 30 66 77
0 13 28 31 67
1 14 29 32 68
2 15 30 33 69
3 16 31 34 70
4 17 32 35 71
5 18 33 36 72
6 19 34 37 73
7 20 35 38 74
8 21 36 39 75
9 22 37 40 76
10 23 38 41 77
0 11 24 39 42
1 12 25 40 43
2 13 26 41 44
3 14 27 42 45
4 15 28 43 46
5 16 29 44 47
6 17 30 45 48
7 18 31 46 49
8 19 32 47 50
9 20 33 48 51
10 21 34 49 52
11 22 35 50 53
12 23 36 51 54
13 24 37 52 55
14 25 38 53 56
15 26 39 54 57
16 27 40 55 58
17 28 41 56 59
18 29 42 57 60
19 30 43 58 61
20 31 44 59 62
21 32 45 60 63
22 33 46 61 64
23 34 47 62 65
24 35 48 63 66
25 36 49 64 67
26 37 50 65 68
27 38 51 66 69
28 39 52 67 70
29 40 53 68 71
30 41 54 69 72
31 42 55 70 73
32 43 56 71 74
33 44 57 72 75
34 45 58 73 76
35 46 59 74 77
0 36 47 60 75
1 37 48 61 76
2 38 49 62 77
0 3 39 50 63
1 4 40 51 64
2 5 41 52 65
3 6 42 53 66
4 7 43 54 67
5 8 44 55 68
6 9 45 56 69
7 10 46 57 70
8 11 47 58 71
9 12 48 59 72
10 13 49 60 73
11 14 50 61 74
4 6 13 29 39
5 7 14 30 40
6 8 15 31 41
7 9 16 32 42
8 10 17 33 43
9 11 18 34 44
10 12 19 35 45
11 13 20 36 46
12 14 21 37 47
13 15 22 38 48
14 16 23 39 49
15 17 24 40 50
16 18 25 41 51
17 19 26 42 52
18 20 27 43 53
19 21 28 44 54
20 22 29 45 55
21 23 30 46 56
22 24 31 47 57
23 25 32 48 58
24 26 33 49 59
25 27 34 50 60
26 28 35 51 61
27 29 36 52 62
28 30 37 53 63
29 31 38 54 64
30 32 39 55 65
31 33 40 56 66
32 34 41 57 67
33 35 42 58 68
34 36 43 59 69
35 37 44 60 70
36 38 45 61 71
37 39 46 62 72
38 40 47 63 73
39 41 48 64 74
40 42 49 65 75
41 43 50 66 76
42 44 51 67 77
0 43 45 52 68
1 44 46 53 69
2 45 47 54 70
3 46 48 55 71
4 47 49 56 72
5 48 50 57 73
6 49 51 58 74
7 50 52 59 75
8 51 53 60 76
9 52 54 61 77
0 10 53 55 62
1 11 54 56 63
2 12 55 57 64
3 13 56 58 65
4 14 57 59 66
5 15 58 60 67
6 16 59 61 68
7 17 60 62 69
8 18 61 63 70
9 19 62 64 71
10 20 63 65 72
11 21 64 66 73
12 22 65 67 74
13 23 66 68 75
14 24 67 69 76
15 25 68 70 77
0 16 26 69 71
1 17 27 70 72
2 18 28 71 73
3 19 29 72 74
4 20 30 73 75
5 21 31 74 76
6 22 32 75 77
0 7 23 33 76
1 8 24 34 77
0 2 9 25 35
1 3 10 26 36
2 4 11 27 37
3 5 12 28 38
