11 15 48 58 66 77
12 16 49 59 67 78
0 13 17 50 60 68
1 14 18 51 61 69
2 15 19 52 62 70
3 16 20 53 63 71
4 17 21 54 64 72
5 18 22 55 65 73
6 19 23 56 66 74
7 20 24 57 67 75
8 21 25 58 68 76
9 22 26 59 69 77
10 23 27 60 70 78
0 11 24 28 61 71
1 12 25 29 62 72
2 13 26 30 63 73
3 14 27 31 64 74
4 15 28 32 65 75
5 16 29 33 66 76
6 17 30 34 67 77
7 18 31 35 68 78
0 8 19 32 36 69
1 9 20 33 37 70
2 10 21 34 38 71
3 11 22 35 39 72
4 12 23 36 40 73
5 13 24 37 41 74
6 14 25 38 42 75
7 15 26 39 43 76
8 16 27 40 44 77
9 17 28 41 45 78
0 10 18 29 42 46
1 11 19 30 43 47
2 12 20 31 44 48
3 13 21 32 45 49
4 14 22 33 46 50
5 15 23 34 47 51
6 16 24 35 48 52
7 17 25 36 49 53
8 18 26 37 50 54
9 19 27 38 51 55
10 20 28 39 52 56
11 21 29 40 53 57
12 22 30 41 54 58
13 23 31 42 55 59
14 24 32 43 56 60
15 25 33 44 57 61
16 26 34 45 58 62
17 27 35 46 59 63
18 28 36 47 60 64
19 29 37 48 61 65
20 30 38 49 62 66
21 31 39 50 63 67
22 32 40 51 64 68
23 33 41 52 65 69
24 34 42 53 66 70
25 35 43 54 67 71
26 36 44 55 68 72
27 37 45 56 69 73
28 38 46 57 70 74
29 39 47 58 71 75
30 40 48 59 72 76
31 41 49 60 73 77
32 42 50 61 74 78
0 33 43 51 62 75
1 34 44 52 63 76
2 35 45 53 64 77
3 36 46 54 65 78
0 4 37 47 55 66
1 5 38 48 56 67
2 6 39 49 57 68
3 7 40 50 58 69
4 8 41 51 59 70
5 9 42 52 60 71
6 10 43 53 61 72
7 11 44 54 62 73
8 12 45 55 63 74
9 13 46 56 64 75
10 14 47 57 65 76
20 21 36 42 69 76
21 22 37 43 70 77
22 23 38 44 71 78
0 23 24 39 45 72
1 24 25 40 46 73
2 25 26 41 47 74
3 26 27 42 48 75
4 27 28 43 49 76
5 28 29 44 50 77
6 29 30 45 51 78
0 7 30 31 46 52
1 8 31 32 47 53
2 9 32 33 48 54
3 10 33 34 49 55
4 11 34 35 50 56
5 12 35 36 51 57
6 13 36 37 52 58
7 14 37 38 53 59
8 15 38 39 54 60
9 16 39 40 55 61
10 17 40 41 56 62
11 18 41 42 57 63
12 19 42 43 58 64
13 20 43 44 59 65
14 21 44 45 60 66
15 22 45 46 61 67
16 23 46 47 62 68
17 24 47 48 63 69
18 25 48 49 64 70
19 26 49 50 65 71
20 27 50 51 66 72
21 28 51 52 67 73
22 29 52 53 68 74
23 30 53 54 69 75
24 31 54 55 70 76
25 32 55 56 71 77
26 33 56 57 72 78
0 27 34 57 58 73
1 28 35 58 59 74
2 29 36 59 60 75
3 30 37 60 61 76
4 31 38 61 62 77
5 32 39 62 63 78
0 6 33 40 63 64
1 7 34 41 64 65
2 8 35 42 65 66
3 9 36 43 66 67
4 10 37 44 67 68
5 11 38 45 68 69
6 12 39 46 69 70
7 13 40 47 70 71
8 14 41 48 71 72
9 15 42 49 72 73
10 16 43 50 73 74
11 17 44 51 74 75
12 18 45 52 75 76
13 19 46 53 76 77
14 20 47 54 77 78
0 15 21 48 55 78
0 1 16 22 49 56
1 2 17 23 50 57
2 3 18 24 51 58
3 4 19 25 52 59
4 5 20 26 53 60
5 6 21 27 54 61
6 7 22 28 55 62
7 8 23 29 56 63
8 9 24 30 57 64
9 10 25 31 58 65
10 11 26 32 59 66
11 12 27 33 60 67
12 13 28 34 61 68
13 14 29 35 62 69
14 15 30 36 63 70
15 16 31 37 64 71
16 17 32 38 65 72
17 18 33 39 66 73
18 19 34 40 67 74
19 20 35 41 68 75
0 11 20 23 25 64
1 12 21 24 26 65
2 13 22 25 27 66
3 14 23 26 28 67
4 15 24 27 29 68
5 16 25 28 30 69
6 17 26 29 31 70
7 18 27 30 32 71
8 19 28 31 33 72
9 20 29 32 34 73
10 21 30 33 35 74
11 22 31 34 36 75
12 23 32 35 37 76
13 24 33 36 38 77
14 25 34 37 39 78
0 15 26 35 38 40
1 16 27 36 39 41
2 17 28 37 40 42
3 18 29 38 41 43
4 19 30 39 42 44
5 20 31 40 43 45
6 21 32 41 44 46
7 22 33 42 45 47
8 23 34 43 46 48
9 24 35 44 47 49
10 25 36 45 48 50
11 26 37 46 49 51
12 27 38 47 50 52
13 28 39 48 51 53
14 29 40 49 52 54
15 30 41 50 53 55
16 31 42 51 54 56
17 32 43 52 55 57
18 33 44 53 56 58
19 34 45 54 57 59
20 35 46 55 58 60
21 36 47 56 59 61
22 37 48 57 60 62
23 38 49 58 61 63
24 39 50 59 62 64
25 40 51 60 63 65
26 41 52 61 64 66
27 42 53 62 65 67
28 43 54 63 66 68
29 44 55 64 67 69
30 45 56 65 68 70
31 46 57 66 69 71
32 47 58 67 70 72
33 48 59 68 71 73
34 49 60 69 72 74
35 50 61 70 73 75
36 51 62 71 74 76
37 52 63 72 75 77
38 53 64 73 76 78
0 39 54 65 74 77
1 40 55 66 75 78
0 2 41 56 67 76
1 3 42 57 68 77
2 4 43 58 69 78
0 3 5 44 59 70
1 4 6 45 60 71
2 5 7 46 61 72
3 6 8 47 62 73
4 7 9 48 63 74
5 8 10 49 64 75
6 9 11 50 65 76
7 10 12 51 66 77
8 11 13 52 67 78
0 9 12 14 53 68
1 10 13 15 54 69
2 11 14 16 55 70
3 12 15 17 56 71
4 13 16 18 57 72
5 14 17 19 58 73
6 15 18 20 59 74
7 16 19 21 60 75
8 17 20 22 61 76
9 18 21 23 62 77
10 19 22 24 63 78
