0 2 8 10 18 50 64 67 71 77
1 26 29 34 40 51 64 69 72 74
2 3 9 12 19 23 57 58 68 69
3 4 8 28 37 45 50 54 73 74
5 6 10 11 17 19 52 59 76 78
7 10 13 29 36 39 46 48 67 75
3 5 14 24 31 36 42 60 70 77
15 19 27 30 33 43 45 71 72 78
9 11 16 27 38 39 45 47 62 77
14 21 23 27 39 46 53 54 56 64
2 22 24 29 37 46 61 62 72 76
4 8 13 17 25 30 35 41 65 69
12 24 35 39 48 51 55 68 71 73
17 18 23 32 40 41 42 45 48 61
0 1 4 23 47 59 60 61 73 78
1 6 7 12 28 38 42 43 46 65
20 22 32 38 53 59 66 69 70 71
2 25 32 36 39 43 50 56 65 77
21 26 33 41 44 47 50 52 58 75
0 5 12 17 35 39 45 49 53 58
6 13 20 30 39 50 60 61 63 74
3 7 17 21 24 27 49 50 69 78
5 8 21 27 34 40 61 65 68 75
0 9 14 15 28 29 55 57 65 70
11 24 25 38 48 54 58 60 70 72
11 14 18 22 26 30 37 47 49 65
12 14 20 25 26 45 55 63 67 78
7 20 27 44 53 58 65 72 73 77
7 8 11 12 15 19 34 37 60 66
0 19 20 22 40 42 56 64 66 75
1 9 10 26 32 35 37 39 75 78
0 6 9 24 26 30 36 40 53 54
6 17 29 35 43 47 63 64 66 68
3 11 13 23 26 28 29 34 71 77
3 10 15 31 33 47 51 53 57 61
2 13 27 28 35 49 51 56 60 62
4 7 18 22 33 34 39 43 57 63
11 16 31 40 41 43 49 52 53 67
0 2 6 8 31 32 34 44 45 54
0 4 13 27 32 46 52 55 66 72
7 23 30 40 43 58 62 63 70 76
2 5 28 30 39 42 48 52 66 78
2 4 10 12 21 31 38 53 63 75
18 19 27 35 36 38 44 52 68 74
5 9 45 46 47 48 50 63 64 69
15 18 24 28 30 32 44 59 64 75
12 13 15 23 33 37 38 40 49 67
9 13 21 22 42 43 44 51 73 76
1 25 33 42 49 52 54 63 65 71
13 22 25 31 34 55 58 64 68 78
1 13 16 18 21 28 36 45 57 66
17 18 20 46 51 54 58 62 71 75
0 7 9 25 28 33 48 61 62 68
3 5 12 16 20 29 30 32 33 62
34 36 37 38 41 52 57 62 64 73
21 30 35 40 51 55 57 59 63 77
1 10 26 27 37 42 43 58 59 68
6 20 24 34 35 41 42 47 67 72
3 8 19 25 39 40 47 59 72 75
1 4 13 19 24 50 53 55 62 70
1 2 5 11 15 20 36 63 69 73
12 25 27 29 42 50 54 57 76 78
1 3 6 15 22 27 41 48 67 70
4 16 19 36 49 61 64 65 71 76
8 17 22 23 28 36 49 55 60 72
0 3 16 24 56 58 63 65 66 76
4 5 7 15 26 41 54 56 68 77
10 16 21 34 46 49 58 59 70 74
1 3 14 43 52 60 64 69 75 77
5 23 44 57 60 62 65 67 74 78
0 11 19 20 21 37 43 48 50 65
0 29 31 38 39 41 51 69 74 76
7 14 15 16 23 31 35 50 52 66
17 19 26 30 31 38 46 57 60 73
6 14 19 21 28 32 51 58 67 73
5 12 13 22 36 43 47 54 59 74
5 6 16 18 23 25 37 51 55 75
8 20 28 41 46 53 68 76 77 78
3 11 12 25 33 35 36 44 46 64
4 6 11 14 40 48 56 57 71 74
8 12 17 37 48 52 56 61 70 77
15 26 32 34 48 50 53 59 60 76
9 12 18 21 29 41 59 60 71 72
10 14 41 44 54 55 61 62 66 69
4 11 15 36 42 51 58 61 69 78
8 9 10 20 23 24 43 51 52 57
2 7 18 32 37 42 47 53 55 74
2 15 16 17 39 40 44 46 70 78
6 18 31 33 56 59 62 65 69 72
16 19 22 35 54 61 67 69 72 77
11 32 49 57 63 68 70 72 73 75
18 33 35 40 47 60 66 70 73 76
11 17 24 33 45 55 74 75 76 77
1 9 14 17 30 34 56 67 68 76
27 28 31 37 44 47 56 63 69 71
1 4 8 9 20 29 31 44 48 49
10 16 22 32 45 50 51 60 65 68
2 3 18 26 38 43 55 56 61 78
8 13 14 16 26 38 42 48 62 73
6 9 15 21 25 49 62 66 74 77
5 7 10 14 28 38 40 50 71 72
4 7 26 45 51 59 64 66 67 70
2 8 14 19 29 33 41 58 59 63
10 22 25 29 30 45 52 53 56 73
