32 38 47 57
34 40 49 59
36 42 51 61
38 44 53 63
40 46 55 65
42 48 57 67
44 50 59 69
46 52 61 71
48 54 63 73
50 56 65 75
52 58 67 77
1 54 60 69
3 56 62 71
5 58 64 73
7 60 66 75
9 62 68 77
1 11 64 70
3 13 66 72
5 15 68 74
7 17 70 76
0 9 19 72
2 11 21 74
4 13 23 76
0 6 15 25
2 8 17 27
4 10 19 29
6 12 21 31
8 14 23 33
10 16 25 35
12 18 27 37
14 20 29 39
16 22 31 41
18 24 33 43
20 26 35 45
22 28 37 47
24 30 39 49
26 32 41 51
28 34 43 53
30 36 45 55
28 65 76 77
0 1 30 67
2 3 32 69
4 5 34 71
6 7 36 73
8 9 38 75
10 11 40 77
1 12 13 42
3 14 15 44
5 16 17 46
7 18 19 48
9 20 21 50
11 22 23 52
13 24 25 54
15 26 27 56
17 28 29 58
19 30 31 60
21 32 33 62
23 34 35 64
25 36 37 66
27 38 39 68
29 40 41 70
31 42 43 72
33 44 45 74
35 46 47 76
0 37 48 49
2 39 50 51
4 41 52 53
6 43 54 55
8 45 56 57
10 47 58 59
12 49 60 61
14 51 62 63
16 53 64 65
18 55 66 67
20 57 68 69
22 59 70 71
24 61 72 73
26 63 74 75
0 23 45 78
2 25 47 78
4 27 49 78
6 29 51 78
8 31 53 78
10 33 55 78
12 35 57 78
14 37 59 78
16 39 61 78
18 41 63 78
20 43 65 78
22 45 67 78
24 47 69 78
26 49 71 78
28 51 73 78
30 53 75 78
32 55 77 78
1 34 57 78
3 36 59 78
5 38 61 78
7 40 63 78
9 42 65 78
11 44 67 78
13 46 69 78
15 48 71 78
17 50 73 78
19 52 75 78
21 54 77 78
1 23 56 78
3 25 58 78
5 27 60 78
7 29 62 78
9 31 64 78
11 33 66 78
13 35 68 78
15 37 70 78
17 39 72 78
19 41 74 78
21 43 76 78
11 12 15 29
13 14 17 31
15 16 19 33
17 18 21 35
19 20 23 37
21 22 25 39
23 24 27 41
25 26 29 43
27 28 31 45
29 30 33 47
31 32 35 49
33 34 37 51
35 36 39 53
37 38 41 55
39 40 43 57
41 42 45 59
43 44 47 61
45 46 49 63
47 48 51 65
49 50 53 67
51 52 55 69
53 54 57 71
55 56 59 73
57 58 61 75
59 60 63 77
1 61 62 65
3 63 64 67
5 65 66 69
7 67 68 71
9 69 70 73
11 71 72 75
13 73 74 77
1 15 75 76
0 3 17 77
1 2 5 19
3 4 7 21
5 6 9 23
7 8 11 25
9 10 13 27
25 31 61 64
27 33 63 66
29 35 65 68
31 37 67 70
33 39 69 72
35 41 71 74
37 43 73 76
0 39 45 75
2 41 47 77
1 4 43 49
3 6 45 51
5 8 47 53
7 10 49 55
9 12 51 57
11 14 53 59
13 16 55 61
15 18 57 63
17 20 59 65
19 22 61 67
21 24 63 69
23 26 65 71
25 28 67 73
27 30 69 75
29 32 71 77
1 31 34 73
3 33 36 75
5 35 38 77
1 7 37 40
3 9 39 42
5 11 41 44
7 13 43 46
9 15 45 48
11 17 47 50
13 19 49 52
15 21 51 54
17 23 53 56
19 25 55 58
21 27 57 60
23 29 59 62
16 44 66 73
18 46 68 75
20 48 70 77
1 22 50 72
3 24 52 74
5 26 54 76
0 7 28 56
2 9 30 58
4 11 32 60
6 13 34 62
8 15 36 64
10 17 38 66
12 19 40 68
14 21 42 70
16 23 44 72
18 25 46 74
20 27 48 76
0 22 29 50
2 24 31 52
4 26 33 54
6 28 35 56
8 30 37 58
10 32 39 60
12 34 41 62
14 36 43 64
16 38 45 66
18 40 47 68
20 42 49 70
22 44 51 72
24 46 53 74
26 48 55 76
0 28 50 57
2 30 52 59
4 32 54 61
6 34 56 63
8 36 58 65
10 38 60 67
12 40 62 69
14 42 64 71
36 56 70 72
38 58 72 74
40 60 74 76
0 42 62 76
0 2 44 64
2 4 46 66
4 6 48 68
6 8 50 70
8 10 52 72
10 12 54 74
12 14 56 76
0 14 16 58
2 16 18 60
4 18 20 62
6 20 22 64
8 22 24 66
10 24 26 68
12 26 28 70
14 28 30 72
16 30 32 74
18 32 34 76
0 20 34 36
2 22 36 38
4 24 38 40
6 26 40 42
8 28 42 44
10 30 44 46
12 32 46 48
14 34 48 50
16 36 50 52
18 38 52 54
20 40 54 56
22 42 56 58
24 44 58 60
26 46 60 62
28 48 62 64
30 50 64 66
32 52 66 68
34 54 68 70
6 12 47 52
8 14 49 54
10 16 51 56
12 18 53 58
14 20 55 60
16 22 57 62
18 24 59 64
20 26 61 66
22 28 63 68
24 30 65 70
26 32 67 72
28 34 69 74
30 36 71 76
0 32 38 73
2 34 40 75
4 36 42 77
1 6 38 44
3 8 40 46
5 10 42 48
7 12 44 50
9 14 46 52
11 16 48 54
13 18 50 56
15 20 52 58
17 22 54 60
19 24 56 62
21 26 58 64
23 28 60 66
25 30 62 68
27 32 64 70
29 34 66 72
31 36 68 74
33 38 70 76
0 35 40 72
2 37 42 74
4 39 44 76
0 6 41 46
2 8 43 48
4 10 45 50
25 41 56 60
27 43 58 62
29 45 60 64
31 47 62 66
33 49 64 68
35 51 66 70
37 53 68 72
39 55 70 74
41 57 72 76
0 43 59 74
2 45 61 76
0 4 47 63
2 6 49 65
4 8 51 67
6 10 53 69
8 12 55 71
10 14 57 73
12 16 59 75
14 18 61 77
1 16 20 63
3 18 22 65
5 20 24 67
7 22 26 69
9 24 28 71
11 26 30 73
13 28 32 75
15 30 34 77
1 17 32 36
3 19 34 38
5 21 36 40
7 23 38 42
9 25 40 44
11 27 42 46
13 29 44 48
15 31 46 50
17 33 48 52
19 35 50 54
21 37 52 56
23 39 54 58
0 13 26 53
2 15 28 55
4 17 30 57
6 19 32 59
8 21 34 61
10 23 36 63
12 25 38 65
14 27 40 67
16 29 42 69
18 31 44 71
20 33 46 73
22 35 48 75
24 37 50 77
1 26 39 52
3 28 41 54
5 30 43 56
7 32 45 58
9 34 47 60
11 36 49 62
13 38 51 64
15 40 53 66
17 42 55 68
19 44 57 70
21 46 59 72
23 48 61 74
25 50 63 76
0 27 52 65
2 29 54 67
4 31 56 69
6 33 58 71
8 35 60 73
10 37 62 75
12 39 64 77
1 14 41 66
3 16 43 68
5 18 45 70
7 20 47 72
9 22 49 74
11 24 51 76
29 38 46 56
31 40 48 58
33 42 50 60
35 44 52 62
37 46 54 64
39 48 56 66
41 50 58 68
43 52 60 70
45 54 62 72
47 56 64 74
49 58 66 76
0 51 60 68
2 53 62 70
4 55 64 72
6 57 66 74
8 59 68 76
0 10 61 70
2 12 63 72
4 14 65 74
6 16 67 76
0 8 18 69
2 10 20 71
4 12 22 73
6 14 24 75
8 16 26 77
1 10 18 28
3 12 20 30
5 14 22 32
7 16 24 34
9 18 26 36
11 20 28 38
13 22 30 40
15 24 32 42
17 26 34 44
19 28 36 46
21 30 38 48
23 32 40 50
25 34 42 52
27 36 44 54
9 32 56 67
11 34 58 69
13 36 60 71
15 38 62 73
17 40 64 75
19 42 66 77
1 21 44 68
3 23 46 70
5 25 48 72
7 27 50 74
9 29 52 76
0 11 31 54
2 13 33 56
4 15 35 58
6 17 37 60
8 19 39 62
10 21 41 64
12 23 43 66
14 25 45 68
16 27 47 70
18 29 49 72
20 31 51 74
22 33 53 76
0 24 35 55
2 26 37 57
4 28 39 59
6 30 41 61
8 32 43 63
10 34 45 65
12 36 47 67
14 38 49 69
16 40 51 71
18 42 53 73
20 44 55 75
22 46 57 77
1 24 48 59
3 26 50 61
5 28 52 63
7 30 54 65
22 27 34 55
24 29 36 57
26 31 38 59
28 33 40 61
30 35 42 63
32 37 44 65
34 39 46 67
36 41 48 69
38 43 50 71
40 45 52 73
42 47 54 75
44 49 56 77
1 46 51 58
3 48 53 60
5 50 55 62
7 52 57 64
9 54 59 66
11 56 61 68
13 58 63 70
15 60 65 72
17 62 67 74
19 64 69 76
0 21 66 71
2 23 68 73
4 25 70 75
6 27 72 77
1 8 29 74
3 10 31 76
0 5 12 33
2 7 14 35
4 9 16 37
6 11 18 39
8 13 20 41
10 15 22 43
12 17 24 45
14 19 26 47
16 21 28 49
18 23 30 51
20 25 32 53
11 13 37 45
13 15 39 47
15 17 41 49
17 19 43 51
19 21 45 53
21 23 47 55
23 25 49 57
25 27 51 59
27 29 53 61
29 31 55 63
31 33 57 65
33 35 59 67
35 37 61 69
37 39 63 71
39 41 65 73
41 43 67 75
43 45 69 77
1 45 47 71
3 47 49 73
5 49 51 75
7 51 53 77
1 9 53 55
3 11 55 57
5 13 57 59
7 15 59 61
9 17 61 63
11 19 63 65
13 21 65 67
15 23 67 69
17 25 69 71
19 27 71 73
21 29 73 75
23 31 75 77
1 25 33 77
1 3 27 35
3 5 29 37
5 7 31 39
7 9 33 41
9 11 35 43
