0 1 3 7 15 31 36 54 63 77
2 6 30 49 62 74 75 76 77 78
3 8 13 14 16 20 28 44 67 76
0 4 12 28 33 51 60 70 71 77
0 5 14 23 32 42 43 45 57 77
6 11 14 29 38 48 51 55 63 75
7 12 14 37 39 49 50 52 56 64
0 8 24 29 47 56 66 67 69 77
0 9 19 20 22 26 34 50 55 77
0 10 11 13 17 25 41 46 64 77
0 16 21 39 48 58 59 61 65 77
0 18 27 37 38 40 44 52 68 77
1 2 4 8 16 32 37 53 55 64
1 6 24 33 43 44 46 50 58 75
1 5 13 29 30 34 52 61 71 72
1 9 25 48 49 51 57 67 68 70
1 10 20 21 23 27 35 51 56 74
1 11 12 18 26 42 47 65 71 76
1 14 17 22 40 59 60 62 66 73
1 19 28 38 39 41 45 54 69 78
2 3 5 9 17 33 38 53 56 65
2 7 25 34 44 45 47 51 53 59
2 10 14 26 31 53 58 68 69 71
2 11 21 22 24 28 36 52 53 57
2 12 13 15 19 27 43 48 53 66
0 30 35 53 62 72 73 74 75 77
2 18 23 41 50 53 60 61 63 67
2 20 29 39 40 42 46 53 54 70
3 4 6 10 18 34 39 57 66 75
3 8 26 35 45 46 48 52 60 74
3 11 27 30 32 50 59 69 70 72
3 12 22 23 25 29 37 46 58 78
3 19 24 42 51 61 62 64 68 73
3 21 40 41 43 45 47 49 55 71
4 5 7 11 19 35 40 58 67 74
4 9 14 27 36 46 47 48 61 78
4 13 23 24 26 38 49 54 59 77
4 15 17 21 23 29 45 50 68 76
4 20 25 43 52 62 63 65 69 73
4 22 30 31 41 42 44 48 56 72
5 6 8 12 20 36 41 59 68 75
5 10 28 37 47 48 50 54 62 73
5 24 25 27 31 39 50 55 60 76
4 5 15 16 18 22 46 49 51 69
5 21 26 42 44 63 64 66 70 78
6 7 9 13 21 37 42 60 69 75
0 2 6 35 49 53 72 73 76 78
6 15 25 26 28 32 40 56 61 75
6 16 17 19 23 31 47 52 70 75
6 22 27 45 54 64 65 67 71 75
5 7 8 10 22 38 43 61 70 76
7 16 26 27 29 33 41 57 62 73
7 10 17 18 20 24 32 48 71 78
7 23 28 30 46 55 65 66 68 72
8 9 11 15 23 39 44 62 71 73
8 13 21 31 40 50 51 57 65 78
8 17 27 28 34 41 42 49 58 63
8 14 18 19 21 25 30 33 54 72
9 10 12 16 24 30 40 45 63 72
9 32 36 41 51 52 54 58 66 76
9 18 28 29 31 35 43 59 64 74
10 15 33 42 52 55 59 65 67 78
10 12 19 29 32 36 44 49 60 65
11 16 34 43 54 56 60 64 68 78
11 20 28 31 33 37 45 49 61 66
12 17 35 44 54 55 57 61 69 74
12 21 31 32 34 38 46 62 67 73
13 18 36 45 55 56 58 62 70 73
13 22 32 33 35 39 47 63 68 74
9 19 37 46 56 57 59 63 71 76
23 31 33 34 36 40 48 64 69 76
15 20 30 38 47 57 58 60 64 72
14 15 24 34 35 37 41 65 70 74
16 25 35 36 38 42 50 66 71 74
17 26 30 36 37 39 43 51 67 72
