9 15 31 65 67
10 16 32 66 68
11 17 33 67 69
12 18 34 68 70
13 19 35 69 71
14 20 36 70 72
15 21 37 71 73
16 22 38 72 74
17 23 39 73 75
18 24 40 74 76
19 25 41 75 77
20 26 42 76 78
0 21 27 43 77
1 22 28 44 78
0 2 23 29 45
1 3 24 30 46
2 4 25 31 47
3 5 26 32 48
4 6 27 33 49
5 7 28 34 50
6 8 29 35 51
7 9 30 36 52
8 10 31 37 53
9 11 32 38 54
10 12 33 39 55
11 13 34 40 56
12 14 35 41 57
13 15 36 42 58
14 16 37 43 59
15 17 38 44 60
16 18 39 45 61
17 19 40 46 62
18 20 41 47 63
19 21 42 48 64
20 22 43 49 65
21 23 44 50 66
22 24 45 51 67
23 25 46 52 68
24 26 47 53 69
25 27 48 54 70
26 28 49 55 71
27 29 50 56 72
28 30 51 57 73
29 31 52 58 74
30 32 53 59 75
31 33 54 60 76
32 34 55 61 77
33 35 56 62 78
0 34 36 57 63
1 35 37 58 64
2 36 38 59 65
3 37 39 60 66
4 38 40 61 67
5 39 41 62 68
6 40 42 63 69
7 41 43 64 70
8 42 44 65 71
9 43 45 66 72
10 44 46 67 73
11 45 47 68 74
12 46 48 69 75
13 47 49 70 76
14 48 50 71 77
15 49 51 72 78
0 16 50 52 73
1 17 51 53 74
2 18 52 54 75
3 19 53 55 76
4 20 54 56 77
5 21 55 57 78
0 6 22 56 58
1 7 23 57 59
2 8 24 58 60
3 9 25 59 61
4 10 26 60 62
5 11 27 61 63
6 12 28 62 64
7 13 29 63 65
8 14 30 64 66
25 30 56 63 74
26 31 57 64 75
27 32 58 65 76
28 33 59 66 77
29 34 60 67 78
0 30 35 61 68
1 31 36 62 69
2 32 37 63 70
3 33 38 64 71
4 34 39 65 72
5 35 40 66 73
6 36 41 67 74
7 37 42 68 75
8 38 43 69 76
9 39 44 70 77
10 40 45 71 78
0 11 41 46 72
1 12 42 47 73
2 13 43 48 74
3 14 44 49 75
4 15 45 50 76
5 16 46 51 77
6 17 47 52 78
0 7 18 48 53
1 8 19 49 54
2 9 20 50 55
3 10 21 51 56
4 11 22 52 57
5 12 23 53 58
6 13 24 54 59
7 14 25 55 60
8 15 26 56 61
9 16 27 57 62
10 17 28 58 63
11 18 29 59 64
12 19 30 60 65
13 20 31 61 66
14 21 32 62 67
15 22 33 63 68
16 23 34 64 69
17 24 35 65 70
18 25 36 66 71
19 26 37 67 72
20 27 38 68 73
21 28 39 69 74
22 29 40 70 75
23 30 41 71 76
24 31 42 72 77
25 32 43 73 78
0 26 33 44 74
1 27 34 45 75
2 28 35 46 76
3 29 36 47 77
4 30 37 48 78
0 5 31 38 49
1 6 32 39 50
2 7 33 40 51
3 8 34 41 52
4 9 35 42 53
5 10 36 43 54
6 11 37 44 55
7 12 38 45 56
8 13 39 46 57
9 14 40 47 58
10 15 41 48 59
11 16 42 49 60
12 17 43 50 61
13 18 44 51 62
14 19 45 52 63
15 20 46 53 64
16 21 47 54 65
17 22 48 55 66
18 23 49 56 67
19 24 50 57 68
20 25 51 58 69
21 26 52 59 70
22 27 53 60 71
23 28 54 61 72
24 29 55 62 73
15 30 40 54 57
16 31 41 55 58
17 32 42 56 59
18 33 43 57 60
19 34 44 58 61
20 35 45 59 62
21 36 46 60 63
22 37 47 61 64
23 38 48 62 65
24 39 49 63 66
25 40 50 64 67
26 41 51 65 68
27 42 52 66 69
28 43 53 67 70
29 44 54 68 71
30 45 55 69 72
31 46 56 70 73
32 47 57 71 74
33 48 58 72 75
34 49 59 73 76
35 50 60 74 77
36 51 61 75 78
0 37 52 62 76
1 38 53 63 77
2 39 54 64 78
0 3 40 55 65
1 4 41 56 66
2 5 42 57 67
3 6 43 58 68
4 7 44 59 69
5 8 45 60 70
6 9 46 61 71
7 10 47 62 72
8 11 48 63 73
9 12 49 64 74
10 13 50 65 75
11 14 51 66 76
12 15 52 67 77
13 16 53 68 78
0 14 17 54 69
1 15 18 55 70
2 16 19 56 71
3 17 20 57 72
4 18 21 58 73
5 19 22 59 74
6 20 23 60 75
7 21 24 61 76
8 22 25 62 77
9 23 26 63 78
0 10 24 27 64
1 11 25 28 65
2 12 26 29 66
3 13 27 30 67
4 14 28 31 68
5 15 29 32 69
6 16 30 33 70
7 17 31 34 71
8 18 32 35 72
9 19 33 36 73
10 20 34 37 74
11 21 35 38 75
12 22 36 39 76
13 23 37 40 77
14 24 38 41 78
0 15 25 39 42
1 16 26 40 43
2 17 27 41 44
3 18 28 42 45
4 19 29 43 46
5 20 30 44 47
6 21 31 45 48
7 22 32 46 49
8 23 33 47 50
9 24 34 48 51
10 25 35 49 52
11 26 36 50 53
12 27 37 51 54
13 28 38 52 55
14 29 39 53 56
13 60 64 72 73
14 61 65 73 74
15 62 66 74 75
16 63 67 75 76
17 64 68 76 77
18 65 69 77 78
0 19 66 70 78
0 1 20 67 71
1 2 21 68 72
2 3 22 69 73
3 4 23 70 74
4 5 24 71 75
5 6 25 72 76
6 7 26 73 77
7 8 27 74 78
0 8 9 28 75
1 9 10 29 76
2 10 11 30 77
3 11 12 31 78
0 4 12 13 32
1 5 13 14 33
2 6 14 15 34
3 7 15 16 35
4 8 16 17 36
5 9 17 18 37
6 10 18 19 38
7 11 19 20 39
8 12 20 21 40
9 13 21 22 41
10 14 22 23 42
11 15 23 24 43
12 16 24 25 44
13 17 25 26 45
14 18 26 27 46
15 19 27 28 47
16 20 28 29 48
17 21 29 30 49
18 22 30 31 50
19 23 31 32 51
20 24 32 33 52
21 25 33 34 53
22 26 34 35 54
23 27 35 36 55
24 28 36 37 56
25 29 37 38 57
26 30 38 39 58
27 31 39 40 59
28 32 40 41 60
29 33 41 42 61
30 34 42 43 62
31 35 43 44 63
32 36 44 45 64
33 37 45 46 65
34 38 46 47 66
35 39 47 48 67
36 40 48 49 68
37 41 49 50 69
38 42 50 51 70
39 43 51 52 71
40 44 52 53 72
41 45 53 54 73
42 46 54 55 74
43 47 55 56 75
44 48 56 57 76
45 49 57 58 77
46 50 58 59 78
0 47 51 59 60
1 48 52 60 61
2 49 53 61 62
3 50 54 62 63
4 51 55 63 64
5 52 56 64 65
6 53 57 65 66
7 54 58 66 67
8 55 59 67 68
9 56 60 68 69
10 57 61 69 70
11 58 62 70 71
12 59 63 71 72
