3 5 16 22 29 30 52 63
5 7 18 24 31 32 54 65
7 9 20 26 33 34 56 67
9 11 22 28 35 36 58 69
11 13 24 30 37 38 60 71
13 15 26 32 39 40 62 73
15 17 28 34 41 42 64 75
17 19 30 36 43 44 66 77
1 19 21 32 38 45 46 68
3 21 23 34 40 47 48 70
5 23 25 36 42 49 50 72
7 25 27 38 44 51 52 74
9 27 29 40 46 53 54 76
0 11 29 31 42 48 55 56
2 13 31 33 44 50 57 58
4 15 33 35 46 52 59 60
6 17 35 37 48 54 61 62
8 19 37 39 50 56 63 64
10 21 39 41 52 58 65 66
12 23 41 43 54 60 67 68
14 25 43 45 56 62 69 70
16 27 45 47 58 64 71 72
18 29 47 49 60 66 73 74
20 31 49 51 62 68 75 76
0 22 33 51 53 64 70 77
1 2 24 35 53 55 66 72
3 4 26 37 55 57 68 74
5 6 28 39 57 59 70 76
0 7 8 30 41 59 61 72
2 9 10 32 43 61 63 74
4 11 12 34 45 63 65 76
0 6 13 14 36 47 65 67
2 8 15 16 38 49 67 69
4 10 17 18 40 51 69 71
6 12 19 20 42 53 71 73
8 14 21 22 44 55 73 75
10 16 23 24 46 57 75 77
1 12 18 25 26 48 59 77
1 3 14 20 27 28 50 61
2 19 26 27 60 65 69 75
4 21 28 29 62 67 71 77
1 6 23 30 31 64 69 73
3 8 25 32 33 66 71 75
5 10 27 34 35 68 73 77
1 7 12 29 36 37 70 75
3 9 14 31 38 39 72 77
1 5 11 16 33 40 41 74
3 7 13 18 35 42 43 76
0 5 9 15 20 37 44 45
2 7 11 17 22 39 46 47
4 9 13 19 24 41 48 49
6 11 15 21 26 43 50 51
8 13 17 23 28 45 52 53
10 15 19 25 30 47 54 55
12 17 21 27 32 49 56 57
14 19 23 29 34 51 58 59
16 21 25 31 36 53 60 61
18 23 27 33 38 55 62 63
20 25 29 35 40 57 64 65
22 27 31 37 42 59 66 67
24 29 33 39 44 61 68 69
26 31 35 41 46 63 70 71
28 33 37 43 48 65 72 73
30 35 39 45 50 67 74 75
32 37 41 47 52 69 76 77
0 1 34 39 43 49 54 71
2 3 36 41 45 51 56 73
4 5 38 43 47 53 58 75
6 7 40 45 49 55 60 77
1 8 9 42 47 51 57 62
3 10 11 44 49 53 59 64
5 12 13 46 51 55 61 66
7 14 15 48 53 57 63 68
9 16 17 50 55 59 65 70
11 18 19 52 57 61 67 72
13 20 21 54 59 63 69 74
15 22 23 56 61 65 71 76
0 17 24 25 58 63 67 73
3 12 15 36 58 62 72 74
5 14 17 38 60 64 74 76
0 7 16 19 40 62 66 76
0 2 9 18 21 42 64 68
2 4 11 20 23 44 66 70
4 6 13 22 25 46 68 72
6 8 15 24 27 48 70 74
8 10 17 26 29 50 72 76
0 10 12 19 28 31 52 74
2 12 14 21 30 33 54 76
0 4 14 16 23 32 35 56
2 6 16 18 25 34 37 58
4 8 18 20 27 36 39 60
6 10 20 22 29 38 41 62
8 12 22 24 31 40 43 64
10 14 24 26 33 42 45 66
12 16 26 28 35 44 47 68
14 18 28 30 37 46 49 70
16 20 30 32 39 48 51 72
18 22 32 34 41 50 53 74
20 24 34 36 43 52 55 76
0 22 26 36 38 45 54 57
2 24 28 38 40 47 56 59
4 26 30 40 42 49 58 61
6 28 32 42 44 51 60 63
8 30 34 44 46 53 62 65
10 32 36 46 48 55 64 67
12 34 38 48 50 57 66 69
14 36 40 50 52 59 68 71
16 38 42 52 54 61 70 73
18 40 44 54 56 63 72 75
20 42 46 56 58 65 74 77
1 22 44 48 58 60 67 76
0 3 24 46 50 60 62 69
2 5 26 48 52 62 64 71
4 7 28 50 54 64 66 73
6 9 30 52 56 66 68 75
8 11 32 54 58 68 70 77
1 10 13 34 56 60 70 72
13 16 21 63 64 66 76 78
3 15 31 34 54 57 60 66
39 40 42 53 55 69 70 78
13 26 34 44 61 64 77 78
9 23 35 41 44 49 55 71
8 31 33 35 36 47 49 63
27 29 30 32 47 50 70 78
11 14 27 37 40 41 67 78
7 16 41 42 43 45 59 65
5 21 24 25 30 41 56 57
2 29 43 46 57 71 73 78
12 13 15 18 29 39 45 77
11 18 36 59 62 73 75 78
22 24 45 49 51 54 74 78
3 6 17 19 32 33 59 78
7 8 10 21 35 38 48 78
1 2 4 7 50 62 63 77
1 19 22 25 27 28 39 43
11 17 20 31 45 47 61 75
7 10 23 33 37 51 58 78
7 11 25 34 55 69 71 74
9 25 33 45 46 48 73 76
1 4 31 52 53 56 67 78
0 3 13 27 48 49 52 75
3 5 19 35 51 65 67 70
9 12 23 25 39 52 60 78
4 5 12 14 42 69 72 78
21 23 26 29 37 53 72 74
0 5 8 20 28 55 58 78
1 15 17 38 49 65 68 78
