0 40 41 42 63 69
1 41 42 43 64 70
2 42 43 44 65 71
3 43 44 45 66 72
4 44 45 46 67 73
5 45 46 47 68 74
6 46 47 48 69 75
7 47 48 49 70 76
8 48 49 50 71 77
9 49 50 51 72 78
10 50 51 52 73 79
0 11 51 52 53 74
1 12 52 53 54 75
2 13 53 54 55 76
3 14 54 55 56 77
4 15 55 56 57 78
5 16 56 57 58 79
0 6 17 57 58 59
1 7 18 58 59 60
2 8 19 59 60 61
3 9 20 60 61 62
4 10 21 61 62 63
5 11 22 62 63 64
6 12 23 63 64 65
7 13 24 64 65 66
8 14 25 65 66 67
9 15 26 66 67 68
10 16 27 67 68 69
11 17 28 68 69 70
12 18 29 69 70 71
13 19 30 70 71 72
14 20 31 71 72 73
15 21 32 72 73 74
16 22 33 73 74 75
17 23 34 74 75 76
18 24 35 75 76 77
19 25 36 76 77 78
20 26 37 77 78 79
0 21 27 38 78 79
0 1 22 28 39 79
0 1 2 23 29 40
1 2 3 24 30 41
2 3 4 25 31 42
3 4 5 26 32 43
4 5 6 27 33 44
5 6 7 28 34 45
6 7 8 29 35 46
7 8 9 30 36 47
8 9 10 31 37 48
9 10 11 32 38 49
10 11 12 33 39 50
11 12 13 34 40 51
12 13 14 35 41 52
13 14 15 36 42 53
14 15 16 37 43 54
15 16 17 38 44 55
16 17 18 39 45 56
17 18 19 40 46 57
18 19 20 41 47 58
19 20 21 42 48 59
20 21 22 43 49 60
21 22 23 44 50 61
22 23 24 45 51 62
23 24 25 46 52 63
24 25 26 47 53 64
25 26 27 48 54 65
26 27 28 49 55 66
27 28 29 50 56 67
28 29 30 51 57 68
29 30 31 52 58 69
30 31 32 53 59 70
31 32 33 54 60 71
32 33 34 55 61 72
33 34 35 56 62 73
34 35 36 57 63 74
35 36 37 58 64 75
36 37 38 59 65 76
37 38 39 60 66 77
38 39 40 61 67 78
39 40 41 62 68 79
16 26 34 41 46 70
17 27 35 42 47 71
18 28 36 43 48 72
19 29 37 44 49 73
20 30 38 45 50 74
21 31 39 46 51 75
22 32 40 47 52 76
23 33 41 48 53 77
24 34 42 49 54 78
25 35 43 50 55 79
0 26 36 44 51 56
1 27 37 45 52 57
2 28 38 46 53 58
3 29 39 47 54 59
4 30 40 48 55 60
5 31 41 49 56 61
6 32 42 50 57 62
7 33 43 51 58 63
8 34 44 52 59 64
9 35 45 53 60 65
10 36 46 54 61 66
11 37 47 55 62 67
12 38 48 56 63 68
13 39 49 57 64 69
14 40 50 58 65 70
15 41 51 59 66 71
16 42 52 60 67 72
17 43 53 61 68 73
18 44 54 62 69 74
19 45 55 63 70 75
20 46 56 64 71 76
21 47 57 65 72 77
22 48 58 66 73 78
23 49 59 67 74 79
0 24 50 60 68 75
1 25 51 61 69 76
2 26 52 62 70 77
3 27 53 63 71 78
4 28 54 64 72 79
0 5 29 55 65 73
1 6 30 56 66 74
2 7 31 57 67 75
3 8 32 58 68 76
4 9 33 59 69 77
5 10 34 60 70 78
6 11 35 61 71 79
0 7 12 36 62 72
1 8 13 37 63 73
2 9 14 38 64 74
3 10 15 39 65 75
4 11 16 40 66 76
5 12 17 41 67 77
6 13 18 42 68 78
7 14 19 43 69 79
0 8 15 20 44 70
1 9 16 21 45 71
2 10 17 22 46 72
3 11 18 23 47 73
4 12 19 24 48 74
5 13 20 25 49 75
6 14 21 26 50 76
7 15 22 27 51 77
8 16 23 28 52 78
9 17 24 29 53 79
0 10 18 25 30 54
1 11 19 26 31 55
2 12 20 27 32 56
3 13 21 28 33 57
4 14 22 29 34 58
5 15 23 30 35 59
6 16 24 31 36 60
7 17 25 32 37 61
8 18 26 33 38 62
9 19 27 34 39 63
10 20 28 35 40 64
11 21 29 36 41 65
12 22 30 37 42 66
13 23 31 38 43 67
14 24 32 39 44 68
15 25 33 40 45 69
2 11 15 34 48 79
0 3 12 16 35 49
1 4 13 17 36 50
2 5 14 18 37 51
3 6 15 19 38 52
4 7 16 20 39 53
5 8 17 21 40 54
6 9 18 22 41 55
7 10 19 23 42 56
8 11 20 24 43 57
9 12 21 25 44 58
10 13 22 26 45 59
11 14 23 27 46 60
12 15 24 28 47 61
13 16 25 29 48 62
14 17 26 30 49 63
15 18 27 31 50 64
16 19 28 32 51 65
17 20 29 33 52 66
18 21 30 34 53 67
19 22 31 35 54 68
20 23 32 36 55 69
21 24 33 37 56 70
22 25 34 38 57 71
23 26 35 39 58 72
24 27 36 40 59 73
25 28 37 41 60 74
26 29 38 42 61 75
27 30 39 43 62 76
28 31 40 44 63 77
29 32 41 45 64 78
30 33 42 46 65 79
0 31 34 43 47 66
1 32 35 44 48 67
2 33 36 45 49 68
3 34 37 46 50 69
4 35 38 47 51 70
5 36 39 48 52 71
6 37 40 49 53 72
7 38 41 50 54 73
8 39 42 51 55 74
9 40 43 52 56 75
10 41 44 53 57 76
11 42 45 54 58 77
12 43 46 55 59 78
13 44 47 56 60 79
0 14 45 48 57 61
1 15 46 49 58 62
2 16 47 50 59 63
3 17 48 51 60 64
4 18 49 52 61 65
5 19 50 53 62 66
6 20 51 54 63 67
7 21 52 55 64 68
8 22 53 56 65 69
9 23 54 57 66 70
10 24 55 58 67 71
11 25 56 59 68 72
12 26 57 60 69 73
13 27 58 61 70 74
14 28 59 62 71 75
15 29 60 63 72 76
16 30 61 64 73 77
17 31 62 65 74 78
18 32 63 66 75 79
0 19 33 64 67 76
1 20 34 65 68 77
2 21 35 66 69 78
3 22 36 67 70 79
0 4 23 37 68 71
1 5 24 38 69 72
2 6 25 39 70 73
3 7 26 40 71 74
4 8 27 41 72 75
5 9 28 42 73 76
6 10 29 43 74 77
7 11 30 44 75 78
8 12 31 45 76 79
0 9 13 32 46 77
1 10 14 33 47 78
