17 20 27 28 45 58 78
2 21 24 31 32 49 62
6 25 28 35 36 53 66
10 29 32 39 40 57 70
14 33 36 43 44 61 74
18 37 40 47 48 65 78
2 22 41 44 51 52 69
6 26 45 48 55 56 73
10 30 49 52 59 60 77
1 14 34 53 56 63 64
5 18 38 57 60 67 68
9 22 42 61 64 71 72
13 26 46 65 68 75 76
0 17 30 50 69 72 79
3 4 21 34 54 73 76
0 7 8 25 38 58 77
1 4 11 12 29 42 62
5 8 15 16 33 46 66
9 12 19 20 37 50 70
13 16 23 24 41 54 74
5 12 22 24 30 65 75
9 16 26 28 34 69 79
3 13 20 30 32 38 73
7 17 24 34 36 42 77
1 11 21 28 38 40 46
5 15 25 32 42 44 50
9 19 29 36 46 48 54
13 23 33 40 50 52 58
17 27 37 44 54 56 62
21 31 41 48 58 60 66
25 35 45 52 62 64 70
29 39 49 56 66 68 74
33 43 53 60 70 72 78
2 37 47 57 64 74 76
0 6 41 51 61 68 78
2 4 10 45 55 65 72
6 8 14 49 59 69 76
0 10 12 18 53 63 73
4 14 16 22 57 67 77
1 8 18 20 26 61 71
7 41 49 55 65 67 70
11 45 53 59 69 71 74
15 49 57 63 73 75 78
2 19 53 61 67 77 79
1 3 6 23 57 65 71
5 7 10 27 61 69 75
9 11 14 31 65 73 79
3 13 15 18 35 69 77
1 7 17 19 22 39 73
5 11 21 23 26 43 77
1 9 15 25 27 30 47
5 13 19 29 31 34 51
9 17 23 33 35 38 55
13 21 27 37 39 42 59
17 25 31 41 43 46 63
21 29 35 45 47 50 67
25 33 39 49 51 54 71
29 37 43 53 55 58 75
33 41 47 57 59 62 79
3 37 45 51 61 63 66
1 10 26 35 36 37 41
5 14 30 39 40 41 45
9 18 34 43 44 45 49
13 22 38 47 48 49 53
17 26 42 51 52 53 57
21 30 46 55 56 57 61
25 34 50 59 60 61 65
29 38 54 63 64 65 69
33 42 58 67 68 69 73
37 46 62 71 72 73 77
1 41 50 66 75 76 77
0 1 5 45 54 70 79
3 4 5 9 49 58 74
7 8 9 13 53 62 78
2 11 12 13 17 57 66
6 15 16 17 21 61 70
10 19 20 21 25 65 74
14 23 24 25 29 69 78
2 18 27 28 29 33 73
6 22 31 32 33 37 77
15 21 22 23 45 53 68
19 25 26 27 49 57 72
23 29 30 31 53 61 76
0 27 33 34 35 57 65
4 31 37 38 39 61 69
8 35 41 42 43 65 73
12 39 45 46 47 69 77
1 16 43 49 50 51 73
5 20 47 53 54 55 77
1 9 24 51 57 58 59
5 13 28 55 61 62 63
9 17 32 59 65 66 67
13 21 36 63 69 70 71
17 25 40 67 73 74 75
21 29 44 71 77 78 79
1 2 3 25 33 48 75
5 6 7 29 37 52 79
3 9 10 11 33 41 56
7 13 14 15 37 45 60
11 17 18 19 41 49 64
24 35 40 48 49 61 79
3 28 39 44 52 53 65
7 32 43 48 56 57 69
11 36 47 52 60 61 73
15 40 51 56 64 65 77
1 19 44 55 60 68 69
5 23 48 59 64 72 73
9 27 52 63 68 76 77
0 1 13 31 56 67 72
4 5 17 35 60 71 76
0 8 9 21 39 64 75
4 12 13 25 43 68 79
3 8 16 17 29 47 72
7 12 20 21 33 51 76
0 11 16 24 25 37 55
4 15 20 28 29 41 59
8 19 24 32 33 45 63
12 23 28 36 37 49 67
16 27 32 40 41 53 71
20 31 36 44 45 57 75
11 20 32 35 58 68 72
15 24 36 39 62 72 76
0 19 28 40 43 66 76
0 4 23 32 44 47 70
4 8 27 36 48 51 74
8 12 31 40 52 55 78
2 12 16 35 44 56 59
6 16 20 39 48 60 63
10 20 24 43 52 64 67
14 24 28 47 56 68 71
18 28 32 51 60 72 75
22 32 36 55 64 76 79
0 3 26 36 40 59 68
4 7 30 40 44 63 72
8 11 34 44 48 67 76
0 12 15 38 48 52 71
4 16 19 42 52 56 75
8 20 23 46 56 60 79
3 12 24 27 50 60 64
7 16 28 31 54 64 68
1 32 34 46 52 74 78
2 5 36 38 50 56 78
2 6 9 40 42 54 60
6 10 13 44 46 58 64
10 14 17 48 50 62 68
14 18 21 52 54 66 72
18 22 25 56 58 70 76
0 22 26 29 60 62 74
4 26 30 33 64 66 78
2 8 30 34 37 68 70
6 12 34 38 41 72 74
10 16 38 42 45 76 78
0 2 14 20 42 46 49
4 6 18 24 46 50 53
8 10 22 28 50 54 57
12 14 26 32 54 58 61
16 18 30 36 58 62 65
20 22 34 40 62 66 69
24 26 38 44 66 70 73
28 30 42 48 70 74 77
11 14 22 27 51 55 70
15 18 26 31 55 59 74
19 22 30 35 59 63 78
2 23 26 34 39 63 67
6 27 30 38 43 67 71
10 31 34 42 47 71 75
14 35 38 46 51 75 79
3 18 39 42 50 55 79
3 7 22 43 46 54 59
7 11 26 47 50 58 63
11 15 30 51 54 62 67
15 19 34 55 58 66 71
19 23 38 59 62 70 75
23 27 42 63 66 74 79
3 27 31 46 67 70 78
2 7 31 35 50 71 74
6 11 35 39 54 75 78
2 10 15 39 43 58 79
3 6 14 19 43 47 62
7 10 18 23 47 51 66
