27 51 74
28 52 75
29 53 76
30 54 77
31 55 78
0 32 56
1 33 57
2 34 58
3 35 59
4 36 60
5 37 61
6 38 62
7 39 63
8 40 64
9 41 65
10 42 66
11 43 67
12 44 68
13 45 69
14 46 70
15 47 71
16 48 72
17 49 73
18 50 74
19 51 75
20 52 76
21 53 77
22 54 78
0 23 55
1 24 56
2 25 57
3 26 58
4 27 59
5 28 60
6 29 61
7 30 62
8 31 63
9 32 64
10 33 65
11 34 66
12 35 67
13 36 68
14 37 69
15 38 70
16 39 71
17 40 72
18 41 73
19 42 74
20 43 75
21 44 76
22 45 77
23 46 78
0 24 47
1 25 48
2 26 49
3 27 50
4 28 51
5 29 52
6 30 53
7 31 54
8 32 55
9 33 56
10 34 57
11 35 58
12 36 59
13 37 60
14 38 61
15 39 62
16 40 63
17 41 64
18 42 65
19 43 66
20 44 67
21 45 68
22 46 69
23 47 70
24 48 71
25 49 72
26 50 73
16 46 47
17 47 48
18 48 49
19 49 50
20 50 51
21 51 52
22 52 53
23 53 54
24 54 55
25 55 56
26 56 57
27 57 58
28 58 59
29 59 60
30 60 61
31 61 62
32 62 63
33 63 64
34 64 65
35 65 66
36 66 67
37 67 68
38 68 69
39 69 70
40 70 71
41 71 72
42 72 73
43 73 74
44 74 75
45 75 76
46 76 77
47 77 78
0 48 78
0 1 49
1 2 50
2 3 51
3 4 52
4 5 53
5 6 54
6 7 55
7 8 56
8 9 57
9 10 58
10 11 59
11 12 60
12 13 61
13 14 62
14 15 63
15 16 64
16 17 65
17 18 66
18 19 67
19 20 68
20 21 69
21 22 70
22 23 71
23 24 72
24 25 73
25 26 74
26 27 75
27 28 76
28 29 77
29 30 78
0 30 31
1 31 32
2 32 33
3 33 34
4 34 35
5 35 36
6 36 37
7 37 38
8 38 39
9 39 40
10 40 41
11 41 42
12 42 43
13 43 44
14 44 45
15 45 46
29 45 66
30 46 67
31 47 68
32 48 69
33 49 70
34 50 71
35 51 72
36 52 73
37 53 74
38 54 75
39 55 76
40 56 77
41 57 78
0 42 58
1 43 59
2 44 60
3 45 61
4 46 62
5 47 63
6 48 64
7 49 65
8 50 66
9 51 67
10 52 68
11 53 69
12 54 70
13 55 71
14 56 72
15 57 73
16 58 74
17 59 75
18 60 76
19 61 77
20 62 78
0 21 63
1 22 64
2 23 65
3 24 66
4 25 67
5 26 68
6 27 69
7 28 70
8 29 71
9 30 72
10 31 73
11 32 74
12 33 75
13 34 76
14 35 77
15 36 78
0 16 37
1 17 38
2 18 39
3 19 40
4 20 41
5 21 42
6 22 43
7 23 44
8 24 45
9 25 46
10 26 47
11 27 48
12 28 49
13 29 50
14 30 51
15 31 52
16 32 53
17 33 54
18 34 55
19 35 56
20 36 57
21 37 58
22 38 59
23 39 60
24 40 61
25 41 62
26 42 63
27 43 64
28 44 65
20 48 63
21 49 64
22 50 65
23 51 66
24 52 67
25 53 68
26 54 69
27 55 70
28 56 71
29 57 72
30 58 73
31 59 74
32 60 75
33 61 76
34 62 77
35 63 78
0 36 64
1 37 65
2 38 66
3 39 67
4 40 68
5 41 69
6 42 70
7 43 71
8 44 72
9 45 73
10 46 74
11 47 75
12 48 76
13 49 77
14 50 78
0 15 51
1 16 52
2 17 53
3 18 54
4 19 55
5 20 56
6 21 57
7 22 58
8 23 59
9 24 60
10 25 61
11 26 62
12 27 63
13 28 64
14 29 65
15 30 66
16 31 67
17 32 68
18 33 69
19 34 70
20 35 71
21 36 72
22 37 73
23 38 74
24 39 75
25 40 76
26 41 77
27 42 78
0 28 43
1 29 44
2 30 45
3 31 46
4 32 47
5 33 48
6 34 49
7 35 50
8 36 51
9 37 52
10 38 53
11 39 54
12 40 55
13 41 56
14 42 57
15 43 58
16 44 59
17 45 60
18 46 61
19 47 62
24 36 50
25 37 51
26 38 52
27 39 53
28 40 54
29 41 55
30 42 56
31 43 57
32 44 58
33 45 59
34 46 60
35 47 61
36 48 62
37 49 63
38 50 64
39 51 65
40 52 66
41 53 67
42 54 68
43 55 69
44 56 70
45 57 71
46 58 72
47 59 73
48 60 74
49 61 75
50 62 76
51 63 77
52 64 78
0 53 65
1 54 66
2 55 67
3 56 68
4 57 69
5 58 70
6 59 71
7 60 72
8 61 73
9 62 74
10 63 75
11 64 76
12 65 77
13 66 78
0 14 67
1 15 68
2 16 69
3 17 70
4 18 71
5 19 72
6 20 73
7 21 74
8 22 75
9 23 76
10 24 77
11 25 78
0 12 26
1 13 27
2 14 28
3 15 29
4 16 30
5 17 31
6 18 32
7 19 33
8 20 34
9 21 35
10 22 36
11 23 37
12 24 38
13 25 39
14 26 40
15 27 41
16 28 42
17 29 43
18 30 44
19 31 45
20 32 46
21 33 47
22 34 48
23 35 49
37 43 50
38 44 51
39 45 52
40 46 53
41 47 54
42 48 55
43 49 56
44 50 57
45 51 58
46 52 59
47 53 60
48 54 61
49 55 62
50 56 63
51 57 64
52 58 65
53 59 66
54 60 67
55 61 68
56 62 69
57 63 70
58 64 71
59 65 72
60 66 73
61 67 74
62 68 75
63 69 76
64 70 77
65 71 78
0 66 72
1 67 73
2 68 74
3 69 75
4 70 76
5 71 77
6 72 78
0 7 73
1 8 74
2 9 75
3 10 76
4 11 77
5 12 78
0 6 13
1 7 14
2 8 15
3 9 16
4 10 17
5 11 18
6 12 19
7 13 20
8 14 21
9 15 22
10 16 23
11 17 24
12 18 25
13 19 26
14 20 27
15 21 28
16 22 29
17 23 30
18 24 31
19 25 32
20 26 33
21 27 34
22 28 35
23 29 36
24 30 37
25 31 38
26 32 39
27 33 40
28 34 41
29 35 42
30 36 43
31 37 44
32 38 45
33 39 46
34 40 47
35 41 48
36 42 49
4 50 54
5 51 55
6 52 56
7 53 57
8 54 58
9 55 59
10 56 60
11 57 61
12 58 62
13 59 63
14 60 64
15 61 65
16 62 66
17 63 67
18 64 68
19 65 69
20 66 70
21 67 71
22 68 72
23 69 73
24 70 74
25 71 75
26 72 76
27 73 77
28 74 78
0 29 75
1 30 76
2 31 77
3 32 78
0 4 33
1 5 34
2 6 35
3 7 36
4 8 37
5 9 38
6 10 39
7 11 40
8 12 41
9 13 42
10 14 43
11 15 44
12 16 45
13 17 46
14 18 47
15 19 48
16 20 49
17 21 50
18 22 51
19 23 52
20 24 53
21 25 54
22 26 55
23 27 56
24 28 57
25 29 58
26 30 59
27 31 60
28 32 61
29 33 62
30 34 63
31 35 64
32 36 65
33 37 66
34 38 67
35 39 68
36 40 69
37 41 70
38 42 71
39 43 72
40 44 73
41 45 74
42 46 75
43 47 76
44 48 77
45 49 78
0 46 50
1 47 51
2 48 52
3 49 53
27 44 62
28 45 63
29 46 64
30 47 65
31 48 66
32 49 67
33 50 68
34 51 69
35 52 70
36 53 71
37 54 72
38 55 73
39 56 74
40 57 75
41 58 76
42 59 77
43 60 78
0 44 61
1 45 62
2 46 63
3 47 64
4 48 65
5 49 66
6 50 67
7 51 68
8 52 69
9 53 70
10 54 71
11 55 72
12 56 73
13 57 74
14 58 75
15 59 76
16 60 77
17 61 78
0 18 62
1 19 63
2 20 64
3 21 65
4 22 66
5 23 67
6 24 68
7 25 69
8 26 70
9 27 71
10 28 72
11 29 73
12 30 74
13 31 75
14 32 76
15 33 77
16 34 78
0 17 35
1 18 36
2 19 37
3 20 38
4 21 39
5 22 40
6 23 41
7 24 42
8 25 43
9 26 44
10 27 45
11 28 46
12 29 47
13 30 48
14 31 49
15 32 50
16 33 51
17 34 52
18 35 53
19 36 54
20 37 55
21 38 56
22 39 57
23 40 58
24 41 59
25 42 60
26 43 61
64 72 75
65 73 76
66 74 77
67 75 78
0 68 76
1 69 77
2 70 78
0 3 71
1 4 72
2 5 73
3 6 74
4 7 75
5 8 76
6 9 77
7 10 78
0 8 11
1 9 12
2 10 13
3 11 14
4 12 15
5 13 16
6 14 17
7 15 18
8 16 19
9 17 20
10 18 21
11 19 22
12 20 23
13 21 24
14 22 25
15 23 26
16 24 27
17 25 28
18 26 29
19 27 30
20 28 31
21 29 32
22 30 33
23 31 34
24 32 35
25 33 36
26 34 37
27 35 38
28 36 39
29 37 40
30 38 41
31 39 42
32 40 43
33 41 44
34 42 45
35 43 46
36 44 47
37 45 48
38 46 49
39 47 50
40 48 51
41 49 52
42 50 53
43 51 54
44 52 55
45 53 56
46 54 57
47 55 58
48 56 59
49 57 60
50 58 61
51 59 62
52 60 63
53 61 64
54 62 65
55 63 66
56 64 67
57 65 68
58 66 69
59 67 70
60 68 71
61 69 72
62 70 73
63 71 74
25 45 70
26 46 71
27 47 72
28 48 73
29 49 74
30 50 75
31 51 76
32 52 77
33 53 78
0 34 54
1 35 55
2 36 56
3 37 57
4 38 58
5 39 59
6 40 60
7 41 61
8 42 62
9 43 63
10 44 64
11 45 65
12 46 66
13 47 67
14 48 68
15 49 69
16 50 70
17 51 71
18 52 72
19 53 73
20 54 74
21 55 75
22 56 76
23 57 77
24 58 78
0 25 59
1 26 60
2 27 61
3 28 62
4 29 63
5 30 64
6 31 65
7 32 66
8 33 67
9 34 68
10 35 69
11 36 70
12 37 71
13 38 72
14 39 73
15 40 74
16 41 75
17 42 76
18 43 77
19 44 78
0 20 45
1 21 46
2 22 47
3 23 48
4 24 49
5 25 50
6 26 51
7 27 52
8 28 53
9 29 54
10 30 55
11 31 56
12 32 57
13 33 58
14 34 59
15 35 60
16 36 61
17 37 62
18 38 63
19 39 64
20 40 65
21 41 66
22 42 67
23 43 68
24 44 69
9 14 36
10 15 37
11 16 38
12 17 39
13 18 40
14 19 41
15 20 42
16 21 43
17 22 44
18 23 45
19 24 46
20 25 47
21 26 48
22 27 49
23 28 50
24 29 51
25 30 52
26 31 53
27 32 54
28 33 55
29 34 56
30 35 57
31 36 58
32 37 59
33 38 60
34 39 61
35 40 62
36 41 63
37 42 64
38 43 65
39 44 66
40 45 67
41 46 68
42 47 69
43 48 70
44 49 71
45 50 72
46 51 73
47 52 74
48 53 75
49 54 76
50 55 77
51 56 78
0 52 57
1 53 58
2 54 59
3 55 60
4 56 61
5 57 62
6 58 63
7 59 64
8 60 65
9 61 66
10 62 67
11 63 68
12 64 69
13 65 70
14 66 71
15 67 72
16 68 73
17 69 74
18 70 75
19 71 76
20 72 77
21 73 78
0 22 74
1 23 75
2 24 76
3 25 77
4 26 78
0 5 27
1 6 28
2 7 29
3 8 30
4 9 31
5 10 32
6 11 33
7 12 34
8 13 35
35 37 76
36 38 77
37 39 78
0 38 40
1 39 41
2 40 42
3 41 43
4 42 44
5 43 45
6 44 46
7 45 47
8 46 48
9 47 49
10 48 50
11 49 51
12 50 52
13 51 53
14 52 54
15 53 55
16 54 56
17 55 57
18 56 58
19 57 59
20 58 60
21 59 61
22 60 62
23 61 63
24 62 64
25 63 65
26 64 66
27 65 67
28 66 68
29 67 69
30 68 70
31 69 71
32 70 72
33 71 73
34 72 74
35 73 75
36 74 76
37 75 77
38 76 78
0 39 77
1 40 78
0 2 41
1 3 42
2 4 43
3 5 44
4 6 45
5 7 46
6 8 47
7 9 48
8 10 49
9 11 50
10 12 51
11 13 52
12 14 53
13 15 54
14 16 55
15 17 56
16 18 57
17 19 58
18 20 59
19 21 60
20 22 61
21 23 62
22 24 63
23 25 64
24 26 65
25 27 66
26 28 67
27 29 68
28 30 69
29 31 70
30 32 71
31 33 72
32 34 73
33 35 74
34 36 75
12 21 31
13 22 32
14 23 33
15 24 34
16 25 35
17 26 36
18 27 37
19 28 38
20 29 39
21 30 40
22 31 41
23 32 42
24 33 43
25 34 44
26 35 45
27 36 46
28 37 47
29 38 48
30 39 49
31 40 50
32 41 51
33 42 52
34 43 53
35 44 54
36 45 55
37 46 56
38 47 57
39 48 58
40 49 59
41 50 60
42 51 61
43 52 62
44 53 63
45 54 64
46 55 65
47 56 66
48 57 67
49 58 68
50 59 69
51 60 70
52 61 71
53 62 72
54 63 73
55 64 74
56 65 75
57 66 76
58 67 77
59 68 78
0 60 69
1 61 70
2 62 71
3 63 72
4 64 73
5 65 74
6 66 75
7 67 76
8 68 77
9 69 78
0 10 70
1 11 71
2 12 72
3 13 73
4 14 74
5 15 75
6 16 76
7 17 77
8 18 78
0 9 19
1 10 20
2 11 21
3 12 22
4 13 23
5 14 24
6 15 25
7 16 26
8 17 27
9 18 28
10 19 29
11 20 30
36 37 79
9 26 79
15 42 79
48 67 79
49 53 79
7 69 79
12 43 79
17 33 79
13 77 79
0 74 79
14 76 79
65 70 79
38 62 79
39 64 79
55 73 79
41 59 79
1 66 79
31 72 79
27 52 79
21 54 79
44 60 79
29 46 79
25 63 79
6 51 79
28 30 79
18 68 79
40 78 79
13 58 79
3 56 79
23 35 79
20 45 79
71 75 79
4 50 79
8 34 79
19 32 79
47 61 79
2 24 79
11 16 79
10 22 79
5 57 79
