21 22 47 51 70
23 24 49 53 72
25 26 51 55 74
27 28 53 57 76
29 30 55 59 78
0 31 32 57 61
2 33 34 59 63
4 35 36 61 65
6 37 38 63 67
8 39 40 65 69
10 41 42 67 71
12 43 44 69 73
14 45 46 71 75
16 47 48 73 77
18 49 50 75 79
1 20 51 52 77
3 22 53 54 79
1 5 24 55 56
3 7 26 57 58
5 9 28 59 60
7 11 30 61 62
9 13 32 63 64
11 15 34 65 66
13 17 36 67 68
15 19 38 69 70
17 21 40 71 72
19 23 42 73 74
21 25 44 75 76
23 27 46 77 78
0 25 29 48 79
1 2 27 31 50
3 4 29 33 52
5 6 31 35 54
7 8 33 37 56
9 10 35 39 58
11 12 37 41 60
13 14 39 43 62
15 16 41 45 64
17 18 43 47 66
19 20 45 49 68
11 25 33 72 78
0 13 27 35 74
2 15 29 37 76
4 17 31 39 78
0 6 19 33 41
2 8 21 35 43
4 10 23 37 45
6 12 25 39 47
8 14 27 41 49
10 16 29 43 51
12 18 31 45 53
14 20 33 47 55
16 22 35 49 57
18 24 37 51 59
20 26 39 53 61
22 28 41 55 63
24 30 43 57 65
26 32 45 59 67
28 34 47 61 69
30 36 49 63 71
32 38 51 65 73
34 40 53 67 75
36 42 55 69 77
38 44 57 71 79
1 40 46 59 73
3 42 48 61 75
5 44 50 63 77
7 46 52 65 79
1 9 48 54 67
3 11 50 56 69
5 13 52 58 71
7 15 54 60 73
9 17 56 62 75
11 19 58 64 77
13 21 60 66 79
1 15 23 62 68
3 17 25 64 70
5 19 27 66 72
7 21 29 68 74
9 23 31 70 76
44 49 55 60 70
46 51 57 62 72
48 53 59 64 74
50 55 61 66 76
52 57 63 68 78
0 54 59 65 70
2 56 61 67 72
4 58 63 69 74
6 60 65 71 76
8 62 67 73 78
0 10 64 69 75
2 12 66 71 77
4 14 68 73 79
1 6 16 70 75
3 8 18 72 77
5 10 20 74 79
1 7 12 22 76
3 9 14 24 78
0 5 11 16 26
2 7 13 18 28
4 9 15 20 30
6 11 17 22 32
8 13 19 24 34
10 15 21 26 36
12 17 23 28 38
14 19 25 30 40
16 21 27 32 42
18 23 29 34 44
20 25 31 36 46
22 27 33 38 48
24 29 35 40 50
26 31 37 42 52
28 33 39 44 54
30 35 41 46 56
32 37 43 48 58
34 39 45 50 60
36 41 47 52 62
38 43 49 54 64
40 45 51 56 66
42 47 53 58 68
6 31 34 43 72
8 33 36 45 74
10 35 38 47 76
12 37 40 49 78
0 14 39 42 51
2 16 41 44 53
4 18 43 46 55
6 20 45 48 57
8 22 47 50 59
10 24 49 52 61
12 26 51 54 63
14 28 53 56 65
16 30 55 58 67
18 32 57 60 69
20 34 59 62 71
22 36 61 64 73
24 38 63 66 75
26 40 65 68 77
28 42 67 70 79
1 30 44 69 72
3 32 46 71 74
5 34 48 73 76
7 36 50 75 78
0 9 38 52 77
2 11 40 54 79
1 4 13 42 56
3 6 15 44 58
5 8 17 46 60
7 10 19 48 62
9 12 21 50 64
11 14 23 52 66
13 16 25 54 68
15 18 27 56 70
17 20 29 58 72
19 22 31 60 74
21 24 33 62 76
23 26 35 64 78
0 25 28 37 66
2 27 30 39 68
4 29 32 41 70
9 22 34 52 56
11 24 36 54 58
13 26 38 56 60
15 28 40 58 62
17 30 42 60 64
19 32 44 62 66
21 34 46 64 68
23 36 48 66 70
25 38 50 68 72
27 40 52 70 74
29 42 54 72 76
31 44 56 74 78
0 33 46 58 76
2 35 48 60 78
0 4 37 50 62
2 6 39 52 64
4 8 41 54 66
6 10 43 56 68
8 12 45 58 70
10 14 47 60 72
12 16 49 62 74
14 18 51 64 76
16 20 53 66 78
0 18 22 55 68
2 20 24 57 70
4 22 26 59 72
6 24 28 61 74
8 26 30 63 76
10 28 32 65 78
0 12 30 34 67
2 14 32 36 69
4 16 34 38 71
6 18 36 40 73
8 20 38 42 75
10 22 40 44 77
12 24 42 46 79
1 14 26 44 48
3 16 28 46 50
5 18 30 48 52
7 20 32 50 54
12 13 48 65 72
14 15 50 67 74
16 17 52 69 76
18 19 54 71 78
0 20 21 56 73
2 22 23 58 75
4 24 25 60 77
6 26 27 62 79
1 8 28 29 64
3 10 30 31 66
5 12 32 33 68
7 14 34 35 70
9 16 36 37 72
11 18 38 39 74
13 20 40 41 76
15 22 42 43 78
0 17 24 44 45
2 19 26 46 47
4 21 28 48 49
6 23 30 50 51
8 25 32 52 53
10 27 34 54 55
12 29 36 56 57
14 31 38 58 59
16 33 40 60 61
18 35 42 62 63
20 37 44 64 65
22 39 46 66 67
24 41 48 68 69
26 43 50 70 71
28 45 52 72 73
30 47 54 74 75
32 49 56 76 77
34 51 58 78 79
0 1 36 53 60
2 3 38 55 62
4 5 40 57 64
6 7 42 59 66
8 9 44 61 68
10 11 46 63 70
7 29 31 49 77
9 31 33 51 79
1 11 33 35 53
3 13 35 37 55
5 15 37 39 57
7 17 39 41 59
9 19 41 43 61
11 21 43 45 63
13 23 45 47 65
15 25 47 49 67
17 27 49 51 69
19 29 51 53 71
21 31 53 55 73
23 33 55 57 75
25 35 57 59 77
27 37 59 61 79
1 29 39 61 63
3 31 41 63 65
5 33 43 65 67
7 35 45 67 69
9 37 47 69 71
11 39 49 71 73
13 41 51 73 75
15 43 53 75 77
17 45 55 77 79
1 19 47 57 79
1 3 21 49 59
3 5 23 51 61
5 7 25 53 63
7 9 27 55 65
9 11 29 57 67
11 13 31 59 69
13 15 33 61 71
15 17 35 63 73
17 19 37 65 75
19 21 39 67 77
21 23 41 69 79
1 23 25 43 71
3 25 27 45 73
5 27 29 47 75
35 44 52 59 75
37 46 54 61 77
39 48 56 63 79
1 41 50 58 65
3 43 52 60 67
5 45 54 62 69
7 47 56 64 71
9 49 58 66 73
11 51 60 68 75
13 53 62 70 77
15 55 64 72 79
1 17 57 66 74
3 19 59 68 76
5 21 61 70 78
0 7 23 63 72
2 9 25 65 74
4 11 27 67 76
6 13 29 69 78
0 8 15 31 71
2 10 17 33 73
4 12 19 35 75
6 14 21 37 77
8 16 23 39 79
1 10 18 25 41
3 12 20 27 43
5 14 22 29 45
7 16 24 31 47
9 18 26 33 49
11 20 28 35 51
13 22 30 37 53
15 24 32 39 55
17 26 34 41 57
19 28 36 43 59
21 30 38 45 61
23 32 40 47 63
25 34 42 49 65
27 36 44 51 67
29 38 46 53 69
31 40 48 55 71
33 42 50 57 73
4 11 42 44 47
6 13 44 46 49
8 15 46 48 51
10 17 48 50 53
12 19 50 52 55
14 21 52 54 57
16 23 54 56 59
18 25 56 58 61
20 27 58 60 63
22 29 60 62 65
24 31 62 64 67
26 33 64 66 69
28 35 66 68 71
30 37 68 70 73
32 39 70 72 75
34 41 72 74 77
36 43 74 76 79
1 38 45 76 78
0 3 40 47 78
0 2 5 42 49
2 4 7 44 51
4 6 9 46 53
6 8 11 48 55
8 10 13 50 57
10 12 15 52 59
12 14 17 54 61
14 16 19 56 63
16 18 21 58 65
18 20 23 60 67
20 22 25 62 69
22 24 27 64 71
24 26 29 66 73
26 28 31 68 75
28 30 33 70 77
30 32 35 72 79
1 32 34 37 74
3 34 36 39 76
5 36 38 41 78
0 7 38 40 43
2 9 40 42 45
