0 3 17 20 36 48 62 63
1 9 11 71 72 74 76 78
1 2 13 20 21 23 29 45
4 10 26 29 32 52 53 76
4 5 20 27 28 37 60 61
6 14 17 19 28 35 41 56
7 16 19 38 39 43 57 76
18 33 34 45 47 50 64 76
5 6 12 23 31 62 65 74
15 17 30 33 42 51 60 65
22 37 39 40 64 69 70 72
10 17 24 49 55 56 57 64
3 7 25 27 32 51 55 74
41 44 47 49 58 63 73 74
18 24 31 38 53 59 66 70
6 10 34 39 50 68 71 75
6 10 12 40 43 59 73 77
15 35 44 53 54 55 61 71
0 12 13 14 24 25 32 69
0 4 9 21 30 35 39 73
6 16 25 30 45 47 61 67
5 11 17 29 39 46 48 58
12 26 34 36 44 51 60 66
8 16 21 40 46 55 60 78
3 18 28 30 52 58 68 69
1 14 27 30 48 49 53 75
5 14 18 42 54 59 67 72
4 19 24 26 27 42 50 63
13 30 36 55 70 76 77 79
2 32 35 37 43 47 48 65
0 2 5 7 44 64 68 78
19 22 23 30 32 34 63 78
14 29 31 33 35 36 40 50
4 13 15 38 62 67 68 72
9 15 31 43 45 46 52 75
8 20 41 43 51 54 68 79
12 16 32 33 56 58 72 75
19 21 25 33 37 45 49 66
1 3 4 19 40 56 59 65
1 7 12 42 52 61 73 79
3 10 11 14 21 22 38 44
4 7 9 23 28 36 47 53
7 17 40 45 54 58 71 77
16 36 48 50 51 52 69 73
0 22 27 41 45 53 57 65
18 19 22 47 51 60 62 75
3 17 32 41 50 61 66 69
1 25 26 28 31 39 54 60
2 11 19 52 54 58 62 70
6 37 42 51 53 57 58 78
3 8 31 34 61 64 72 73
7 10 20 35 46 59 62 69
23 24 35 41 48 52 60 72
6 7 8 15 29 48 56 66
2 9 27 34 38 56 69 79
2 10 15 16 18 36 37 74
17 22 46 50 53 67 74 79
4 12 18 21 48 54 57 63
0 16 18 23 26 49 71 79
20 25 44 50 52 56 77 78
28 29 43 55 63 65 69 71
13 22 33 39 59 61 63 74
3 8 24 29 37 54 75 77
25 35 38 42 46 64 71 74
5 15 24 40 49 51 69 76
4 14 23 43 58 64 66 78
17 21 26 34 43 49 70 72
3 12 28 35 49 67 70 78
11 12 20 30 38 40 47 55
20 28 64 65 66 67 75 76
8 17 27 36 39 47 52 59
8 9 18 28 32 40 57 62
1 16 31 32 42 63 68 77
10 13 27 46 47 54 66 72
14 45 56 60 63 68 73 76
0 10 19 34 42 43 48 61
2 4 22 31 41 55 59 79
0 6 11 32 36 38 60 64
21 25 29 41 42 59 62 76
8 13 17 19 31 47 69 78
21 24 36 46 58 61 65 68
1 34 37 41 50 55 62 67
4 29 38 45 51 56 61 70
19 20 32 36 67 70 71 73
23 37 44 46 57 67 69 73
6 7 9 13 20 22 24 26
0 10 31 33 58 60 67 79
7 11 18 50 53 63 65 72
11 15 28 45 48 59 78 79
5 18 22 25 36 43 46 56
11 16 24 28 34 66 74 79
5 8 26 38 55 58 73 75
24 27 33 43 62 71 73 78
3 5 11 13 16 43 53 56
9 12 19 30 41 46 64 77
2 7 8 14 30 43 49 50
1 9 39 43 51 63 64 67
3 23 36 39 42 45 55 66
14 20 33 34 40 52 57 74
0 6 21 28 51 52 55 72
11 14 26 37 56 61 62 77
0 23 30 50 54 56 74 76
4 6 11 36 42 49 54 69
21 43 53 60 69 74 75 77
1 6 18 27 35 43 44 70
2 9 26 40 48 66 67 68
3 15 26 30 57 59 64 71
26 38 39 41 54 65 73 78
12 17 23 37 38 52 68 76
2 14 16 23 51 59 61 75
12 16 22 27 29 54 64 68
4 14 34 46 51 65 71 77
2 18 20 39 49 61 77 78
8 11 23 27 33 41 67 77
7 21 24 31 47 56 67 71
5 15 21 29 32 39 47 79
2 13 25 29 34 40 53 73
5 30 31 37 52 63 66 71
9 13 37 44 50 58 59 60
10 28 33 38 48 50 51 77
6 19 29 44 65 72 74 79
2 3 6 26 33 46 63 76
20 25 27 31 48 58 72 76
13 28 39 41 42 56 71 75
3 7 22 29 49 52 60 67
11 13 31 35 51 57 68 73
29 30 36 57 61 72 75 78
1 33 53 54 62 64 69 79
2 5 12 50 57 60 70 71
5 9 32 34 35 45 54 59
8 10 15 23 25 41 63 70
2 15 22 28 42 72 73 77
8 9 16 20 33 42 65 70
0 8 25 37 49 53 59 68
0 1 5 38 47 57 66 77
1 5 10 26 36 40 41 78
1 2 4 11 17 24 25 75
0 1 7 15 34 46 58 70
3 9 10 14 25 57 65 79
14 26 47 48 55 68 70 74
0 9 17 18 29 55 66 73
28 31 32 38 44 46 49 62
10 24 30 39 44 45 62 72
7 35 37 38 40 63 75 79
12 14 15 19 20 39 53 55
5 9 19 33 49 55 61 68
15 21 23 27 40 50 61 64
0 3 40 42 44 47 70 75
4 7 16 17 18 33 41 44
1 8 22 44 48 61 71 76
16 22 35 58 62 66 76 77
13 18 32 48 49 52 64 65
4 8 12 26 35 45 69 74
