39 40 71 78
0 41 42 73
2 43 44 75
4 45 46 77
6 47 48 79
1 8 49 50
3 10 51 52
5 12 53 54
7 14 55 56
9 16 57 58
11 18 59 60
13 20 61 62
15 22 63 64
17 24 65 66
19 26 67 68
21 28 69 70
23 30 71 72
25 32 73 74
27 34 75 76
29 36 77 78
0 31 38 79
1 2 33 40
3 4 35 42
5 6 37 44
7 8 39 46
9 10 41 48
11 12 43 50
13 14 45 52
15 16 47 54
17 18 49 56
19 20 51 58
21 22 53 60
23 24 55 62
25 26 57 64
27 28 59 66
29 30 61 68
31 32 63 70
33 34 65 72
35 36 67 74
37 38 69 76
3 27 33 73
5 29 35 75
7 31 37 77
9 33 39 79
1 11 35 41
3 13 37 43
5 15 39 45
7 17 41 47
9 19 43 49
11 21 45 51
13 23 47 53
15 25 49 55
17 27 51 57
19 29 53 59
21 31 55 61
23 33 57 63
25 35 59 65
27 37 61 67
29 39 63 69
31 41 65 71
33 43 67 73
35 45 69 75
37 47 71 77
39 49 73 79
1 41 51 75
3 43 53 77
5 45 55 79
1 7 47 57
3 9 49 59
5 11 51 61
7 13 53 63
9 15 55 65
11 17 57 67
13 19 59 69
15 21 61 71
17 23 63 73
19 25 65 75
21 27 67 77
23 29 69 79
1 25 31 71
1 18 45 58
3 20 47 60
5 22 49 62
7 24 51 64
9 26 53 66
11 28 55 68
13 30 57 70
15 32 59 72
17 34 61 74
19 36 63 76
21 38 65 78
0 23 40 67
2 25 42 69
4 27 44 71
6 29 46 73
8 31 48 75
10 33 50 77
12 35 52 79
1 14 37 54
3 16 39 56
5 18 41 58
7 20 43 60
9 22 45 62
11 24 47 64
13 26 49 66
15 28 51 68
17 30 53 70
19 32 55 72
21 34 57 74
23 36 59 76
25 38 61 78
0 27 40 63
2 29 42 65
4 31 44 67
6 33 46 69
8 35 48 71
10 37 50 73
12 39 52 75
14 41 54 77
16 43 56 79
28 48 54 57
30 50 56 59
32 52 58 61
34 54 60 63
36 56 62 65
38 58 64 67
40 60 66 69
42 62 68 71
44 64 70 73
46 66 72 75
48 68 74 77
50 70 76 79
1 52 72 78
0 3 54 74
2 5 56 76
4 7 58 78
0 6 9 60
2 8 11 62
4 10 13 64
6 12 15 66
8 14 17 68
10 16 19 70
12 18 21 72
14 20 23 74
16 22 25 76
18 24 27 78
0 20 26 29
2 22 28 31
4 24 30 33
6 26 32 35
8 28 34 37
10 30 36 39
12 32 38 41
14 34 40 43
16 36 42 45
18 38 44 47
20 40 46 49
22 42 48 51
24 44 50 53
26 46 52 55
18 30 31 54
20 32 33 56
22 34 35 58
24 36 37 60
26 38 39 62
28 40 41 64
30 42 43 66
32 44 45 68
34 46 47 70
36 48 49 72
38 50 51 74
40 52 53 76
42 54 55 78
0 44 56 57
2 46 58 59
4 48 60 61
6 50 62 63
8 52 64 65
10 54 66 67
12 56 68 69
14 58 70 71
16 60 72 73
18 62 74 75
20 64 76 77
22 66 78 79
0 1 24 68
2 3 26 70
4 5 28 72
6 7 30 74
8 9 32 76
10 11 34 78
0 12 13 36
2 14 15 38
4 16 17 40
6 18 19 42
8 20 21 44
10 22 23 46
12 24 25 48
14 26 27 50
16 28 29 52
3 6 21 23
5 8 23 25
7 10 25 27
9 12 27 29
11 14 29 31
13 16 31 33
15 18 33 35
17 20 35 37
19 22 37 39
21 24 39 41
23 26 41 43
25 28 43 45
27 30 45 47
29 32 47 49
31 34 49 51
33 36 51 53
35 38 53 55
37 40 55 57
39 42 57 59
41 44 59 61
43 46 61 63
45 48 63 65
47 50 65 67
49 52 67 69
51 54 69 71
53 56 71 73
55 58 73 75
57 60 75 77
59 62 77 79
1 61 64 79
1 3 63 66
3 5 65 68
5 7 67 70
7 9 69 72
9 11 71 74
11 13 73 76
13 15 75 78
0 15 17 77
2 17 19 79
1 4 19 21
5 43 59 78
0 7 45 61
2 9 47 63
4 11 49 65
6 13 51 67
8 15 53 69
10 17 55 71
12 19 57 73
14 21 59 75
16 23 61 77
18 25 63 79
1 20 27 65
3 22 29 67
5 24 31 69
7 26 33 71
9 28 35 73
11 30 37 75
13 32 39 77
15 34 41 79
1 17 36 43
3 19 38 45
5 21 40 47
7 23 42 49
9 25 44 51
11 27 46 53
13 29 48 55
15 31 50 57
17 33 52 59
19 35 54 61
21 37 56 63
23 39 58 65
25 41 60 67
27 43 62 69
29 45 64 71
31 47 66 73
33 49 68 75
35 51 70 77
37 53 72 79
1 39 55 74
3 41 57 76
5 34 36 50
7 36 38 52
9 38 40 54
11 40 42 56
13 42 44 58
15 44 46 60
17 46 48 62
19 48 50 64
21 50 52 66
23 52 54 68
25 54 56 70
27 56 58 72
29 58 60 74
31 60 62 76
33 62 64 78
0 35 64 66
2 37 66 68
4 39 68 70
6 41 70 72
8 43 72 74
10 45 74 76
12 47 76 78
0 14 49 78
0 2 16 51
2 4 18 53
4 6 20 55
6 8 22 57
8 10 24 59
10 12 26 61
12 14 28 63
14 16 30 65
16 18 32 67
18 20 34 69
20 22 36 71
22 24 38 73
24 26 40 75
26 28 42 77
28 30 44 79
1 30 32 46
3 32 34 48
1 27 38 42
3 29 40 44
5 31 42 46
7 33 44 48
9 35 46 50
11 37 48 52
13 39 50 54
15 41 52 56
17 43 54 58
19 45 56 60
21 47 58 62
23 49 60 64
25 51 62 66
27 53 64 68
29 55 66 70
31 57 68 72
33 59 70 74
35 61 72 76
37 63 74 78
0 39 65 76
2 41 67 78
0 4 43 69
2 6 45 71
4 8 47 73
6 10 49 75
8 12 51 77
10 14 53 79
1 12 16 55
3 14 18 57
5 16 20 59
7 18 22 61
9 20 24 63
11 22 26 65
13 24 28 67
15 26 30 69
17 28 32 71
19 30 34 73
21 32 36 75
23 34 38 77
25 36 40 79
5 14 48 66
7 16 50 68
9 18 52 70
11 20 54 72
13 22 56 74
15 24 58 76
17 26 60 78
0 19 28 62
2 21 30 64
4 23 32 66
6 25 34 68
8 27 36 70
10 29 38 72
12 31 40 74
14 33 42 76
16 35 44 78
0 18 37 46
2 20 39 48
4 22 41 50
6 24 43 52
8 26 45 54
10 28 47 56
12 30 49 58
14 32 51 60
16 34 53 62
18 36 55 64
20 38 57 66
22 40 59 68
24 42 61 70
26 44 63 72
28 46 65 74
30 48 67 76
32 50 69 78
0 34 52 71
2 36 54 73
4 38 56 75
6 40 58 77
8 42 60 79
1 10 44 62
3 12 46 64
3 24 45 72
5 26 47 74
7 28 49 76
9 30 51 78
0 11 32 53
2 13 34 55
4 15 36 57
6 17 38 59
8 19 40 61
10 21 42 63
12 23 44 65
14 25 46 67
16 27 48 69
18 29 50 71
20 31 52 73
22 33 54 75
24 35 56 77
26 37 58 79
1 28 39 60
3 30 41 62
5 32 43 64
7 34 45 66
9 36 47 68
11 38 49 70
13 40 51 72
15 42 53 74
17 44 55 76
19 46 57 78
0 21 48 59
2 23 50 61
4 25 52 63
6 27 54 65
8 29 56 67
10 31 58 69
12 33 60 71
14 35 62 73
16 37 64 75
18 39 66 77
20 41 68 79
1 22 43 70
7 65 75 79
1 9 67 77
3 11 69 79
1 5 13 71
3 7 15 73
5 9 17 75
7 11 19 77
9 13 21 79
1 11 15 23
3 13 17 25
5 15 19 27
7 17 21 29
9 19 23 31
11 21 25 33
13 23 27 35
15 25 29 37
17 27 31 39
19 29 33 41
21 31 35 43
23 33 37 45
25 35 39 47
27 37 41 49
29 39 43 51
31 41 45 53
33 43 47 55
35 45 49 57
37 47 51 59
39 49 53 61
41 51 55 63
43 53 57 65
45 55 59 67
47 57 61 69
49 59 63 71
51 61 65 73
53 63 67 75
55 65 69 77
57 67 71 79
1 59 69 73
3 61 71 75
5 63 73 77
4 12 37 62
6 14 39 64
8 16 41 66
10 18 43 68
12 20 45 70
14 22 47 72
16 24 49 74
18 26 51 76
20 28 53 78
0 22 30 55
2 24 32 57
4 26 34 59
6 28 36 61
8 30 38 63
10 32 40 65
12 34 42 67
14 36 44 69
16 38 46 71
18 40 48 73
20 42 50 75
22 44 52 77
24 46 54 79
1 26 48 56
3 28 50 58
5 30 52 60
7 32 54 62
9 34 56 64
11 36 58 66
13 38 60 68
15 40 62 70
17 42 64 72
19 44 66 74
21 46 68 76
23 48 70 78
0 25 50 72
2 27 52 74
4 29 54 76
6 31 56 78
0 8 33 58
2 10 35 60
9 32 37 42
11 34 39 44
13 36 41 46
15 38 43 48
17 40 45 50
19 42 47 52
21 44 49 54
23 46 51 56
25 48 53 58
27 50 55 60
29 52 57 62
31 54 59 64
33 56 61 66
35 58 63 68
37 60 65 70
39 62 67 72
41 64 69 74
43 66 71 76
45 68 73 78
0 47 70 75
2 49 72 77
4 51 74 79
1 6 53 76
3 8 55 78
0 5 10 57
2 7 12 59
4 9 14 61
6 11 16 63
8 13 18 65
10 15 20 67
12 17 22 69
14 19 24 71
16 21 26 73
18 23 28 75
20 25 30 77
22 27 32 79
1 24 29 34
3 26 31 36
5 28 33 38
7 30 35 40
