0 1 5 6 8 77 78 79
0 2 3 6 33 72 75 80
0 4 6 7 69 73 74 76
0 9 18 27 36 45 54 63
0 10 19 28 37 46 55 64
0 11 20 29 38 47 56 65
0 12 21 30 39 48 57 66
0 13 22 31 40 49 58 67
0 14 23 32 41 50 59 68
0 15 24 33 42 51 60 69
0 16 25 34 43 52 61 70
0 17 26 35 44 53 62 71
1 2 3 5 8 73 74 76
1 4 5 7 8 72 75 80
1 9 20 28 42 53 61 66
1 10 18 29 43 51 62 67
1 11 19 27 44 52 60 68
1 12 23 31 36 47 55 69
1 13 21 32 37 45 56 70
1 14 22 30 38 46 54 71
1 15 26 34 39 50 58 63
1 16 24 35 40 48 59 64
1 17 25 33 41 49 57 65
2 3 4 7 71 77 78 79
2 9 19 29 39 49 59 69
2 10 20 27 40 50 57 70
2 11 18 28 41 48 58 71
2 12 22 32 42 52 62 63
2 13 23 30 43 53 60 64
2 14 21 31 44 51 61 65
2 15 25 35 36 46 56 66
2 16 26 33 37 47 54 67
2 17 24 34 38 45 55 68
3 9 24 30 41 47 62 70
3 10 25 31 39 45 60 71
3 11 26 32 40 46 61 69
3 12 18 33 44 50 56 64
3 13 19 34 42 48 54 65
3 14 20 35 43 49 55 63
3 15 21 27 38 53 59 67
3 16 22 28 36 51 57 68
3 17 23 29 37 52 58 66
4 9 26 31 38 52 57 64
4 10 24 32 36 53 58 65
4 11 25 30 37 51 59 63
4 12 20 34 41 46 60 67
4 13 18 35 39 47 61 68
4 14 19 33 40 45 62 66
4 15 23 28 44 49 54 70
4 16 21 29 42 50 55 71
4 17 22 27 43 48 56 69
5 9 25 32 44 48 55 67
5 10 26 30 42 49 56 68
5 11 24 31 43 50 54 66
5 12 19 35 38 51 58 70
5 13 20 33 36 52 59 71
5 14 18 34 37 53 57 69
5 15 22 29 41 45 61 64
5 16 23 27 39 46 62 65
5 17 21 28 40 47 60 63
6 9 21 33 43 46 58 68
6 10 22 34 44 47 59 66
6 11 23 35 42 45 57 67
6 12 24 27 37 49 61 71
6 13 25 28 38 50 62 69
6 14 26 29 36 48 60 70
6 15 18 30 40 52 55 65
6 16 19 31 41 53 56 63
6 17 20 32 39 51 54 64
7 9 23 34 40 51 56 71
7 10 21 35 41 52 54 69
7 11 22 33 39 53 55 70
7 12 26 28 43 45 59 65
7 13 24 29 44 46 57 63
7 14 25 27 42 47 58 64
7 15 20 31 37 48 62 68
7 16 18 32 38 49 60 66
7 17 19 30 36 50 61 67
9 36 38 39 41 72 73 78
8 9 22 35 37 50 60 65
8 10 23 33 38 48 61 63
8 11 21 34 36 49 62 64
8 12 25 29 40 53 54 68
8 13 26 27 41 51 55 66
8 14 24 28 39 52 56 67
8 15 19 32 43 47 57 71
8 16 20 30 44 45 58 69
8 17 18 31 42 46 59 70
12 13 14 15 16 76 78 80
10 11 12 14 17 72 74 78
9 10 14 17 67 76 79 80
9 11 12 66 71 75 76 77
10 13 15 16 17 73 75 77
9 11 13 15 16 72 74 79
64 65 66 68 70 73 75 78
46 47 48 53 64 73 76 80
46 49 52 53 71 72 74 75
18 19 20 21 26 74 75 78
19 22 25 26 65 72 76 77
12 19 23 24 26 73 79 80
18 20 21 22 25 73 79 80
18 20 21 23 24 72 76 77
22 23 24 25 67 74 75 78
27 28 32 33 35 77 78 79
11 27 29 30 32 72 75 80
27 31 32 34 70 73 74 76
28 29 30 33 35 73 74 76
28 31 34 35 69 72 75 80
29 30 31 33 34 77 78 79
36 37 41 44 63 75 76 79
36 40 41 42 43 74 77 80
37 38 39 44 68 74 77 80
37 40 42 43 44 72 73 78
38 39 40 42 43 75 76 79
45 46 50 51 53 77 78 79
45 47 48 50 51 72 74 75
45 49 50 51 52 73 76 80
47 48 49 52 69 77 78 79
54 55 56 60 62 73 75 77
54 56 57 59 62 72 76 79
54 56 58 61 62 74 78 80
55 57 59 60 63 74 78 80
55 58 60 61 68 72 76 79
14 57 58 59 61 73 75 77
63 64 66 67 69 70 72 77
11 63 65 67 68 69 71 73
64 65 66 70 71 74 79 80
