10 11 20 72 79
11 12 21 73 80
0 12 13 22 74
1 13 14 23 75
2 14 15 24 76
3 15 16 25 77
4 16 17 26 78
5 17 18 27 79
6 18 19 28 80
0 7 19 20 29
1 8 20 21 30
2 9 21 22 31
3 10 22 23 32
4 11 23 24 33
5 12 24 25 34
6 13 25 26 35
7 14 26 27 36
8 15 27 28 37
9 16 28 29 38
10 17 29 30 39
11 18 30 31 40
12 19 31 32 41
13 20 32 33 42
14 21 33 34 43
15 22 34 35 44
16 23 35 36 45
17 24 36 37 46
18 25 37 38 47
19 26 38 39 48
20 27 39 40 49
21 28 40 41 50
22 29 41 42 51
23 30 42 43 52
24 31 43 44 53
25 32 44 45 54
26 33 45 46 55
27 34 46 47 56
28 35 47 48 57
29 36 48 49 58
30 37 49 50 59
31 38 50 51 60
32 39 51 52 61
33 40 52 53 62
34 41 53 54 63
35 42 54 55 64
36 43 55 56 65
37 44 56 57 66
38 45 57 58 67
39 46 58 59 68
40 47 59 60 69
41 48 60 61 70
42 49 61 62 71
43 50 62 63 72
44 51 63 64 73
45 52 64 65 74
46 53 65 66 75
47 54 66 67 76
48 55 67 68 77
49 56 68 69 78
50 57 69 70 79
51 58 70 71 80
0 52 59 71 72
1 53 60 72 73
2 54 61 73 74
3 55 62 74 75
4 56 63 75 76
5 57 64 76 77
6 58 65 77 78
7 59 66 78 79
8 60 67 79 80
0 9 61 68 80
0 1 10 62 69
1 2 11 63 70
2 3 12 64 71
3 4 13 65 72
4 5 14 66 73
5 6 15 67 74
6 7 16 68 75
7 8 17 69 76
8 9 18 70 77
9 10 19 71 78
8 26 53 64 68
9 27 54 65 69
10 28 55 66 70
11 29 56 67 71
12 30 57 68 72
13 31 58 69 73
14 32 59 70 74
15 33 60 71 75
16 34 61 72 76
17 35 62 73 77
18 36 63 74 78
19 37 64 75 79
20 38 65 76 80
0 21 39 66 77
1 22 40 67 78
2 23 41 68 79
3 24 42 69 80
0 4 25 43 70
1 5 26 44 71
2 6 27 45 72
3 7 28 46 73
4 8 29 47 74
5 9 30 48 75
6 10 31 49 76
7 11 32 50 77
8 12 33 51 78
9 13 34 52 79
10 14 35 53 80
0 11 15 36 54
1 12 16 37 55
2 13 17 38 56
3 14 18 39 57
4 15 19 40 58
5 16 20 41 59
6 17 21 42 60
7 18 22 43 61
8 19 23 44 62
9 20 24 45 63
10 21 25 46 64
11 22 26 47 65
12 23 27 48 66
13 24 28 49 67
14 25 29 50 68
15 26 30 51 69
16 27 31 52 70
17 28 32 53 71
18 29 33 54 72
19 30 34 55 73
20 31 35 56 74
21 32 36 57 75
22 33 37 58 76
23 34 38 59 77
24 35 39 60 78
25 36 40 61 79
26 37 41 62 80
0 27 38 42 63
1 28 39 43 64
2 29 40 44 65
3 30 41 45 66
4 31 42 46 67
5 32 43 47 68
6 33 44 48 69
7 34 45 49 70
8 35 46 50 71
9 36 47 51 72
10 37 48 52 73
11 38 49 53 74
12 39 50 54 75
13 40 51 55 76
14 41 52 56 77
15 42 53 57 78
16 43 54 58 79
17 44 55 59 80
0 18 45 56 60
1 19 46 57 61
2 20 47 58 62
3 21 48 59 63
4 22 49 60 64
5 23 50 61 65
6 24 51 62 66
7 25 52 63 67
4 12 38 62 79
5 13 39 63 80
0 6 14 40 64
1 7 15 41 65
2 8 16 42 66
3 9 17 43 67
4 10 18 44 68
5 11 19 45 69
6 12 20 46 70
7 13 21 47 71
8 14 22 48 72
9 15 23 49 73
10 16 24 50 74
11 17 25 51 75
12 18 26 52 76
13 19 27 53 77
14 20 28 54 78
15 21 29 55 79
16 22 30 56 80
0 17 23 31 57
1 18 24 32 58
2 19 25 33 59
3 20 26 34 60
4 21 27 35 61
5 22 28 36 62
6 23 29 37 63
7 24 30 38 64
8 25 31 39 65
9 26 32 40 66
10 27 33 41 67
11 28 34 42 68
12 29 35 43 69
13 30 36 44 70
14 31 37 45 71
15 32 38 46 72
16 33 39 47 73
17 34 40 48 74
18 35 41 49 75
19 36 42 50 76
20 37 43 51 77
21 38 44 52 78
22 39 45 53 79
23 40 46 54 80
0 24 41 47 55
1 25 42 48 56
2 26 43 49 57
3 27 44 50 58
4 28 45 51 59
5 29 46 52 60
6 30 47 53 61
7 31 48 54 62
8 32 49 55 63
9 33 50 56 64
10 34 51 57 65
11 35 52 58 66
12 36 53 59 67
13 37 54 60 68
14 38 55 61 69
15 39 56 62 70
16 40 57 63 71
17 41 58 64 72
18 42 59 65 73
19 43 60 66 74
20 44 61 67 75
21 45 62 68 76
22 46 63 69 77
23 47 64 70 78
24 48 65 71 79
25 49 66 72 80
0 26 50 67 73
1 27 51 68 74
2 28 52 69 75
3 29 53 70 76
4 30 54 71 77
5 31 55 72 78
6 32 56 73 79
7 33 57 74 80
0 8 34 58 75
1 9 35 59 76
2 10 36 60 77
3 11 37 61 78
2 30 32 35 67
3 31 33 36 68
4 32 34 37 69
5 33 35 38 70
6 34 36 39 71
7 35 37 40 72
8 36 38 41 73
9 37 39 42 74
10 38 40 43 75
11 39 41 44 76
12 40 42 45 77
13 41 43 46 78
14 42 44 47 79
15 43 45 48 80
0 16 44 46 49
1 17 45 47 50
2 18 46 48 51
3 19 47 49 52
4 20 48 50 53
5 21 49 51 54
6 22 50 52 55
7 23 51 53 56
8 24 52 54 57
9 25 53 55 58
10 26 54 56 59
11 27 55 57 60
12 28 56 58 61
13 29 57 59 62
14 30 58 60 63
15 31 59 61 64
16 32 60 62 65
17 33 61 63 66
18 34 62 64 67
19 35 63 65 68
20 36 64 66 69
21 37 65 67 70
22 38 66 68 71
23 39 67 69 72
24 40 68 70 73
25 41 69 71 74
26 42 70 72 75
27 43 71 73 76
28 44 72 74 77
29 45 73 75 78
30 46 74 76 79
31 47 75 77 80
0 32 48 76 78
1 33 49 77 79
2 34 50 78 80
0 3 35 51 79
1 4 36 52 80
0 2 5 37 53
1 3 6 38 54
2 4 7 39 55
3 5 8 40 56
4 6 9 41 57
5 7 10 42 58
6 8 11 43 59
7 9 12 44 60
8 10 13 45 61
9 11 14 46 62
10 12 15 47 63
11 13 16 48 64
12 14 17 49 65
13 15 18 50 66
14 16 19 51 67
15 17 20 52 68
16 18 21 53 69
17 19 22 54 70
18 20 23 55 71
19 21 24 56 72
20 22 25 57 73
21 23 26 58 74
22 24 27 59 75
23 25 28 60 76
24 26 29 61 77
25 27 30 62 78
26 28 31 63 79
27 29 32 64 80
0 28 30 33 65
1 29 31 34 66
