3 9 39 45 51 64 75
0 1 4 19 24 77 78
2 3 9 12 18 40 53
2 4 5 20 38 45 48
7 13 23 33 57 70 76
8 10 20 23 25 50 65
5 11 24 33 36 64 69
3 14 17 33 50 59 73
2 15 34 43 44 64 73
5 9 12 16 49 61 71
19 25 26 27 56 61 73
22 28 31 37 43 71 74
7 10 21 29 59 60 66
16 30 32 34 61 68 78
15 19 25 28 42 48 62
12 25 46 54 60 77 80
24 32 43 47 56 60 72
2 33 52 55 63 78 80
8 28 49 67 72 75 78
6 38 41 67 69 70 79
1 7 18 44 61 69 72
11 14 29 62 63 76 77
22 23 26 50 54 56 72
29 36 42 45 46 49 50
2 28 30 39 54 76 79
7 8 31 42 45 47 80
20 24 35 39 40 61 67
37 39 47 55 62 64 65
38 39 42 44 57 66 74
0 33 48 54 68 70 74
4 15 51 56 58 61 66
7 11 25 26 30 49 53
1 15 16 31 46 59 70
5 29 30 35 37 52 68
9 13 31 32 41 50 66
14 21 57 64 74 75 80
11 18 23 31 34 55 73
21 25 34 36 63 72 79
12 29 51 56 65 70 78
23 38 46 53 64 66 68
0 13 17 40 60 63 65
4 18 30 46 56 62 67
5 14 22 27 40 58 70
12 43 48 52 58 75 79
3 20 21 28 44 52 56
1 6 9 25 47 67 73
8 12 19 32 59 63 64
13 18 51 54 63 68 72
16 24 37 45 57 58 73
13 16 19 36 43 52 53
23 40 41 44 62 71 78
9 22 29 34 69 77 79
2 20 27 36 51 53 71
4 9 21 55 68 72 76
0 40 42 49 55 59 69
11 18 29 48 57 67 71
6 15 21 22 49 65 80
10 24 31 38 48 53 78
0 8 14 24 26 29 44
17 22 36 47 48 66 76
2 36 37 41 59 75 77
1 18 41 49 60 64 76
29 38 40 54 63 73 75
6 27 39 50 71 72 77
1 2 10 11 30 42 58
8 11 35 40 56 74 79
4 26 33 34 47 71 75
5 25 33 43 44 51 59
15 18 24 50 52 54 55
13 21 27 48 49 50 73
14 16 28 37 42 47 51
7 19 43 46 58 65 68
17 42 46 52 63 67 71
20 30 42 64 70 72 73
2 50 57 60 61 62 70
3 5 26 41 57 79 80
20 34 37 43 50 67 80
1 32 35 51 54 62 71
0 11 21 32 37 38 61
14 30 31 36 54 61 65
4 6 13 24 28 35 59
8 9 15 17 30 43 57
10 12 27 28 41 55 57
8 22 33 41 46 51 58
2 19 22 23 42 67 79
14 18 25 35 45 66 78
16 22 25 38 55 70 75
25 31 40 52 57 68 77
34 38 40 50 51 52 76
7 10 51 67 73 74 77
3 4 7 37 53 63 70
16 35 50 56 69 75 76
1 26 45 52 65 69 71
1 17 28 29 53 72 80
11 15 20 31 41 47 68
6 19 31 44 48 75 76
0 5 15 18 25 36 39
6 11 27 42 43 54 78
23 30 35 48 51 69 80
9 10 17 37 54 56 64
1 20 54 59 74 76 78
0 21 46 57 63 71 78
26 33 40 48 65 66 77
1 12 14 23 34 36 39
31 43 63 66 67 69 76
27 30 44 45 64 74 77
4 23 42 44 58 59 60
32 44 47 53 54 57 67
6 17 23 43 45 55 61
5 11 19 45 47 50 63
1 3 5 35 46 55 73
18 21 24 47 58 70 77
7 14 18 20 22 32 75
2 3 11 16 65 66 72
5 7 8 34 48 54 55
22 34 45 53 56 59 62
4 17 25 32 39 41 74
5 21 32 42 53 65 76
7 15 17 35 64 71 79
10 61 68 71 73 76 80
12 14 15 33 38 67 72
1 21 30 33 40 41 43
6 23 33 36 56 57 75
1 4 14 43 50 57 79
12 24 42 55 62 66 80
16 17 18 26 39 48 59
7 32 36 38 52 62 73
0 9 30 44 50 53 75
3 13 41 42 61 74 78
15 37 48 53 60 78 79
2 4 13 25 29 31 64
9 18 19 38 65 74 80
6 32 37 40 46 48 72
2 8 25 37 59 68 69
9 11 39 52 59 70 80
7 16 19 29 39 41 54
5 17 27 46 62 75 78
31 39 44 49 56 58 63
2 17 21 24 26 31 51
4 10 16 36 40 44 80
10 19 35 57 58 59 72
3 15 23 27 29 47 69
4 8 36 66 70 71 73
9 13 20 29 33 62 79
5 10 23 47 49 52 74
9 14 41 42 48 56 77
26 29 32 39 43 49 70
28 36 45 60 67 68 70
12 35 41 53 63 65 73
3 22 24 25 30 71 76
6 10 20 26 30 63 66
3 20 31 58 60 71 80
4 11 34 49 51 57 65
14 19 53 55 56 68 71
19 30 36 51 55 60 74
0 10 13 18 22 43 62
13 26 37 44 55 67 76
0 46 47 51 59 61 79
7 28 40 47 50 64 78
8 18 28 33 53 61 77
3 35 38 43 49 54 77
17 25 38 49 58 62 69
4 12 19 21 45 54 69
24 29 41 52 61 65 75
1 10 15 26 42 68 75
5 13 28 34 54 58 66
5 12 26 31 62 72 74
11 12 17 22 44 50 68
9 21 26 35 36 58 78
10 13 14 39 46 53 69
8 15 32 40 45 58 76
20 28 44 46 55 65 79
0 34 41 45 52 66 72
6 8 14 16 52 60 64
11 13 15 45 60 75 77
10 16 31 32 33 45 79
0 4 22 27 31 35 52
1 19 20 33 37 49 66
5 16 21 23 64 67 77
6 29 50 53 55 58 74
22 33 39 60 69 73 78
1 8 13 27 38 56 80
9 11 26 28 38 46 60
1 22 48 57 61 63 64
3 6 8 21 39 62 68
0 7 12 16 20 27 76
24 27 49 66 68 75 79
3 10 17 19 34 40 70
0 3 26 36 58 64 67
12 13 30 38 47 59 71
6 12 18 37 51 73 79
17 20 32 55 57 69 77
7 9 23 24 27 37 63
3 27 32 48 59 65 67
0 2 23 28 32 73 80
0 2 5 6 7 56 60
15 16 28 62 63 69 74
18 27 33 34 35 42 60
2 14 35 44 47 49 70
2 6 24 34 46 74 76
