6 19 42 52 57 73
7 20 43 53 58 74
8 21 44 54 59 75
9 22 45 55 60 76
10 23 46 56 61 77
11 24 47 57 62 78
12 25 48 58 63 79
13 26 49 59 64 80
0 14 27 50 60 65
1 15 28 51 61 66
2 16 29 52 62 67
3 17 30 53 63 68
4 18 31 54 64 69
5 19 32 55 65 70
6 20 33 56 66 71
7 21 34 57 67 72
8 22 35 58 68 73
9 23 36 59 69 74
10 24 37 60 70 75
11 25 38 61 71 76
12 26 39 62 72 77
13 27 40 63 73 78
14 28 41 64 74 79
15 29 42 65 75 80
0 16 30 43 66 76
1 17 31 44 67 77
2 18 32 45 68 78
3 19 33 46 69 79
4 20 34 47 70 80
0 5 21 35 48 71
1 6 22 36 49 72
2 7 23 37 50 73
3 8 24 38 51 74
4 9 25 39 52 75
5 10 26 40 53 76
6 11 27 41 54 77
7 12 28 42 55 78
8 13 29 43 56 79
9 14 30 44 57 80
0 10 15 31 45 58
1 11 16 32 46 59
2 12 17 33 47 60
3 13 18 34 48 61
4 14 19 35 49 62
5 15 20 36 50 63
6 16 21 37 51 64
7 17 22 38 52 65
8 18 23 39 53 66
9 19 24 40 54 67
10 20 25 41 55 68
11 21 26 42 56 69
12 22 27 43 57 70
13 23 28 44 58 71
14 24 29 45 59 72
15 25 30 46 60 73
16 26 31 47 61 74
17 27 32 48 62 75
18 28 33 49 63 76
19 29 34 50 64 77
20 30 35 51 65 78
21 31 36 52 66 79
22 32 37 53 67 80
0 23 33 38 54 68
1 24 34 39 55 69
2 25 35 40 56 70
3 26 36 41 57 71
4 27 37 42 58 72
5 28 38 43 59 73
6 29 39 44 60 74
7 30 40 45 61 75
8 31 41 46 62 76
9 32 42 47 63 77
10 33 43 48 64 78
11 34 44 49 65 79
12 35 45 50 66 80
0 13 36 46 51 67
1 14 37 47 52 68
2 15 38 48 53 69
3 16 39 49 54 70
4 17 40 50 55 71
5 18 41 51 56 72
2 6 8 26 48 55
3 7 9 27 49 56
4 8 10 28 50 57
5 9 11 29 51 58
6 10 12 30 52 59
7 11 13 31 53 60
8 12 14 32 54 61
9 13 15 33 55 62
10 14 16 34 56 63
11 15 17 35 57 64
12 16 18 36 58 65
13 17 19 37 59 66
14 18 20 38 60 67
15 19 21 39 61 68
16 20 22 40 62 69
17 21 23 41 63 70
18 22 24 42 64 71
19 23 25 43 65 72
20 24 26 44 66 73
21 25 27 45 67 74
22 26 28 46 68 75
23 27 29 47 69 76
24 28 30 48 70 77
25 29 31 49 71 78
26 30 32 50 72 79
27 31 33 51 73 80
0 28 32 34 52 74
1 29 33 35 53 75
2 30 34 36 54 76
3 31 35 37 55 77
4 32 36 38 56 78
5 33 37 39 57 79
6 34 38 40 58 80
0 7 35 39 41 59
1 8 36 40 42 60
2 9 37 41 43 61
3 10 38 42 44 62
4 11 39 43 45 63
5 12 40 44 46 64
6 13 41 45 47 65
7 14 42 46 48 66
8 15 43 47 49 67
9 16 44 48 50 68
10 17 45 49 51 69
11 18 46 50 52 70
12 19 47 51 53 71
13 20 48 52 54 72
14 21 49 53 55 73
15 22 50 54 56 74
16 23 51 55 57 75
17 24 52 56 58 76
18 25 53 57 59 77
19 26 54 58 60 78
20 27 55 59 61 79
21 28 56 60 62 80
0 22 29 57 61 63
1 23 30 58 62 64
2 24 31 59 63 65
3 25 32 60 64 66
4 26 33 61 65 67
5 27 34 62 66 68
6 28 35 63 67 69
7 29 36 64 68 70
8 30 37 65 69 71
9 31 38 66 70 72
10 32 39 67 71 73
11 33 40 68 72 74
12 34 41 69 73 75
13 35 42 70 74 76
14 36 43 71 75 77
15 37 44 72 76 78
16 38 45 73 77 79
17 39 46 74 78 80
0 18 40 47 75 79
1 19 41 48 76 80
0 2 20 42 49 77
1 3 21 43 50 78
2 4 22 44 51 79
3 5 23 45 52 80
0 4 6 24 46 53
1 5 7 25 47 54
10 47 61 64 72 73
11 48 62 65 73 74
12 49 63 66 74 75
13 50 64 67 75 76
14 51 65 68 76 77
15 52 66 69 77 78
16 53 67 70 78 79
17 54 68 71 79 80
0 18 55 69 72 80
0 1 19 56 70 73
1 2 20 57 71 74
2 3 21 58 72 75
3 4 22 59 73 76
4 5 23 60 74 77
5 6 24 61 75 78
6 7 25 62 76 79
7 8 26 63 77 80
0 8 9 27 64 78
1 9 10 28 65 79
2 10 11 29 66 80
0 3 11 12 30 67
1 4 12 13 31 68
2 5 13 14 32 69
3 6 14 15 33 70
4 7 15 16 34 71
5 8 16 17 35 72
6 9 17 18 36 73
7 10 18 19 37 74
8 11 19 20 38 75
9 12 20 21 39 76
10 13 21 22 40 77
11 14 22 23 41 78
12 15 23 24 42 79
13 16 24 25 43 80
0 14 17 25 26 44
1 15 18 26 27 45
2 16 19 27 28 46
3 17 20 28 29 47
4 18 21 29 30 48
5 19 22 30 31 49
6 20 23 31 32 50
7 21 24 32 33 51
8 22 25 33 34 52
9 23 26 34 35 53
10 24 27 35 36 54
11 25 28 36 37 55
12 26 29 37 38 56
13 27 30 38 39 57
14 28 31 39 40 58
15 29 32 40 41 59
16 30 33 41 42 60
17 31 34 42 43 61
18 32 35 43 44 62
19 33 36 44 45 63
20 34 37 45 46 64
21 35 38 46 47 65
22 36 39 47 48 66
23 37 40 48 49 67
24 38 41 49 50 68
25 39 42 50 51 69
26 40 43 51 52 70
27 41 44 52 53 71
28 42 45 53 54 72
29 43 46 54 55 73
30 44 47 55 56 74
31 45 48 56 57 75
32 46 49 57 58 76
33 47 50 58 59 77
34 48 51 59 60 78
35 49 52 60 61 79
36 50 53 61 62 80
0 37 51 54 62 63
1 38 52 55 63 64
2 39 53 56 64 65
3 40 54 57 65 66
4 41 55 58 66 67
5 42 56 59 67 68
6 43 57 60 68 69
7 44 58 61 69 70
8 45 59 62 70 71
9 46 60 63 71 72
