0 8 26 35 39 54 63 73
1 3 6 21 28 38 46 68
2 10 19 34 49 54 60 61
4 5 22 34 36 46 66 67
5 19 24 25 43 68 75 78
5 7 11 17 64 66 71 77
6 9 19 26 29 36 40 51
8 12 19 20 48 53 57 77
2 11 13 16 43 53 69 79
3 8 14 21 33 40 51 53
5 9 15 21 37 45 58 73
10 18 28 45 47 53 56 59
3 23 36 44 57 63 65 69
7 14 24 27 34 45 55 69
4 9 30 42 52 54 78 79
16 31 35 38 41 65 78 80
1 8 31 44 47 52 68 71
0 12 25 42 51 58 72 80
7 19 27 38 42 50 56 63
6 23 24 33 42 58 62 76
13 20 24 30 39 41 66 70
14 15 17 18 22 48 52 70
0 21 22 32 50 55 64 78
4 13 21 25 55 59 60 74
3 9 16 49 56 70 72 75
10 12 13 17 33 35 50 67
0 11 30 33 36 45 61 75
0 5 18 43 49 67 74 76
1 37 40 59 67 69 72 78
2 3 5 39 47 48 50 80
7 12 23 26 53 61 70 78
12 15 24 36 43 56 64 65
8 15 20 38 47 51 54 67
8 11 27 58 60 65 67 70
20 28 29 52 61 63 72 74
6 14 41 56 73 74 77 78
15 34 35 57 68 72 76 79
17 18 20 31 36 59 73 76
2 4 6 18 21 65 71 72
7 11 37 44 46 48 51 74
1 7 20 25 33 49 65 79
1 4 10 27 32 41 43 51
1 22 24 28 31 50 58 79
11 22 29 37 54 57 59 80
21 30 46 53 58 63 76 77
1 18 26 42 45 57 66 75
4 28 40 60 64 75 76 80
10 14 25 36 38 39 58 71
16 18 29 33 39 60 68 77
2 9 14 55 57 63 64 67
13 23 38 40 42 48 49 73
16 17 27 46 47 49 57 78
3 7 22 30 43 47 60 73
15 31 32 39 42 46 61 69
25 27 29 30 31 34 48 67
14 28 35 37 42 43 60 66
2 7 31 35 40 41 62 63
6 26 27 44 59 61 66 79
11 12 16 28 32 34 63 73
18 23 25 41 46 52 54 64
5 13 31 51 56 57 60 62
6 8 10 16 42 59 64 74
9 15 27 28 33 71 74 80
17 24 30 32 38 44 60 72
11 21 24 56 61 67 77 80
1 17 19 23 39 55 56 80
1 21 35 36 48 49 62 70
34 38 43 50 52 59 75 77
50 51 54 68 69 70 71 76
4 9 19 20 22 39 44 49
3 11 26 41 42 48 67 76
4 11 14 23 37 47 63 68
8 24 29 35 46 52 69 75
4 16 20 35 48 56 58 69
5 10 30 40 52 63 65 66
12 21 31 37 39 74 75 79
3 13 32 45 54 58 68 77
0 14 15 16 19 30 59 62
29 45 49 51 58 64 66 78
7 8 9 13 18 32 34 80
2 12 29 38 46 57 70 74
0 4 15 26 49 50 69 77
2 4 24 33 38 53 57 73
3 15 18 24 51 55 63 79
3 13 27 35 37 52 55 64
0 17 22 37 41 53 61 65
6 17 25 47 63 69 73 75
9 10 11 24 46 50 62 72
19 45 52 62 67 71 73 79
2 8 25 26 28 30 37 56
1 5 9 12 41 60 69 76
0 10 31 40 47 70 77 79
13 14 26 33 39 46 59 65
2 5 20 21 23 27 34 42
22 25 42 43 44 45 63 70
5 13 22 28 36 53 54 72
24 33 37 47 54 66 74 76
9 22 23 35 51 59 74 77
9 10 31 48 55 61 65 68
12 18 30 47 50 57 61 71
4 6 7 31 54 67 70 80
6 11 12 31 49 52 53 55
17 28 34 39 51 62 65 78
15 23 32 53 60 66 67 75
5 10 20 26 38 55 79 80
13 19 21 26 41 47 52 58
6 8 39 43 45 48 66 72
3 11 18 19 35 44 58 74
13 14 49 59 61 68 73 80
0 2 27 36 51 52 73 75
1 14 34 40 50 58 61 75
11 15 20 25 35 40 45 78
29 36 42 47 55 62 65 77
8 14 22 23 31 38 45 76
0 3 10 20 34 37 71 78
7 10 16 25 39 52 57 76
26 30 36 45 53 68 74 80
5 12 14 29 44 54 56 79
5 24 32 48 49 59 63 71
0 2 3 19 31 46 66 73
9 17 18 21 27 40 43 54
0 1 13 27 29 53 63 71
19 25 28 37 64 69 70 77
19 26 31 33 34 47 64 72
3 4 8 25 27 61 62 76
6 20 41 50 53 60 62 68
3 4 12 17 29 41 45 59
1 11 30 38 39 64 69 74
7 14 20 41 64 71 72 75
1 2 13 15 44 76 77 78
12 16 22 27 39 40 67 68
6 10 13 15 19 22 65 75
17 20 33 43 46 57 58 80
5 6 16 21 30 35 51 61
0 9 25 38 50 56 66 68
8 16 36 37 41 44 49 50
2 17 32 40 45 50 65 74
7 20 21 26 32 52 56 57
34 39 44 53 56 64 70 73
6 32 34 36 37 41 57 79
17 22 26 34 60 62 71 74
8 17 42 48 61 64 68 79
0 16 23 45 46 60 72 79
23 28 30 31 43 49 55 71
0 6 24 28 40 44 57 67
2 7 36 55 58 59 68 70
18 37 38 43 58 61 62 64
14 19 21 29 32 65 70 76
33 36 48 52 60 63 78 80
2 8 18 22 33 56 69 78
16 40 46 55 56 66 71 76
9 25 32 35 42 47 53 71
10 23 27 29 50 72 73 77
5 8 33 41 55 70 72 73
0 7 15 28 29 41 43 48
1 16 24 26 43 54 65 73
32 33 44 48 54 55 62 75
10 12 21 44 62 66 69 80
