0 5 14 18 27 32 37 55 64 71
1 16 18 28 30 57 58 63 66 68
12 21 26 33 34 45 48 50 51 69
4 11 13 18 36 47 48 53 55 56
5 9 12 23 36 42 44 62 72 73
5 6 10 20 28 31 39 49 54 55
4 7 25 32 33 42 54 60 68 80
0 1 8 21 22 24 26 35 39 61
7 13 14 17 24 28 38 40 43 62
5 19 37 40 46 47 66 67 69 75
7 11 35 41 58 65 69 71 72 76
6 16 27 38 42 53 59 61 69 74
10 23 37 43 45 56 57 64 70 74
0 6 11 50 62 64 75 76 79 80
2 16 19 24 41 44 52 56 58 79
3 15 17 25 26 47 49 65 73 74
8 14 16 20 26 51 54 67 70 73
9 17 22 29 41 45 53 55 68 79
2 6 9 18 21 25 43 46 51 76
1 15 28 40 50 56 59 60 73 76
6 12 17 32 39 57 59 67 71 77
1 12 13 19 27 31 46 65 70 80
25 27 29 35 40 52 54 56 63 64
3 14 21 22 31 38 40 48 72 75
4 14 16 17 23 31 35 50 66 78
8 10 19 25 34 53 58 59 62 79
7 28 31 36 49 63 69 70 78 79
9 31 38 44 47 58 60 61 64 77
19 29 33 34 42 55 75 76 77 78
8 13 15 22 27 33 44 49 66 72
0 5 29 38 45 51 53 57 60 65
2 14 15 18 23 29 49 59 61 77
4 10 26 30 38 44 67 70 72 76
21 23 33 55 56 61 62 63 65 67
1 2 11 17 34 36 37 38 42 54
3 6 21 23 24 31 34 52 67 70
3 26 27 28 42 43 65 66 77 79
18 20 35 52 60 67 72 74 77 79
5 6 12 15 35 62 68 69 70 77
0 7 10 11 12 15 16 21 29 60
0 24 25 45 47 48 54 59 63 72
9 10 18 22 40 42 50 54 65 71
3 4 7 46 48 57 61 64 73 79
3 5 7 11 32 43 44 50 52 61
13 21 38 41 46 64 68 71 73 78
14 28 35 42 44 45 46 53 63 75
11 24 31 39 40 44 51 55 68 74
4 9 15 20 24 37 57 61 69 80
4 5 19 21 22 58 59 70 74 79
0 1 9 42 43 48 49 67 74 78
15 19 23 30 39 41 43 48 54 60
1 5 10 14 33 41 47 52 69 79
16 34 35 43 44 47 55 57 73 80
10 17 19 28 33 46 51 61 64 72
7 8 17 23 27 47 51 58 68 76
8 25 36 41 55 61 66 70 71 75
2 21 27 41 44 49 50 54 57 62
0 2 13 29 30 31 32 69 73 74
3 14 32 36 40 45 51 58 78 80
26 29 37 46 48 50 55 58 70 72
6 18 24 27 33 45 52 58 73 75
1 2 3 7 12 20 53 55 59 64
12 14 25 38 39 49 50 56 68 73
3 9 13 30 33 35 37 41 51 59
5 8 9 28 34 48 56 71 74 80
6 11 13 14 19 22 26 36 57 60
16 23 24 32 36 46 49 59 65 76
1 7 16 21 25 37 39 72 77 80
5 13 17 25 31 42 57 63 76 77
7 18 26 31 41 45 59 62 67 80
2 5 8 23 26 40 53 57 72 78
20 21 28 32 41 42 47 56 58 70
1 4 7 8 19 24 30 45 50 77
0 11 22 23 25 28 44 64 67 69
1 2 4 6 28 29 39 47 62 65
0 17 48 49 52 53 66 70 76 80
3 8 10 17 18 29 39 44 56 69
3 14 54 55 60 62 66 69 74 76
0 15 20 31 33 36 43 53 58 71
4 8 32 43 52 59 68 69 72 75
2 10 11 22 51 59 63 66 73 77
9 11 18 27 34 39 60 63 70 78
5 12 16 24 30 49 58 60 64 75
8 15 30 38 42 51 52 55 64 65
1 9 23 26 32 35 49 51 56 75
20 24 27 29 30 46 60 62 71 78
6 8 12 18 40 41 50 63 74 80
10 13 15 39 53 54 58 67 75 78
12 17 21 30 36 47 53 54 66 77
6 14 30 37 44 48 59 65 68 78
22 25 29 30 43 47 56 67 78 80
2 8 17 20 25 31 37 60 65 75
10 18 19 24 32 35 37 38 53 73
2 10 27 35 36 48 50 67 68 80
7 22 33 36 39 46 52 57 74 75
1 13 20 23 44 47 50 53 71 74
16 20 22 32 34 48 52 62 65 77
0 4 27 31 34 40 41 46 56 77
6 7 9 14 15 34 56 57 66 72
15 20 32 38 39 45 63 66 76 79
13 24 26 29 34 36 39 42 64 66
4 12 37 43 49 51 62 63 71 79
11 19 20 30 34 40 45 49 61 68
2 13 16 30 33 40 45 70 71 79
0 3 9 16 19 26 52 63 68 71
12 13 22 28 37 52 54 61 76 78
8 11 15 23 33 38 46 54 79 80
