14 36 39 48
16 38 41 50
18 40 43 52
20 42 45 54
22 44 47 56
24 46 49 58
26 48 51 60
28 50 53 62
30 52 55 64
32 54 57 66
34 56 59 68
36 58 61 70
38 60 63 72
40 62 65 74
42 64 67 76
44 66 69 78
0 46 68 71
2 48 70 73
4 50 72 75
6 52 74 77
8 54 76 79
1 10 56 78
0 3 12 58
2 5 14 60
4 7 16 62
6 9 18 64
8 11 20 66
10 13 22 68
12 15 24 70
14 17 26 72
16 19 28 74
18 21 30 76
20 23 32 78
0 22 25 34
2 24 27 36
4 26 29 38
6 28 31 40
8 30 33 42
10 32 35 44
12 34 37 46
10 16 36 45
12 18 38 47
14 20 40 49
16 22 42 51
18 24 44 53
20 26 46 55
22 28 48 57
24 30 50 59
26 32 52 61
28 34 54 63
30 36 56 65
32 38 58 67
34 40 60 69
36 42 62 71
38 44 64 73
40 46 66 75
42 48 68 77
44 50 70 79
1 46 52 72
3 48 54 74
5 50 56 76
7 52 58 78
0 9 54 60
2 11 56 62
4 13 58 64
6 15 60 66
8 17 62 68
10 19 64 70
12 21 66 72
14 23 68 74
16 25 70 76
18 27 72 78
0 20 29 74
2 22 31 76
4 24 33 78
0 6 26 35
2 8 28 37
4 10 30 39
6 12 32 41
8 14 34 43
0 62 69 80
2 64 71 80
4 66 73 80
6 68 75 80
8 70 77 80
10 72 79 80
1 12 74 80
3 14 76 80
5 16 78 80
0 7 18 80
2 9 20 80
4 11 22 80
6 13 24 80
8 15 26 80
10 17 28 80
12 19 30 80
14 21 32 80
16 23 34 80
18 25 36 80
20 27 38 80
22 29 40 80
24 31 42 80
26 33 44 80
28 35 46 80
30 37 48 80
32 39 50 80
34 41 52 80
36 43 54 80
38 45 56 80
40 47 58 80
42 49 60 80
44 51 62 80
46 53 64 80
48 55 66 80
50 57 68 80
52 59 70 80
54 61 72 80
56 63 74 80
58 65 76 80
60 67 78 80
8 25 35 73
10 27 37 75
12 29 39 77
14 31 41 79
1 16 33 43
3 18 35 45
5 20 37 47
7 22 39 49
9 24 41 51
11 26 43 53
13 28 45 55
15 30 47 57
17 32 49 59
19 34 51 61
21 36 53 63
23 38 55 65
25 40 57 67
27 42 59 69
29 44 61 71
31 46 63 73
33 48 65 75
35 50 67 77
37 52 69 79
1 39 54 71
3 41 56 73
5 43 58 75
7 45 60 77
9 47 62 79
1 11 49 64
3 13 51 66
5 15 53 68
7 17 55 70
9 19 57 72
11 21 59 74
13 23 61 76
15 25 63 78
0 17 27 65
2 19 29 67
4 21 31 69
6 23 33 71
14 22 65 78
0 16 24 67
2 18 26 69
4 20 28 71
6 22 30 73
8 24 32 75
10 26 34 77
12 28 36 79
1 14 30 38
3 16 32 40
5 18 34 42
7 20 36 44
9 22 38 46
11 24 40 48
13 26 42 50
15 28 44 52
17 30 46 54
19 32 48 56
21 34 50 58
23 36 52 60
25 38 54 62
27 40 56 64
29 42 58 66
31 44 60 68
33 46 62 70
35 48 64 72
37 50 66 74
39 52 68 76
41 54 70 78
0 43 56 72
2 45 58 74
4 47 60 76
6 49 62 78
0 8 51 64
2 10 53 66
4 12 55 68
6 14 57 70
8 16 59 72
10 18 61 74
12 20 63 76
2 13 39 59
4 15 41 61
6 17 43 63
8 19 45 65
10 21 47 67
12 23 49 69
14 25 51 71
16 27 53 73
18 29 55 75
20 31 57 77
22 33 59 79
1 24 35 61
3 26 37 63
5 28 39 65
7 30 41 67
9 32 43 69
11 34 45 71
13 36 47 73
15 38 49 75
17 40 51 77
19 42 53 79
1 21 44 55
3 23 46 57
5 25 48 59
7 27 50 61
9 29 52 63
11 31 54 65
13 33 56 67
15 35 58 69
17 37 60 71
19 39 62 73
21 41 64 75
23 43 66 77
25 45 68 79
1 27 47 70
3 29 49 72
5 31 51 74
7 33 53 76
9 35 55 78
0 11 37 57
15 27 54 67
17 29 56 69
19 31 58 71
21 33 60 73
23 35 62 75
25 37 64 77
27 39 66 79
1 29 41 68
3 31 43 70
5 33 45 72
7 35 47 74
9 37 49 76
11 39 51 78
0 13 41 53
2 15 43 55
4 17 45 57
6 19 47 59
8 21 49 61
10 23 51 63
12 25 53 65
14 27 55 67
16 29 57 69
18 31 59 71
20 33 61 73
22 35 63 75
24 37 65 77
26 39 67 79
1 28 41 69
3 30 43 71
5 32 45 73
7 34 47 75
9 36 49 77
11 38 51 79
1 13 40 53
3 15 42 55
5 17 44 57
7 19 46 59
9 21 48 61
11 23 50 63
13 25 52 65
2 7 25 72
4 9 27 74
6 11 29 76
8 13 31 78
0 10 15 33
2 12 17 35
4 14 19 37
6 16 21 39
8 18 23 41
10 20 25 43
12 22 27 45
14 24 29 47
16 26 31 49
18 28 33 51
20 30 35 53
22 32 37 55
24 34 39 57
26 36 41 59
28 38 43 61
30 40 45 63
32 42 47 65
34 44 49 67
36 46 51 69
38 48 53 71
40 50 55 73
42 52 57 75
44 54 59 77
46 56 61 79
1 48 58 63
3 50 60 65
5 52 62 67
7 54 64 69
9 56 66 71
11 58 68 73
13 60 70 75
15 62 72 77
17 64 74 79
1 19 66 76
3 21 68 78
0 5 23 70
3 20 22 62
5 22 24 64
7 24 26 66
9 26 28 68
11 28 30 70
13 30 32 72
15 32 34 74
17 34 36 76
19 36 38 78
0 21 38 40
2 23 40 42
4 25 42 44
6 27 44 46
8 29 46 48
10 31 48 50
12 33 50 52
14 35 52 54
16 37 54 56
18 39 56 58
20 41 58 60
22 43 60 62
24 45 62 64
26 47 64 66
28 49 66 68
30 51 68 70
32 53 70 72
34 55 72 74
36 57 74 76
38 59 76 78
0 40 61 78
0 2 42 63
2 4 44 65
4 6 46 67
6 8 48 69
8 10 50 71
10 12 52 73
12 14 54 75
14 16 56 77
16 18 58 79
1 18 20 60
6 37 45 61
8 39 47 63
10 41 49 65
12 43 51 67
14 45 53 69
16 47 55 71
18 49 57 73
20 51 59 75
22 53 61 77
24 55 63 79
1 26 57 65
3 28 59 67
5 30 61 69
7 32 63 71
9 34 65 73
11 36 67 75
13 38 69 77
15 40 71 79
1 17 42 73
3 19 44 75
5 21 46 77
7 23 48 79
1 9 25 50
3 11 27 52
5 13 29 54
7 15 31 56
9 17 33 58
11 19 35 60
13 21 37 62
15 23 39 64
17 25 41 66
19 27 43 68
21 29 45 70
23 31 47 72
25 33 49 74
27 35 51 76
29 37 53 78
0 31 39 55
2 33 41 57
4 35 43 59
67 69 73 74
69 71 75 76
71 73 77 78
0 73 75 79
1 2 75 77
3 4 77 79
1 5 6 79
1 3 7 8
3 5 9 10
5 7 11 12
7 9 13 14
9 11 15 16
11 13 17 18
13 15 19 20
15 17 21 22
17 19 23 24
19 21 25 26
21 23 27 28
23 25 29 30
25 27 31 32
27 29 33 34
29 31 35 36
31 33 37 38
33 35 39 40
35 37 41 42
37 39 43 44
39 41 45 46
41 43 47 48
43 45 49 50
45 47 51 52
47 49 53 54
49 51 55 56
51 53 57 58
53 55 59 60
55 57 61 62
57 59 63 64
59 61 65 66
61 63 67 68
63 65 69 70
65 67 71 72
43 57 78 79
0 1 45 59
2 3 47 61
4 5 49 63
6 7 51 65
8 9 53 67
10 11 55 69
12 13 57 71
14 15 59 73
16 17 61 75
18 19 63 77
20 21 65 79
1 22 23 67
3 24 25 69
5 26 27 71
7 28 29 73
9 30 31 75
11 32 33 77
13 34 35 79
1 15 36 37
3 17 38 39
5 19 40 41
7 21 42 43
9 23 44 45
11 25 46 47
13 27 48 49
15 29 50 51
17 31 52 53
19 33 54 55
21 35 56 57
23 37 58 59
25 39 60 61
27 41 62 63
29 43 64 65
31 45 66 67
33 47 68 69
35 49 70 71
37 51 72 73
39 53 74 75
41 55 76 77
8 38 52 56
10 40 54 58
12 42 56 60
14 44 58 62
16 46 60 64
18 48 62 66
20 50 64 68
22 52 66 70
24 54 68 72
26 56 70 74
28 58 72 76
30 60 74 78
0 32 62 76
2 34 64 78
0 4 36 66
2 6 38 68
4 8 40 70
6 10 42 72
8 12 44 74
10 14 46 76
12 16 48 78
0 14 18 50
2 16 20 52
4 18 22 54
6 20 24 56
8 22 26 58
10 24 28 60
12 26 30 62
14 28 32 64
16 30 34 66
18 32 36 68
20 34 38 70
22 36 40 72
24 38 42 74
26 40 44 76
28 42 46 78
0 30 44 48
2 32 46 50
4 34 48 52
6 36 50 54
4 23 53 56
6 25 55 58
8 27 57 60
10 29 59 62
12 31 61 64
14 33 63 66
16 35 65 68
18 37 67 70
20 39 69 72
22 41 71 74
24 43 73 76
26 45 75 78
0 28 47 77
2 30 49 79
1 4 32 51
3 6 34 53
5 8 36 55
7 10 38 57
9 12 40 59
11 14 42 61
13 16 44 63
15 18 46 65
17 20 48 67
19 22 50 69
21 24 52 71
23 26 54 73
25 28 56 75
27 30 58 77
29 32 60 79
1 31 34 62
3 33 36 64
5 35 38 66
7 37 40 68
9 39 42 70
11 41 44 72
13 43 46 74
15 45 48 76
17 47 50 78
0 19 49 52
2 21 51 54
