5 8 18 56 64 65
8 11 21 59 67 68
11 14 24 62 70 71
14 17 27 65 73 74
17 20 30 68 76 77
20 23 33 71 79 80
1 2 23 26 36 74
4 5 26 29 39 77
7 8 29 32 42 80
2 10 11 32 35 45
5 13 14 35 38 48
8 16 17 38 41 51
11 19 20 41 44 54
14 22 23 44 47 57
17 25 26 47 50 60
20 28 29 50 53 63
23 31 32 53 56 66
26 34 35 56 59 69
29 37 38 59 62 72
32 40 41 62 65 75
35 43 44 65 68 78
0 38 46 47 68 71
3 41 49 50 71 74
6 44 52 53 74 77
9 47 55 56 77 80
2 12 50 58 59 80
2 5 15 53 61 62
4 23 35 42 64 75
7 26 38 45 67 78
0 10 29 41 48 70
3 13 32 44 51 73
6 16 35 47 54 76
9 19 38 50 57 79
1 12 22 41 53 60
4 15 25 44 56 63
7 18 28 47 59 66
10 21 31 50 62 69
13 24 34 53 65 72
16 27 37 56 68 75
19 30 40 59 71 78
0 22 33 43 62 74
3 25 36 46 65 77
6 28 39 49 68 80
2 9 31 42 52 71
5 12 34 45 55 74
8 15 37 48 58 77
11 18 40 51 61 80
2 14 21 43 54 64
5 17 24 46 57 67
8 20 27 49 60 70
11 23 30 52 63 73
14 26 33 55 66 76
17 29 36 58 69 79
1 20 32 39 61 72
4 6 14 31 61 67
7 9 17 34 64 70
10 12 20 37 67 73
13 15 23 40 70 76
16 18 26 43 73 79
1 19 21 29 46 76
4 22 24 32 49 79
1 7 25 27 35 52
4 10 28 30 38 55
7 13 31 33 41 58
10 16 34 36 44 61
13 19 37 39 47 64
16 22 40 42 50 67
19 25 43 45 53 70
22 28 46 48 56 73
25 31 49 51 59 76
28 34 52 54 62 79
1 31 37 55 57 65
4 34 40 58 60 68
7 37 43 61 63 71
10 40 46 64 66 74
13 43 49 67 69 77
16 46 52 70 72 80
2 19 49 55 73 75
5 22 52 58 76 78
0 8 25 55 61 79
1 3 11 28 58 64
15 19 51 66 67 71
18 22 54 69 70 74
21 25 57 72 73 77
24 28 60 75 76 80
2 27 31 63 78 79
0 1 5 30 34 66
3 4 8 33 37 69
6 7 11 36 40 72
9 10 14 39 43 75
12 13 17 42 46 78
0 15 16 20 45 49
3 18 19 23 48 52
6 21 22 26 51 55
9 24 25 29 54 58
12 27 28 32 57 61
15 30 31 35 60 64
18 33 34 38 63 67
21 36 37 41 66 70
24 39 40 44 69 73
27 42 43 47 72 76
30 45 46 50 75 79
1 33 48 49 53 78
0 4 36 51 52 56
3 7 39 54 55 59
6 10 42 57 58 62
9 13 45 60 61 65
12 16 48 63 64 68
7 16 19 46 74 79
1 10 19 22 49 77
4 13 22 25 52 80
2 7 16 25 28 55
5 10 19 28 31 58
8 13 22 31 34 61
11 16 25 34 37 64
14 19 28 37 40 67
17 22 31 40 43 70
20 25 34 43 46 73
23 28 37 46 49 76
26 31 40 49 52 79
1 29 34 43 52 55
4 32 37 46 55 58
7 35 40 49 58 61
10 38 43 52 61 64
13 41 46 55 64 67
16 44 49 58 67 70
19 47 52 61 70 73
22 50 55 64 73 76
25 53 58 67 76 79
1 28 56 61 70 79
1 4 31 59 64 73
4 7 34 62 67 76
7 10 37 65 70 79
1 10 13 40 68 73
4 13 16 43 71 76
5 25 27 40 48 62
8 28 30 43 51 65
11 31 33 46 54 68
14 34 36 49 57 71
17 37 39 52 60 74
20 40 42 55 63 77
23 43 45 58 66 80
2 26 46 48 61 69
5 29 49 51 64 72
8 32 52 54 67 75
11 35 55 57 70 78
0 14 38 58 60 73
3 17 41 61 63 76
6 20 44 64 66 79
1 9 23 47 67 69
4 12 26 50 70 72
7 15 29 53 73 75
10 18 32 56 76 78
0 13 21 35 59 79
1 3 16 24 38 62
4 6 19 27 41 65
7 9 22 30 44 68
10 12 25 33 47 71
13 15 28 36 50 74
16 18 31 39 53 77
19 21 34 42 56 80
2 22 24 37 45 59
0 3 9 40 53 57
3 6 12 43 56 60
6 9 15 46 59 63
9 12 18 49 62 66
12 15 21 52 65 69
15 18 24 55 68 72
18 21 27 58 71 75
21 24 30 61 74 78
0 24 27 33 64 77
3 27 30 36 67 80
2 6 30 33 39 70
5 9 33 36 42 73
8 12 36 39 45 76
11 15 39 42 48 79
1 14 18 42 45 51
4 17 21 45 48 54
7 20 24 48 51 57
10 23 27 51 54 60
13 26 30 54 57 63
16 29 33 57 60 66
19 32 36 60 63 69
22 35 39 63 66 72
25 38 42 66 69 75
28 41 45 69 72 78
0 31 44 48 72 75
3 34 47 51 75 78
0 6 37 50 54 78
18 20 22 35 36 75
21 23 25 38 39 78
0 24 26 28 41 42
3 27 29 31 44 45
6 30 32 34 47 48
9 33 35 37 50 51
12 36 38 40 53 54
15 39 41 43 56 57
18 42 44 46 59 60
21 45 47 49 62 63
24 48 50 52 65 66
27 51 53 55 68 69
30 54 56 58 71 72
33 57 59 61 74 75
36 60 62 64 77 78
0 39 63 65 67 80
2 3 42 66 68 70
5 6 45 69 71 73
8 9 48 72 74 76
11 12 51 75 77 79
1 14 15 54 78 80
0 2 4 17 18 57
3 5 7 20 21 60
6 8 10 23 24 63
9 11 13 26 27 66
12 14 16 29 30 69
15 17 19 32 33 72
12 19 24 31 35 81
15 22 27 34 38 81
18 25 30 37 41 81
21 28 33 40 44 81
24 31 36 43 47 81
27 34 39 46 50 81
30 37 42 49 53 81
33 40 45 52 56 81
36 43 48 55 59 81
39 46 51 58 62 81
42 49 54 61 65 81
45 52 57 64 68 81
48 55 60 67 71 81
51 58 63 70 74 81
54 61 66 73 77 81
57 64 69 76 80 81
2 60 67 72 79 81
1 5 63 70 75 81
4 8 66 73 78 81
0 7 11 69 76 81
3 10 14 72 79 81
1 6 13 17 75 81
4 9 16 20 78 81
0 7 12 19 23 81
3 10 15 22 26 81
6 13 18 25 29 81
9 16 21 28 32 81
14 25 32 63 68 74
17 28 35 66 71 77
20 31 38 69 74 80
2 23 34 41 72 77
5 26 37 44 75 80
2 8 29 40 47 78
0 5 11 32 43 50
3 8 14 35 46 53
6 11 17 38 49 56
9 14 20 41 52 59
12 17 23 44 55 62
15 20 26 47 58 65
18 23 29 50 61 68
21 26 32 53 64 71
24 29 35 56 67 74
27 32 38 59 70 77
30 35 41 62 73 80
2 33 38 44 65 76
5 36 41 47 68 79
1 8 39 44 50 71
4 11 42 47 53 74
7 14 45 50 56 77
10 17 48 53 59 80
2 13 20 51 56 62
5 16 23 54 59 65
8 19 26 57 62 68
11 22 29 60 65 71
