2 27 31 33 51 53 78
0 5 30 34 36 54 56
3 8 33 37 39 57 59
6 11 36 40 42 60 62
9 14 39 43 45 63 65
12 17 42 46 48 66 68
15 20 45 49 51 69 71
18 23 48 52 54 72 74
21 26 51 55 57 75 77
24 29 54 58 60 78 80
0 2 27 32 57 61 63
3 5 30 35 60 64 66
6 8 33 38 63 67 69
9 11 36 41 66 70 72
12 14 39 44 69 73 75
15 17 42 47 72 76 78
0 18 20 45 50 75 79
1 3 21 23 48 53 78
0 4 6 24 26 51 56
3 7 9 27 29 54 59
6 10 12 30 32 57 62
9 13 15 33 35 60 65
12 16 18 36 38 63 68
15 19 21 39 41 66 71
18 22 24 42 44 69 74
21 25 27 45 47 72 77
24 28 30 48 50 75 80
18 27 39 49 56 62 72
21 30 42 52 59 65 75
24 33 45 55 62 68 78
0 27 36 48 58 65 71
3 30 39 51 61 68 74
6 33 42 54 64 71 77
9 36 45 57 67 74 80
2 12 39 48 60 70 77
5 15 42 51 63 73 80
2 8 18 45 54 66 76
5 11 21 48 57 69 79
1 8 14 24 51 60 72
4 11 17 27 54 63 75
7 14 20 30 57 66 78
0 10 17 23 33 60 69
3 13 20 26 36 63 72
6 16 23 29 39 66 75
9 19 26 32 42 69 78
0 12 22 29 35 45 72
3 15 25 32 38 48 75
6 18 28 35 41 51 78
0 9 21 31 38 44 54
3 12 24 34 41 47 57
6 15 27 37 44 50 60
9 18 30 40 47 53 63
12 21 33 43 50 56 66
15 24 36 46 53 59 69
12 19 22 37 54 65 73
15 22 25 40 57 68 76
18 25 28 43 60 71 79
1 21 28 31 46 63 74
4 24 31 34 49 66 77
7 27 34 37 52 69 80
2 10 30 37 40 55 72
5 13 33 40 43 58 75
8 16 36 43 46 61 78
0 11 19 39 46 49 64
3 14 22 42 49 52 67
6 17 25 45 52 55 70
9 20 28 48 55 58 73
12 23 31 51 58 61 76
15 26 34 54 61 64 79
1 18 29 37 57 64 67
4 21 32 40 60 67 70
7 24 35 43 63 70 73
10 27 38 46 66 73 76
13 30 41 49 69 76 79
1 16 33 44 52 72 79
1 4 19 36 47 55 75
4 7 22 39 50 58 78
0 7 10 25 42 53 61
3 10 13 28 45 56 64
6 13 16 31 48 59 67
9 16 19 34 51 62 70
10 15 18 29 31 36 43
13 18 21 32 34 39 46
16 21 24 35 37 42 49
19 24 27 38 40 45 52
22 27 30 41 43 48 55
25 30 33 44 46 51 58
28 33 36 47 49 54 61
31 36 39 50 52 57 64
34 39 42 53 55 60 67
37 42 45 56 58 63 70
40 45 48 59 61 66 73
43 48 51 62 64 69 76
46 51 54 65 67 72 79
1 49 54 57 68 70 75
4 52 57 60 71 73 78
0 7 55 60 63 74 76
3 10 58 63 66 77 79
1 6 13 61 66 69 80
2 4 9 16 64 69 72
5 7 12 19 67 72 75
8 10 15 22 70 75 78
0 11 13 18 25 73 78
0 3 14 16 21 28 76
3 6 17 19 24 31 79
1 6 9 20 22 27 34
4 9 12 23 25 30 37
7 12 15 26 28 33 40
10 16 20 25 41 54 67
13 19 23 28 44 57 70
16 22 26 31 47 60 73
19 25 29 34 50 63 76
22 28 32 37 53 66 79
1 25 31 35 40 56 69
4 28 34 38 43 59 72
7 31 37 41 46 62 75
10 34 40 44 49 65 78
0 13 37 43 47 52 68
3 16 40 46 50 55 71
6 19 43 49 53 58 74
9 22 46 52 56 61 77
12 25 49 55 59 64 80
2 15 28 52 58 62 67
5 18 31 55 61 65 70
8 21 34 58 64 68 73
11 24 37 61 67 71 76
14 27 40 64 70 74 79
1 17 30 43 67 73 77
4 20 33 46 70 76 80
2 7 23 36 49 73 79
1 5 10 26 39 52 76
4 8 13 29 42 55 79
1 7 11 16 32 45 58
4 10 14 19 35 48 61
7 13 17 22 38 51 64
0 1 4 15 62 74 81
3 4 7 18 65 77 81
6 7 10 21 68 80 81
2 9 10 13 24 71 81
5 12 13 16 27 74 81
8 15 16 19 30 77 81
11 18 19 22 33 80 81
2 14 21 22 25 36 81
5 17 24 25 28 39 81
8 20 27 28 31 42 81
11 23 30 31 34 45 81
14 26 33 34 37 48 81
17 29 36 37 40 51 81
20 32 39 40 43 54 81
23 35 42 43 46 57 81
26 38 45 46 49 60 81
29 41 48 49 52 63 81
32 44 51 52 55 66 81
35 47 54 55 58 69 81
38 50 57 58 61 72 81
41 53 60 61 64 75 81
44 56 63 64 67 78 81
0 47 59 66 67 70 81
3 50 62 69 70 73 81
6 53 65 72 73 76 81
9 56 68 75 76 79 81
1 12 59 71 78 79 81
16 17 53 56 57 65 80
2 19 20 56 59 60 68
5 22 23 59 62 63 71
8 25 26 62 65 66 74
11 28 29 65 68 69 77
14 31 32 68 71 72 80
2 17 34 35 71 74 75
5 20 37 38 74 77 78
0 8 23 40 41 77 80
2 3 11 26 43 44 80
2 5 6 14 29 46 47
5 8 9 17 32 49 50
8 11 12 20 35 52 53
11 14 15 23 38 55 56
14 17 18 26 41 58 59
17 20 21 29 44 61 62
20 23 24 32 47 64 65
23 26 27 35 50 67 68
26 29 30 38 53 70 71
29 32 33 41 56 73 74
32 35 36 44 59 76 77
35 38 39 47 62 79 80
1 2 38 41 42 50 65
4 5 41 44 45 53 68
7 8 44 47 48 56 71
10 11 47 50 51 59 74
13 14 50 53 54 62 77
