13 29 48 80
0 15 31 50
2 17 33 52
4 19 35 54
6 21 37 56
8 23 39 58
10 25 41 60
12 27 43 62
14 29 45 64
16 31 47 66
18 33 49 68
20 35 51 70
22 37 53 72
24 39 55 74
26 41 57 76
28 43 59 78
30 45 61 80
0 32 47 63
2 34 49 65
4 36 51 67
6 38 53 69
8 40 55 71
10 42 57 73
12 44 59 75
14 46 61 77
16 48 63 79
18 50 65 81
1 20 52 67
3 22 54 69
5 24 56 71
7 26 58 73
9 28 60 75
11 30 62 77
13 32 64 79
15 34 66 81
1 17 36 68
3 19 38 70
5 21 40 72
7 23 42 74
9 25 44 76
11 27 46 78
19 30 40 67
21 32 42 69
23 34 44 71
25 36 46 73
27 38 48 75
29 40 50 77
31 42 52 79
33 44 54 81
1 35 46 56
3 37 48 58
5 39 50 60
7 41 52 62
9 43 54 64
11 45 56 66
13 47 58 68
15 49 60 70
17 51 62 72
19 53 64 74
21 55 66 76
23 57 68 78
25 59 70 80
0 27 61 72
2 29 63 74
4 31 65 76
6 33 67 78
8 35 69 80
0 10 37 71
2 12 39 73
4 14 41 75
6 16 43 77
8 18 45 79
10 20 47 81
1 12 22 49
3 14 24 51
5 16 26 53
7 18 28 55
9 20 30 57
11 22 32 59
13 24 34 61
15 26 36 63
17 28 38 65
5 30 47 52
7 32 49 54
9 34 51 56
11 36 53 58
13 38 55 60
15 40 57 62
17 42 59 64
19 44 61 66
21 46 63 68
23 48 65 70
25 50 67 72
27 52 69 74
29 54 71 76
31 56 73 78
33 58 75 80
0 35 60 77
2 37 62 79
4 39 64 81
1 6 41 66
3 8 43 68
5 10 45 70
7 12 47 72
9 14 49 74
11 16 51 76
13 18 53 78
15 20 55 80
0 17 22 57
2 19 24 59
4 21 26 61
6 23 28 63
8 25 30 65
10 27 32 67
12 29 34 69
14 31 36 71
16 33 38 73
18 35 40 75
20 37 42 77
22 39 44 79
24 41 46 81
1 26 43 48
3 28 45 50
3 10 44 56
5 12 46 58
7 14 48 60
9 16 50 62
11 18 52 64
13 20 54 66
15 22 56 68
17 24 58 70
19 26 60 72
21 28 62 74
23 30 64 76
25 32 66 78
27 34 68 80
0 29 36 70
2 31 38 72
4 33 40 74
6 35 42 76
8 37 44 78
10 39 46 80
0 12 41 48
2 14 43 50
4 16 45 52
6 18 47 54
8 20 49 56
10 22 51 58
12 24 53 60
14 26 55 62
16 28 57 64
18 30 59 66
20 32 61 68
22 34 63 70
24 36 65 72
26 38 67 74
28 40 69 76
30 42 71 78
32 44 73 80
0 34 46 75
2 36 48 77
4 38 50 79
6 40 52 81
1 8 42 54
21 24 37 67
23 26 39 69
25 28 41 71
27 30 43 73
29 32 45 75
31 34 47 77
33 36 49 79
35 38 51 81
1 37 40 53
3 39 42 55
5 41 44 57
7 43 46 59
9 45 48 61
11 47 50 63
13 49 52 65
15 51 54 67
17 53 56 69
19 55 58 71
21 57 60 73
23 59 62 75
25 61 64 77
27 63 66 79
29 65 68 81
1 31 67 70
3 33 69 72
5 35 71 74
7 37 73 76
9 39 75 78
11 41 77 80
0 13 43 79
2 15 45 81
1 4 17 47
3 6 19 49
5 8 21 51
7 10 23 53
9 12 25 55
11 14 27 57
13 16 29 59
15 18 31 61
17 20 33 63
19 22 35 65
7 29 56 61
9 31 58 63
11 33 60 65
13 35 62 67
15 37 64 69
17 39 66 71
19 41 68 73
21 43 70 75
23 45 72 77
25 47 74 79
27 49 76 81
1 29 51 78
3 31 53 80
0 5 33 55
2 7 35 57
4 9 37 59
6 11 39 61
8 13 41 63
10 15 43 65
12 17 45 67
14 19 47 69
16 21 49 71
18 23 51 73
20 25 53 75
22 27 55 77
24 29 57 79
26 31 59 81
1 28 33 61
3 30 35 63
5 32 37 65
7 34 39 67
9 36 41 69
11 38 43 71
13 40 45 73
15 42 47 75
17 44 49 77
19 46 51 79
21 48 53 81
1 23 50 55
3 25 52 57
5 27 54 59
2 11 15 28
4 13 17 30
6 15 19 32
8 17 21 34
10 19 23 36
12 21 25 38
14 23 27 40
16 25 29 42
18 27 31 44
20 29 33 46
22 31 35 48
24 33 37 50
26 35 39 52
28 37 41 54
30 39 43 56
32 41 45 58
34 43 47 60
36 45 49 62
38 47 51 64
40 49 53 66
42 51 55 68
44 53 57 70
46 55 59 72
48 57 61 74
50 59 63 76
52 61 65 78
54 63 67 80
0 56 65 69
2 58 67 71
4 60 69 73
6 62 71 75
8 64 73 77
10 66 75 79
12 68 77 81
1 14 70 79
3 16 72 81
1 5 18 74
3 7 20 76
5 9 22 78
7 11 24 80
0 9 13 26
36 52 55 75
38 54 57 77
40 56 59 79
42 58 61 81
1 44 60 63
3 46 62 65
5 48 64 67
7 50 66 69
9 52 68 71
11 54 70 73
13 56 72 75
15 58 74 77
17 60 76 79
19 62 78 81
1 21 64 80
0 3 23 66
2 5 25 68
4 7 27 70
6 9 29 72
8 11 31 74
10 13 33 76
12 15 35 78
14 17 37 80
0 16 19 39
2 18 21 41
4 20 23 43
6 22 25 45
8 24 27 47
10 26 29 49
12 28 31 51
14 30 33 53
16 32 35 55
18 34 37 57
20 36 39 59
22 38 41 61
24 40 43 63
26 42 45 65
28 44 47 67
30 46 49 69
32 48 51 71
34 50 53 73
12 18 32 36
14 20 34 38
16 22 36 40
18 24 38 42
20 26 40 44
22 28 42 46
24 30 44 48
26 32 46 50
28 34 48 52
30 36 50 54
32 38 52 56
34 40 54 58
36 42 56 60
38 44 58 62
40 46 60 64
42 48 62 66
44 50 64 68
46 52 66 70
48 54 68 72
50 56 70 74
52 58 72 76
54 60 74 78
56 62 76 80
0 58 64 78
2 60 66 80
0 4 62 68
2 6 64 70
4 8 66 72
6 10 68 74
8 12 70 76
10 14 72 78
12 16 74 80
0 14 18 76
2 16 20 78
4 18 22 80
0 6 20 24
2 8 22 26
4 10 24 28
6 12 26 30
8 14 28 32
10 16 30 34
26 28 70 78
28 30 72 80
0 30 32 74
2 32 34 76
4 34 36 78
6 36 38 80
0 8 38 40
2 10 40 42
4 12 42 44
6 14 44 46
8 16 46 48
10 18 48 50
12 20 50 52
14 22 52 54
16 24 54 56
18 26 56 58
20 28 58 60
22 30 60 62
24 32 62 64
26 34 64 66
28 36 66 68
30 38 68 70
32 40 70 72
34 42 72 74
36 44 74 76
38 46 76 78
40 48 78 80
0 42 50 80
0 2 44 52
2 4 46 54
4 6 48 56
6 8 50 58
8 10 52 60
10 12 54 62
12 14 56 64
14 16 58 66
16 18 60 68
18 20 62 70
20 22 64 72
22 24 66 74
24 26 68 76
23 29 37 52
25 31 39 54
27 33 41 56
29 35 43 58
31 37 45 60
33 39 47 62
35 41 49 64
37 43 51 66
39 45 53 68
41 47 55 70
43 49 57 72
45 51 59 74
47 53 61 76
49 55 63 78
51 57 65 80
0 53 59 67
2 55 61 69
4 57 63 71
6 59 65 73
8 61 67 75
10 63 69 77
12 65 71 79
14 67 73 81
1 16 69 75
3 18 71 77
5 20 73 79
7 22 75 81
1 9 24 77
3 11 26 79
5 13 28 81
1 7 15 30
3 9 17 32
5 11 19 34
7 13 21 36
9 15 23 38
11 17 25 40
13 19 27 42
15 21 29 44
17 23 31 46
19 25 33 48
21 27 35 50
41 42 43 53
43 44 45 55
45 46 47 57
47 48 49 59
49 50 51 61
51 52 53 63
53 54 55 65
55 56 57 67
57 58 59 69
59 60 61 71
61 62 63 73
63 64 65 75
65 66 67 77
67 68 69 79
69 70 71 81
1 71 72 73
3 73 74 75
5 75 76 77
7 77 78 79
9 79 80 81
0 1 11 81
1 2 3 13
3 4 5 15
5 6 7 17
7 8 9 19
9 10 11 21
11 12 13 23
13 14 15 25
15 16 17 27
17 18 19 29
19 20 21 31
21 22 23 33
23 24 25 35
25 26 27 37
27 28 29 39
29 30 31 41
31 32 33 43
33 34 35 45
35 36 37 47
37 38 39 49
39 40 41 51
18 25 43 69
20 27 45 71
22 29 47 73
24 31 49 75
26 33 51 77
28 35 53 79
30 37 55 81
1 32 39 57
3 34 41 59
5 36 43 61
7 38 45 63
9 40 47 65
11 42 49 67
13 44 51 69
15 46 53 71
17 48 55 73
19 50 57 75
21 52 59 77
23 54 61 79
25 56 63 81
1 27 58 65
3 29 60 67
5 31 62 69
7 33 64 71
9 35 66 73
11 37 68 75
13 39 70 77
15 41 72 79
17 43 74 81
1 19 45 76
3 21 47 78
5 23 49 80
0 7 25 51
2 9 27 53
4 11 29 55
6 13 31 57
8 15 33 59
10 17 35 61
12 19 37 63
14 21 39 65
16 23 41 67
11 20 48 69
13 22 50 71
15 24 52 73
17 26 54 75
19 28 56 77
21 30 58 79
23 32 60 81
1 25 34 62
3 27 36 64
5 29 38 66
7 31 40 68
9 33 42 70
11 35 44 72
13 37 46 74
15 39 48 76
17 41 50 78
19 43 52 80
0 21 45 54
2 23 47 56
4 25 49 58
6 27 51 60
8 29 53 62
10 31 55 64
12 33 57 66
14 35 59 68
16 37 61 70
18 39 63 72
20 41 65 74
22 43 67 76
24 45 69 78
26 47 71 80
0 28 49 73
2 30 51 75
4 32 53 77
6 34 55 79
8 36 57 81
1 10 38 59
3 12 40 61
5 14 42 63
7 16 44 65
9 18 46 67
