1 32 35 49 77
4 35 38 52 80
2 7 38 41 55
5 10 41 44 58
8 13 44 47 61
11 16 47 50 64
14 19 50 53 67
17 22 53 56 70
20 25 56 59 73
23 28 59 62 76
26 31 62 65 79
1 29 34 65 68
4 32 37 68 71
7 35 40 71 74
10 38 43 74 77
13 41 46 77 80
2 16 44 49 80
2 5 19 47 52
5 8 22 50 55
8 11 25 53 58
11 14 28 56 61
14 17 31 59 64
17 20 34 62 67
20 23 37 65 70
23 26 40 68 73
26 29 43 71 76
29 32 46 74 79
18 22 52 65 76
21 25 55 68 79
1 24 28 58 71
4 27 31 61 74
7 30 34 64 77
10 33 37 67 80
2 13 36 40 70
5 16 39 43 73
8 19 42 46 76
11 22 45 49 79
1 14 25 48 52
4 17 28 51 55
7 20 31 54 58
10 23 34 57 61
13 26 37 60 64
16 29 40 63 67
19 32 43 66 70
22 35 46 69 73
25 38 49 72 76
28 41 52 75 79
1 31 44 55 78
0 4 34 47 58
3 7 37 50 61
6 10 40 53 64
9 13 43 56 67
12 16 46 59 70
15 19 49 62 73
15 16 34 54 61
18 19 37 57 64
21 22 40 60 67
24 25 43 63 70
27 28 46 66 73
30 31 49 69 76
33 34 52 72 79
1 36 37 55 75
4 39 40 58 78
0 7 42 43 61
3 10 45 46 64
6 13 48 49 67
9 16 51 52 70
12 19 54 55 73
15 22 57 58 76
18 25 60 61 79
1 21 28 63 64
4 24 31 66 67
7 27 34 69 70
10 30 37 72 73
13 33 40 75 76
16 36 43 78 79
0 1 19 39 46
3 4 22 42 49
6 7 25 45 52
9 10 28 48 55
12 13 31 51 58
2 4 14 21 76
5 7 17 24 79
1 8 10 20 27
4 11 13 23 30
7 14 16 26 33
10 17 19 29 36
13 20 22 32 39
16 23 25 35 42
19 26 28 38 45
22 29 31 41 48
25 32 34 44 51
28 35 37 47 54
31 38 40 50 57
34 41 43 53 60
37 44 46 56 63
40 47 49 59 66
43 50 52 62 69
46 53 55 65 72
49 56 58 68 75
52 59 61 71 78
0 55 62 64 74
3 58 65 67 77
6 61 68 70 80
2 9 64 71 73
5 12 67 74 76
8 15 70 77 79
1 11 18 73 80
2 8 35 60 65
5 11 38 63 68
8 14 41 66 71
11 17 44 69 74
14 20 47 72 77
17 23 50 75 80
2 20 26 53 78
0 5 23 29 56
3 8 26 32 59
6 11 29 35 62
9 14 32 38 65
12 17 35 41 68
15 20 38 44 71
18 23 41 47 74
21 26 44 50 77
24 29 47 53 80
2 27 32 50 56
5 30 35 53 59
8 33 38 56 62
11 36 41 59 65
14 39 44 62 68
17 42 47 65 71
20 45 50 68 74
23 48 53 71 77
26 51 56 74 80
2 29 54 59 77
5 32 57 62 80
2 43 51 61 81
5 46 54 64 81
8 49 57 67 81
11 52 60 70 81
14 55 63 73 81
17 58 66 76 81
20 61 69 79 81
1 23 64 72 81
4 26 67 75 81
7 29 70 78 81
0 10 32 73 81
3 13 35 76 81
6 16 38 79 81
1 9 19 41 81
4 12 22 44 81
7 15 25 47 81
10 18 28 50 81
13 21 31 53 81
16 24 34 56 81
19 27 37 59 81
22 30 40 62 81
25 33 43 65 81
28 36 46 68 81
31 39 49 71 81
34 42 52 74 81
37 45 55 77 81
40 48 58 80 81
1 2 7 67 72
4 5 10 70 75
7 8 13 73 78
0 10 11 16 76
3 13 14 19 79
1 6 16 17 22
4 9 19 20 25
7 12 22 23 28
10 15 25 26 31
13 18 28 29 34
16 21 31 32 37
19 24 34 35 40
22 27 37 38 43
25 30 40 41 46
28 33 43 44 49
31 36 46 47 52
34 39 49 50 55
37 42 52 53 58
40 45 55 56 61
43 48 58 59 64
46 51 61 62 67
49 54 64 65 70
52 57 67 68 73
55 60 70 71 76
58 63 73 74 79
1 61 66 76 77
4 64 69 79 80
35 39 45 66 79
1 38 42 48 69
4 41 45 51 72
7 44 48 54 75
10 47 51 57 78
0 13 50 54 60
3 16 53 57 63
6 19 56 60 66
9 22 59 63 69
12 25 62 66 72
15 28 65 69 75
18 31 68 72 78
0 21 34 71 75
3 24 37 74 78
0 6 27 40 77
3 9 30 43 80
2 6 12 33 46
5 9 15 36 49
8 12 18 39 52
11 15 21 42 55
14 18 24 45 58
17 21 27 48 61
20 24 30 51 64
23 27 33 54 67
26 30 36 57 70
29 33 39 60 73
32 36 42 63 76
2 58 62 70 75
5 61 65 73 78
0 8 64 68 76
3 11 67 71 79
1 6 14 70 74
4 9 17 73 77
7 12 20 76 80
2 10 15 23 79
1 5 13 18 26
4 8 16 21 29
7 11 19 24 32
10 14 22 27 35
13 17 25 30 38
16 20 28 33 41
19 23 31 36 44
22 26 34 39 47
25 29 37 42 50
28 32 40 45 53
31 35 43 48 56
34 38 46 51 59
37 41 49 54 62
40 44 52 57 65
43 47 55 60 68
46 50 58 63 71
49 53 61 66 74
52 56 64 69 77
55 59 67 72 80
16 27 58 60 72
19 30 61 63 75
22 33 64 66 78
0 25 36 67 69
3 28 39 70 72
6 31 42 73 75
9 34 45 76 78
0 12 37 48 79
1 3 15 40 51
4 6 18 43 54
7 9 21 46 57
10 12 24 49 60
13 15 27 52 63
16 18 30 55 66
19 21 33 58 69
22 24 36 61 72
25 27 39 64 75
28 30 42 67 78
0 31 33 45 70
3 34 36 48 73
6 37 39 51 76
9 40 42 54 79
1 12 43 45 57
4 15 46 48 60
7 18 49 51 63
10 21 52 54 66
13 24 55 57 69
8 17 40 43 72
11 20 43 46 75
14 23 46 49 78
0 17 26 49 52
3 20 29 52 55
6 23 32 55 58
9 26 35 58 61
12 29 38 61 64
15 32 41 64 67
18 35 44 67 70
21 38 47 70 73
24 41 50 73 76
27 44 53 76 79
1 30 47 56 79
1 4 33 50 59
4 7 36 53 62
7 10 39 56 65
10 13 42 59 68
13 16 45 62 71
16 19 48 65 74
19 22 51 68 77
22 25 54 71 80
2 25 28 57 74
5 28 31 60 77
8 31 34 63 80
2 11 34 37 66
5 14 37 40 69
2 17 39 45 63
5 20 42 48 66
8 23 45 51 69
11 26 48 54 72
14 29 51 57 75
17 32 54 60 78
0 20 35 57 63
3 23 38 60 66
6 26 41 63 69
9 29 44 66 72
12 32 47 69 75
15 35 50 72 78
0 18 38 53 75
3 21 41 56 78
0 6 24 44 59
3 9 27 47 62
6 12 30 50 65
9 15 33 53 68
12 18 36 56 71
15 21 39 59 74
18 24 42 62 77
21 27 45 65 80
2 24 30 48 68
5 27 33 51 71
8 30 36 54 74
11 33 39 57 77
14 36 42 60 80
18 20 21 40 49
21 23 24 43 52
24 26 27 46 55
27 29 30 49 58
30 32 33 52 61
33 35 36 55 64
36 38 39 58 67
39 41 42 61 70
42 44 45 64 73
45 47 48 67 76
48 50 51 70 79
1 51 53 54 73
4 54 56 57 76
7 57 59 60 79
1 10 60 62 63
4 13 63 65 66
7 16 66 68 69
10 19 69 71 72
13 22 72 74 75
16 25 75 77 78
0 19 28 78 80
0 2 3 22 31
3 5 6 25 34
6 8 9 28 37
9 11 12 31 40
12 14 15 34 43
15 17 18 37 46
3 30 44 60 69
6 33 47 63 72
9 36 50 66 75
12 39 53 69 78
0 15 42 56 72
3 18 45 59 75
6 21 48 62 78
0 9 24 51 65
3 12 27 54 68
6 15 30 57 71
9 18 33 60 74
12 21 36 63 77
15 24 39 66 80
2 18 27 42 69
5 21 30 45 72
8 24 33 48 75
11 27 36 51 78
0 14 30 39 54
3 17 33 42 57
6 20 36 45 60
9 23 39 48 63
12 26 42 51 66
15 29 45 54 69
18 32 48 57 72
21 35 51 60 75
24 38 54 63 78
0 27 41 57 66
