0 4 11 12 13 20 53 79
1 8 12 22 23 60 75 76
2 19 29 33 39 53 54 64
3 18 26 27 36 71 73 80
0 5 12 21 29 56 61 66
6 13 14 15 34 56 64 78
5 7 19 20 35 40 48 73
9 16 27 37 49 53 55 66
9 10 26 38 41 48 64 70
17 27 29 34 44 47 75 81
2 8 23 24 25 31 58 67
5 13 22 28 37 46 57 69
1 14 25 26 30 37 43 54
37 38 51 52 56 68 73 75
15 29 31 42 46 60 62 63
4 27 38 39 44 62 72 77
0 9 22 30 42 78 80 81
2 4 14 21 40 42 51 55
6 9 24 35 44 54 61 65
0 1 7 14 16 36 65 77
2 10 11 37 44 50 74 76
4 7 17 23 26 45 57 66
10 14 17 18 22 35 39 67
11 28 31 40 43 52 66 81
8 16 30 33 44 68 70 79
5 11 41 49 59 60 68 80
1 2 35 36 44 59 63 66
3 14 19 32 50 52 60 79
6 30 31 38 47 59 69 76
10 13 19 21 30 45 59 72
12 36 40 45 47 52 54 56
0 8 15 18 28 38 49 54
2 3 8 20 41 56 57 81
2 15 23 27 43 50 61 79
23 28 48 51 63 71 77 79
20 22 25 34 50 55 63 72
33 36 44 52 57 67 76 78
10 12 32 33 34 46 65 73
2 6 10 20 28 42 58 77
14 31 43 44 48 49 53 69
15 16 17 19 51 58 69 80
36 46 49 58 64 72 75 79
7 8 12 25 44 52 64 80
13 26 39 47 52 55 65 74
15 17 22 24 52 53 70 77
4 9 19 43 46 47 56 67
3 7 31 34 37 62 68 78
7 10 29 32 41 54 55 71
11 17 25 36 39 42 48 61
18 47 48 53 58 60 61 78
1 4 24 64 69 73 74 81
12 16 26 32 38 42 50 81
1 5 9 34 39 45 51 79
0 2 19 31 55 70 73 75
6 14 26 33 40 63 75 80
21 27 28 57 65 70 76 80
25 35 40 41 46 66 77 78
3 5 11 17 43 64 65 72
23 28 30 34 40 41 53 67
32 45 49 59 61 63 70 81
7 9 11 33 50 56 58 59
3 13 16 29 40 48 64 76
11 14 23 54 70 72 73 81
6 12 19 42 49 57 71 74
0 17 24 37 39 40 60 71
15 27 33 35 41 42 45 52
16 21 22 23 31 35 37 47
8 11 19 26 34 61 66 77
1 17 20 33 38 47 49 78
6 11 16 22 51 57 62 65
2 5 16 18 24 30 32 46
5 12 27 54 58 63 67 74
12 15 30 37 39 48 66 75
16 28 44 45 55 60 73 78
9 14 19 25 28 52 63 71
4 8 10 29 31 36 50 80
4 14 28 30 41 61 75 76
0 6 7 25 49 60 67 72
9 18 20 23 29 52 69 72
6 17 45 46 50 53 73 76
32 35 53 56 71 72 74 80
2 13 34 36 38 43 60 68
18 22 28 32 42 64 66 68
5 19 23 38 42 44 65 80
7 10 24 43 63 75 78 79
1 11 15 20 32 55 67 80
1 10 16 52 59 61 62 64
0 21 26 46 48 52 68 81
5 10 15 25 36 51 53 81
8 21 32 39 63 65 69 78
11 15 30 35 47 57 64 71
1 19 22 24 27 48 56 68
4 16 25 33 54 60 74 75
6 23 35 36 46 55 64 68
13 24 41 50 62 66 73 80
7 12 13 18 31 33 51 61
29 37 42 59 67 72 73 79
17 29 30 55 56 63 64 77
8 14 20 27 46 51 59 74
25 38 40 55 57 61 69 79
0 22 29 33 41 59 65 79
24 26 29 35 43 49 51 76
3 22 44 46 54 58 61 71
2 9 12 17 26 28 62 72
18 25 56 62 65 76 79 81
16 20 38 50 67 71 75 81
16 39 41 43 57 58 63 73
18 34 48 54 57 59 77 80
20 26 31 39 44 56 57 60
1 13 18 40 44 50 63 72
5 7 47 50 69 70 75 77
21 50 51 54 60 64 67 69
9 15 31 32 40 73 76 77
3 5 14 23 33 55 62 81
4 15 40 49 50 65 68 71
14 22 29 38 45 58 66 74
7 8 40 42 47 53 59 62
4 34 35 52 58 62 70 79
3 10 21 23 49 56 61 77
4 6 18 19 37 41 63 81
2 7 22 27 30 49 52 73
0 13 32 41 44 47 51 58
2 4 5 22 26 59 71 78
0 10 33 34 66 67 69 71
8 9 13 35 37 60 77 81
10 12 14 24 47 57 68 72
1 31 41 51 61 71 72 78
0 3 5 35 38 53 63 76
0 20 37 43 45 61 64 80
13 17 23 25 27 32 59 75
20 24 28 32 33 36 37 58
2 3 6 39 47 66 79 80
6 11 12 27 29 69 70 78
3 4 15 24 48 55 59 67
23 39 40 46 49 70 74 80
1 26 34 42 55 58 69 76
7 21 39 58 68 71 76 81
1 9 29 32 53 57 68 75
8 13 17 42 43 56 70 71
13 19 36 45 49 62 67 77
7 15 16 28 34 56 72 74
33 48 51 60 66 70 72 76
5 17 21 31 36 41 74 79
3 9 20 30 36 51 70 74
10 27 30 38 40 58 60 65
1 3 25 28 29 46 47 70
3 9 21 24 34 42 49 75
8 11 18 45 55 62 71 75
7 11 21 24 38 46 53 63
0 23 30 48 50 62 74 78
13 20 31 42 46 54 65 66
8 47 61 63 67 68 73 74
12 28 35 39 43 50 55 59
18 26 37 53 65 67 70 79
1 6 18 21 33 43 74 77
22 32 36 40 43 54 62 69
0 24 27 31 45 50 57 64
17 19 20 54 68 76 78 79
15 20 21 25 26 44 62 73
3 12 25 41 45 68 69 77
2 35 45 48 56 65 69 75
4 5 6 8 32 48 52 72
