14 32 34
16 34 36
18 36 38
20 38 40
22 40 42
24 42 44
26 44 46
28 46 48
30 48 50
32 50 52
34 52 54
36 54 56
38 56 58
40 58 60
42 60 62
44 62 64
46 64 66
48 66 68
50 68 70
52 70 72
54 72 74
56 74 76
58 76 78
60 78 80
0 62 80
0 2 64
2 4 66
4 6 68
6 8 70
8 10 72
10 12 74
12 14 76
14 16 78
16 18 80
0 18 20
2 20 22
4 22 24
6 24 26
8 26 28
10 28 30
12 30 32
2 59 61
4 61 63
6 63 65
8 65 67
10 67 69
12 69 71
14 71 73
16 73 75
18 75 77
20 77 79
22 79 81
1 24 81
1 3 26
3 5 28
5 7 30
7 9 32
9 11 34
11 13 36
13 15 38
15 17 40
17 19 42
19 21 44
21 23 46
23 25 48
25 27 50
27 29 52
29 31 54
31 33 56
33 35 58
35 37 60
37 39 62
39 41 64
41 43 66
43 45 68
45 47 70
47 49 72
49 51 74
51 53 76
53 55 78
55 57 80
0 57 59
37 40 78
39 42 80
0 41 44
2 43 46
4 45 48
6 47 50
8 49 52
10 51 54
12 53 56
14 55 58
16 57 60
18 59 62
20 61 64
22 63 66
24 65 68
26 67 70
28 69 72
30 71 74
32 73 76
34 75 78
36 77 80
0 38 79
2 40 81
1 4 42
3 6 44
5 8 46
7 10 48
9 12 50
11 14 52
13 16 54
15 18 56
17 20 58
19 22 60
21 24 62
23 26 64
25 28 66
27 30 68
29 32 70
31 34 72
33 36 74
35 38 76
7 36 78
9 38 80
0 11 40
2 13 42
4 15 44
6 17 46
8 19 48
10 21 50
12 23 52
14 25 54
16 27 56
18 29 58
20 31 60
22 33 62
24 35 64
26 37 66
28 39 68
30 41 70
32 43 72
34 45 74
36 47 76
38 49 78
40 51 80
0 42 53
2 44 55
4 46 57
6 48 59
8 50 61
10 52 63
12 54 65
14 56 67
16 58 69
18 60 71
20 62 73
22 64 75
24 66 77
26 68 79
28 70 81
1 30 72
3 32 74
5 34 76
46 50 79
48 52 81
1 50 54
3 52 56
5 54 58
7 56 60
9 58 62
11 60 64
13 62 66
15 64 68
17 66 70
19 68 72
21 70 74
23 72 76
25 74 78
27 76 80
0 29 78
2 31 80
0 4 33
2 6 35
4 8 37
6 10 39
8 12 41
10 14 43
12 16 45
14 18 47
16 20 49
18 22 51
20 24 53
22 26 55
24 28 57
26 30 59
28 32 61
30 34 63
32 36 65
34 38 67
36 40 69
38 42 71
40 44 73
42 46 75
44 48 77
5 66 80
0 7 68
2 9 70
4 11 72
6 13 74
8 15 76
10 17 78
12 19 80
0 14 21
2 16 23
4 18 25
6 20 27
8 22 29
10 24 31
12 26 33
14 28 35
16 30 37
18 32 39
20 34 41
22 36 43
24 38 45
26 40 47
28 42 49
30 44 51
32 46 53
34 48 55
36 50 57
38 52 59
40 54 61
42 56 63
44 58 65
46 60 67
48 62 69
50 64 71
52 66 73
54 68 75
56 70 77
58 72 79
60 74 81
1 62 76
3 64 78
13 28 69
15 30 71
17 32 73
19 34 75
21 36 77
23 38 79
25 40 81
1 27 42
3 29 44
5 31 46
7 33 48
9 35 50
11 37 52
13 39 54
15 41 56
17 43 58
19 45 60
21 47 62
23 49 64
25 51 66
27 53 68
29 55 70
31 57 72
33 59 74
35 61 76
37 63 78
39 65 80
0 41 67
2 43 69
4 45 71
6 47 73
8 49 75
10 51 77
12 53 79
14 55 81
1 16 57
3 18 59
5 20 61
7 22 63
9 24 65
11 26 67
3 54 66
5 56 68
7 58 70
9 60 72
11 62 74
13 64 76
15 66 78
17 68 80
0 19 70
2 21 72
4 23 74
6 25 76
8 27 78
10 29 80
0 12 31
2 14 33
4 16 35
6 18 37
8 20 39
10 22 41
12 24 43
14 26 45
16 28 47
18 30 49
20 32 51
22 34 53
24 36 55
26 38 57
28 40 59
30 42 61
32 44 63
34 46 65
36 48 67
38 50 69
40 52 71
42 54 73
44 56 75
46 58 77
48 60 79
50 62 81
1 52 64
3 10 47
5 12 49
7 14 51
9 16 53
11 18 55
13 20 57
15 22 59
17 24 61
19 26 63
21 28 65
23 30 67
25 32 69
27 34 71
29 36 73
31 38 75
33 40 77
35 42 79
37 44 81
1 39 46
3 41 48
5 43 50
7 45 52
9 47 54
11 49 56
13 51 58
15 53 60
17 55 62
19 57 64
21 59 66
23 61 68
25 63 70
27 65 72
29 67 74
31 69 76
33 71 78
35 73 80
0 37 75
2 39 77
4 41 79
6 43 81
1 8 45
41 47 67
43 49 69
45 51 71
47 53 73
49 55 75
51 57 77
53 59 79
55 61 81
1 57 63
3 59 65
5 61 67
7 63 69
9 65 71
11 67 73
13 69 75
15 71 77
17 73 79
19 75 81
1 21 77
3 23 79
5 25 81
1 7 27
3 9 29
5 11 31
7 13 33
9 15 35
11 17 37
13 19 39
15 21 41
17 23 43
19 25 45
21 27 47
23 29 49
25 31 51
27 33 53
29 35 55
31 37 57
33 39 59
35 41 61
37 43 63
39 45 65
57 58 74
59 60 76
61 62 78
63 64 80
0 65 66
2 67 68
4 69 70
6 71 72
8 73 74
10 75 76
12 77 78
14 79 80
0 16 81
1 2 18
3 4 20
5 6 22
7 8 24
9 10 26
11 12 28
13 14 30
15 16 32
17 18 34
19 20 36
21 22 38
23 24 40
25 26 42
27 28 44
29 30 46
31 32 48
33 34 50
35 36 52
37 38 54
39 40 56
41 42 58
43 44 60
45 46 62
47 48 64
49 50 66
51 52 68
53 54 70
55 56 72
5 17 26
7 19 28
9 21 30
11 23 32
13 25 34
15 27 36
17 29 38
19 31 40
21 33 42
23 35 44
25 37 46
27 39 48
29 41 50
31 43 52
33 45 54
35 47 56
37 49 58
39 51 60
41 53 62
43 55 64
45 57 66
47 59 68
49 61 70
51 63 72
53 65 74
55 67 76
57 69 78
59 71 80
0 61 73
2 63 75
4 65 77
6 67 79
8 69 81
1 10 71
3 12 73
5 14 75
7 16 77
9 18 79
11 20 81
1 13 22
3 15 24
62 71 75
64 73 77
66 75 79
68 77 81
1 70 79
3 72 81
1 5 74
3 7 76
5 9 78
7 11 80
0 9 13
2 11 15
4 13 17
6 15 19
8 17 21
10 19 23
12 21 25
14 23 27
16 25 29
18 27 31
20 29 33
22 31 35
24 33 37
26 35 39
28 37 41
30 39 43
32 41 45
34 43 47
36 45 49
38 47 51
40 49 53
42 51 55
44 53 57
46 55 59
48 57 61
50 59 63
52 61 65
54 63 67
56 65 69
58 67 71
60 69 73
8 32 64
10 34 66
12 36 68
14 38 70
16 40 72
18 42 74
20 44 76
22 46 78
24 48 80
0 26 50
2 28 52
4 30 54
6 32 56
8 34 58
10 36 60
12 38 62
14 40 64
16 42 66
18 44 68
20 46 70
22 48 72
24 50 74
26 52 76
28 54 78
30 56 80
0 32 58
2 34 60
4 36 62
6 38 64
8 40 66
10 42 68
12 44 70
14 46 72
16 48 74
18 50 76
20 52 78
22 54 80
0 24 56
2 26 58
4 28 60
6 30 62
31 45 58
33 47 60
35 49 62
37 51 64
39 53 66
41 55 68
43 57 70
45 59 72
47 61 74
49 63 76
51 65 78
53 67 80
0 55 69
2 57 71
4 59 73
6 61 75
8 63 77
10 65 79
12 67 81
1 14 69
3 16 71
5 18 73
7 20 75
9 22 77
11 24 79
13 26 81
1 15 28
3 17 30
5 19 32
7 21 34
9 23 36
11 25 38
13 27 40
15 29 42
17 31 44
19 33 46
21 35 48
23 37 50
25 39 52
27 41 54
29 43 56
20 37 65
22 39 67
24 41 69
26 43 71
28 45 73
30 47 75
32 49 77
34 51 79
36 53 81
1 38 55
3 40 57
5 42 59
7 44 61
9 46 63
11 48 65
13 50 67
15 52 69
17 54 71
19 56 73
21 58 75
23 60 77
25 62 79
27 64 81
1 29 66
3 31 68
5 33 70
7 35 72
9 37 74
11 39 76
13 41 78
15 43 80
0 17 45
2 19 47
4 21 49
6 23 51
8 25 53
10 27 55
12 29 57
14 31 59
16 33 61
18 35 63
0 25 72
2 27 74
4 29 76
6 31 78
8 33 80
0 10 35
2 12 37
4 14 39
6 16 41
8 18 43
10 20 45
12 22 47
14 24 49
16 26 51
18 28 53
20 30 55
22 32 57
24 34 59
26 36 61
28 38 63
30 40 65
32 42 67
34 44 69
36 46 71
38 48 73
40 50 75
42 52 77
44 54 79
46 56 81
1 48 58
3 50 60
5 52 62
7 54 64
9 56 66
11 58 68
13 60 70
15 62 72
17 64 74
19 66 76
21 68 78
23 70 80
20 66 71
22 68 73
24 70 75
26 72 77
28 74 79
30 76 81
1 32 78
3 34 80
0 5 36
2 7 38
4 9 40
6 11 42
8 13 44
10 15 46
12 17 48
14 19 50
16 21 52
18 23 54
20 25 56
22 27 58
24 29 60
26 31 62
28 33 64
30 35 66
32 37 68
34 39 70
36 41 72
38 43 74
40 45 76
42 47 78
44 49 80
0 46 51
2 48 53
4 50 55
6 52 57
8 54 59
10 56 61
12 58 63
14 60 65
16 62 67
18 64 69
6 9 45
8 11 47
10 13 49
12 15 51
14 17 53
16 19 55
18 21 57
20 23 59
22 25 61
24 27 63
26 29 65
28 31 67
30 33 69
32 35 71
34 37 73
36 39 75
38 41 77
40 43 79
42 45 81
1 44 47
3 46 49
5 48 51
7 50 53
9 52 55
11 54 57
13 56 59
15 58 61
17 60 63
19 62 65
21 64 67
23 66 69
25 68 71
27 70 73
29 72 75
31 74 77
33 76 79
35 78 81
1 37 80
0 3 39
2 5 41
4 7 43
6 69 80
0 8 71
2 10 73
4 12 75
6 14 77
8 16 79
10 18 81
1 12 20
3 14 22
5 16 24
7 18 26
9 20 28
11 22 30
13 24 32
15 26 34
17 28 36
19 30 38
21 32 40
23 34 42
25 36 44
27 38 46
29 40 48
31 42 50
33 44 52
35 46 54
37 48 56
39 50 58
41 52 60
43 54 62
45 56 64
47 58 66
49 60 68
51 62 70
53 64 72
55 66 74
57 68 76
59 70 78
61 72 80
0 63 74
2 65 76
4 67 78
13 31 61
15 33 63
17 35 65
19 37 67
21 39 69
23 41 71
25 43 73
27 45 75
29 47 77
31 49 79
33 51 81
1 35 53
3 37 55
5 39 57
7 41 59
9 43 61
11 45 63
13 47 65
15 49 67
17 51 69
19 53 71
21 55 73
23 57 75
25 59 77
27 61 79
29 63 81
1 31 65
3 33 67
5 35 69
7 37 71
9 39 73
11 41 75
13 43 77
15 45 79
17 47 81
1 19 49
3 21 51
5 23 53
7 25 55
9 27 57
11 29 59
9 41 51
11 43 53
13 45 55
15 47 57
17 49 59
19 51 61
21 53 63
23 55 65
25 57 67
27 59 69
29 61 71
31 63 73
33 65 75
35 67 77
37 69 79
39 71 81
1 41 73
3 43 75
5 45 77
7 47 79
9 49 81
1 11 51
3 13 53
5 15 55
7 17 57
9 19 59
11 21 61
13 23 63
15 25 65
17 27 67
19 29 69
21 31 71
23 33 73
25 35 75
27 37 77
29 39 79
31 41 81
1 33 43
3 35 45
5 37 47
7 39 49
12 59 64
14 61 66
16 63 68
18 65 70
20 67 72
22 69 74
24 71 76
26 73 78
28 75 80
0 30 77
2 32 79
4 34 81
1 6 36
3 8 38
5 10 40
7 12 42
9 14 44
11 16 46
13 18 48
15 20 50
17 22 52
19 24 54
21 26 56
23 28 58
25 30 60
27 32 62
29 34 64
31 36 66
33 38 68
35 40 70
37 42 72
39 44 74
41 46 76
43 48 78
45 50 80
0 47 52
2 49 54
4 51 56
6 53 58
8 55 60
10 57 62
2 50 56
4 52 58
6 54 60
8 56 62
10 58 64
12 60 66
14 62 68
16 64 70
18 66 72
20 68 74
22 70 76
24 72 78
26 74 80
0 28 76
2 30 78
4 32 80
0 6 34
2 8 36
4 10 38
6 12 40
8 14 42
10 16 44
12 18 46
14 20 48
16 22 50
18 24 52
20 26 54
22 28 56
24 30 58
26 32 60
28 34 62
30 36 64
32 38 66
34 40 68
36 42 70
38 44 72
40 46 74
42 48 76
44 50 78
46 52 80
0 48 54
12 40 55
14 42 57
16 44 59
18 46 61
20 48 63
22 50 65
24 52 67
26 54 69
28 56 71
30 58 73
32 60 75
34 62 77
36 64 79
38 66 81
1 40 68
3 42 70
5 44 72
7 46 74
9 48 76
11 50 78
13 52 80
0 15 54
2 17 56
4 19 58
6 21 60
8 23 62
10 25 64
12 27 66
14 29 68
16 31 70
18 33 72
20 35 74
22 37 76
24 39 78
26 41 80
0 28 43
2 30 45
4 32 47
6 34 49
8 36 51
10 38 53
49 65 73
51 67 75
53 69 77
55 71 79
57 73 81
1 59 75
3 61 77
5 63 79
7 65 81
1 9 67
3 11 69
5 13 71
7 15 73
9 17 75
11 19 77
13 21 79
15 23 81
1 17 25
3 19 27
5 21 29
7 23 31
9 25 33
11 27 35
13 29 37
15 31 39
17 33 41
19 35 43
21 37 45
23 39 47
25 41 49
27 43 51
29 45 53
31 47 55
33 49 57
35 51 59
37 53 61
39 55 63
41 57 65
43 59 67
45 61 69
47 63 71
8 35 68
10 37 70
12 39 72
14 41 74
16 43 76
18 45 78
20 47 80
0 22 49
2 24 51
4 26 53
6 28 55
8 30 57
10 32 59
12 34 61
14 36 63
16 38 65
18 40 67
20 42 69
22 44 71
24 46 73
26 48 75
28 50 77
30 52 79
32 54 81
1 34 56
3 36 58
5 38 60
7 40 62
9 42 64
11 44 66
13 46 68
15 48 70
17 50 72
19 52 74
21 54 76
23 56 78
25 58 80
0 27 60
2 29 62
4 31 64
6 33 66
21 80 81
0 1 23
2 3 25
4 5 27
6 7 29
8 9 31
10 11 33
12 13 35
14 15 37
16 17 39
18 19 41
20 21 43
22 23 45
24 25 47
26 27 49
28 29 51
30 31 53
32 33 55
34 35 57
36 37 59
38 39 61
40 41 63
42 43 65
44 45 67
46 47 69
48 49 71
50 51 73
52 53 75
54 55 77
56 57 79
58 59 81
1 60 61
3 62 63
5 64 65
7 66 67
9 68 69
11 70 71
13 72 73
15 74 75
17 76 77
19 78 79
