7 14 17 21 23 24 43 51 56
9 16 19 23 25 26 45 53 58
11 18 21 25 27 28 47 55 60
13 20 23 27 29 30 49 57 62
15 22 25 29 31 32 51 59 64
17 24 27 31 33 34 53 61 66
19 26 29 33 35 36 55 63 68
21 28 31 35 37 38 57 65 70
23 30 33 37 39 40 59 67 72
25 32 35 39 41 42 61 69 74
27 34 37 41 43 44 63 71 76
29 36 39 43 45 46 65 73 78
31 38 41 45 47 48 67 75 80
0 33 40 43 47 49 50 69 77
2 35 42 45 49 51 52 71 79
4 37 44 47 51 53 54 73 81
1 6 39 46 49 53 55 56 75
3 8 41 48 51 55 57 58 77
5 10 43 50 53 57 59 60 79
7 12 45 52 55 59 61 62 81
1 9 14 47 54 57 61 63 64
3 11 16 49 56 59 63 65 66
5 13 18 51 58 61 65 67 68
7 15 20 53 60 63 67 69 70
9 17 22 55 62 65 69 71 72
11 19 24 57 64 67 71 73 74
13 21 26 59 66 69 73 75 76
15 23 28 61 68 71 75 77 78
17 25 30 63 70 73 77 79 80
0 19 27 32 65 72 75 79 81
1 2 21 29 34 67 74 77 81
1 3 4 23 31 36 69 76 79
3 5 6 25 33 38 71 78 81
1 5 7 8 27 35 40 73 80
0 3 7 9 10 29 37 42 75
2 5 9 11 12 31 39 44 77
4 7 11 13 14 33 41 46 79
6 9 13 15 16 35 43 48 81
1 8 11 15 17 18 37 45 50
3 10 13 17 19 20 39 47 52
5 12 15 19 21 22 41 49 54
5 7 29 35 47 56 62 72 76
7 9 31 37 49 58 64 74 78
9 11 33 39 51 60 66 76 80
0 11 13 35 41 53 62 68 78
2 13 15 37 43 55 64 70 80
0 4 15 17 39 45 57 66 72
2 6 17 19 41 47 59 68 74
4 8 19 21 43 49 61 70 76
6 10 21 23 45 51 63 72 78
8 12 23 25 47 53 65 74 80
0 10 14 25 27 49 55 67 76
2 12 16 27 29 51 57 69 78
4 14 18 29 31 53 59 71 80
0 6 16 20 31 33 55 61 73
2 8 18 22 33 35 57 63 75
4 10 20 24 35 37 59 65 77
6 12 22 26 37 39 61 67 79
8 14 24 28 39 41 63 69 81
1 10 16 26 30 41 43 65 71
3 12 18 28 32 43 45 67 73
5 14 20 30 34 45 47 69 75
7 16 22 32 36 47 49 71 77
9 18 24 34 38 49 51 73 79
11 20 26 36 40 51 53 75 81
1 13 22 28 38 42 53 55 77
3 15 24 30 40 44 55 57 79
5 17 26 32 42 46 57 59 81
1 7 19 28 34 44 48 59 61
3 9 21 30 36 46 50 61 63
5 11 23 32 38 48 52 63 65
7 13 25 34 40 50 54 65 67
9 15 27 36 42 52 56 67 69
11 17 29 38 44 54 58 69 71
13 19 31 40 46 56 60 71 73
15 21 33 42 48 58 62 73 75
17 23 35 44 50 60 64 75 77
19 25 37 46 52 62 66 77 79
21 27 39 48 54 64 68 79 81
1 23 29 41 50 56 66 70 81
1 3 25 31 43 52 58 68 72
3 5 27 33 45 54 60 70 74
16 17 20 28 29 58 74 76 79
18 19 22 30 31 60 76 78 81
1 20 21 24 32 33 62 78 80
0 3 22 23 26 34 35 64 80
0 2 5 24 25 28 36 37 66
2 4 7 26 27 30 38 39 68
4 6 9 28 29 32 40 41 70
6 8 11 30 31 34 42 43 72
8 10 13 32 33 36 44 45 74
10 12 15 34 35 38 46 47 76
12 14 17 36 37 40 48 49 78
14 16 19 38 39 42 50 51 80
0 16 18 21 40 41 44 52 53
2 18 20 23 42 43 46 54 55
4 20 22 25 44 45 48 56 57
6 22 24 27 46 47 50 58 59
8 24 26 29 48 49 52 60 61
10 26 28 31 50 51 54 62 63
12 28 30 33 52 53 56 64 65
14 30 32 35 54 55 58 66 67
16 32 34 37 56 57 60 68 69
18 34 36 39 58 59 62 70 71
20 36 38 41 60 61 64 72 73
22 38 40 43 62 63 66 74 75
24 40 42 45 64 65 68 76 77
26 42 44 47 66 67 70 78 79
28 44 46 49 68 69 72 80 81
0 1 30 46 48 51 70 71 74
2 3 32 48 50 53 72 73 76
4 5 34 50 52 55 74 75 78
6 7 36 52 54 57 76 77 80
0 8 9 38 54 56 59 78 79
2 10 11 40 56 58 61 80 81
0 1 4 12 13 42 58 60 63
2 3 6 14 15 44 60 62 65
4 5 8 16 17 46 62 64 67
6 7 10 18 19 48 64 66 69
8 9 12 20 21 50 66 68 71
10 11 14 22 23 52 68 70 73
12 13 16 24 25 54 70 72 75
14 15 18 26 27 56 72 74 77
