0 7 10 28 30 47 48 52 65 67
1 2 3 11 26 35 57 70 79 81
2 4 7 18 33 34 40 43 63 72
5 14 16 28 47 54 66 74 78 79
0 6 21 24 33 58 62 66 69 70
8 23 31 36 37 53 62 72 78 80
11 13 17 21 37 41 44 67 77 78
1 5 13 22 29 30 72 73 77 81
3 15 42 55 58 59 60 67 72 74
1 18 19 27 32 36 66 67 68 73
0 16 20 40 50 56 58 75 79 80
13 22 23 27 46 52 54 61 75 79
6 15 19 23 26 30 38 39 44 76
0 2 19 20 41 46 51 59 64 78
9 16 17 49 51 57 63 70 72 76
4 6 8 22 25 35 50 64 67 71
9 38 43 48 59 62 68 71 75 81
0 11 12 25 51 53 61 68 76 81
16 24 28 32 41 46 55 56 71 81
11 31 39 45 55 63 64 65 66 75
8 20 27 33 43 47 55 76 77 79
4 9 11 15 24 29 36 45 46 47
1 7 12 14 21 23 32 40 59 69
2 6 7 26 46 53 56 68 74 77
3 5 6 9 27 32 44 51 65 80
10 31 32 34 42 49 61 70 75 77
17 20 22 26 34 36 38 60 65 69
1 2 5 17 19 28 45 50 61 62
3 18 24 29 37 38 50 52 53 79
1 5 15 33 37 48 49 56 60 61
25 28 31 33 44 46 52 57 59 73
10 24 35 39 43 51 54 60 73 80
4 21 26 45 48 55 61 73 76 78
3 5 8 14 17 35 40 46 48 66
8 9 11 18 28 30 40 42 56 69
3 30 36 41 43 58 61 63 71 74
13 14 27 28 39 49 53 58 64 81
8 10 12 27 38 41 45 56 70 72
2 31 40 52 55 60 68 69 77 80
12 19 29 33 35 42 65 68 75 78
3 19 21 47 53 54 57 63 69 75
0 26 27 29 31 37 40 51 71 74
1 4 16 39 41 42 51 52 62 81
5 18 20 21 23 25 36 39 70 71
8 10 15 21 22 28 51 63 68 79
25 30 34 37 45 47 59 66 80 81
0 1 9 15 24 34 54 64 72 77
6 9 24 38 39 40 57 61 67 78
4 7 17 18 23 24 33 74 75 81
6 9 11 20 23 32 48 52 58 63
0 6 12 13 18 36 45 49 59 79
0 14 19 38 43 52 60 66 71 77
16 18 35 46 58 59 62 65 76 77
4 5 9 10 13 31 41 53 66 69
7 20 27 35 42 44 61 66 72 76
2 14 22 24 25 37 41 73 75 76
2 8 10 12 16 23 26 31 47 58
0 3 23 29 42 56 57 62 64 73
4 19 28 29 38 54 59 67 70 80
6 10 23 29 34 41 43 50 55 68
1 4 10 20 44 50 53 65 70 71
7 25 30 32 47 60 62 64 70 79
8 21 34 35 38 45 49 52 73 74
15 17 25 27 32 43 50 69 78 81
14 20 24 30 31 32 45 54 67 68
15 34 40 41 48 53 65 70 73 79
46 47 49 50 67 69 71 72 73 80
0 5 8 44 46 60 63 67 75 81
9 12 19 22 31 44 48 74 79 80
3 10 25 28 33 36 40 45 76 77
13 22 40 43 44 54 55 56 62 70
6 14 16 37 42 61 65 69 72 79
5 7 11 19 37 49 54 55 58 71
4 15 23 49 51 56 66 67 77 79
8 22 29 32 39 47 56 59 61 66
1 12 24 25 38 42 46 48 55 63
14 15 29 30 35 36 51 53 55 75
9 10 14 18 22 30 50 55 57 74
9 16 19 25 26 52 56 68 72 75
21 31 36 42 50 54 56 65 76 81
3 7 12 22 30 34 49 56 71 78
10 11 14 26 27 56 59 62 63 80
1 6 17 18 28 31 35 43 47 75
4 16 21 27 29 30 43 46 48 60
2 20 25 29 49 54 62 65 66 74
11 16 22 26 33 42 43 45 53 67
0 2 32 35 39 48 53 69 72 74
1 7 8 36 41 48 54 57 77 80
2 8 13 16 19 24 27 34 36 44
0 4 17 22 27 34 36 55 57 58
7 9 12 37 39 50 63 66 73 77
12 15 16 18 21 57 61 64 71 80
6 10 13 19 20 40 46 64 74 81
11 21 23 28 34 50 51 60 72 74
2 5 12 15 34 52 62 67 69 76
7 17 29 44 45 51 58 64 69 73
2 17 30 33 39 42 68 71 79 80
4 12 20 26 28 32 37 43 57 66
6 12 17 30 50 53 54 59 60 73
13 14 18 26 33 41 48 50 51 54
13 23 35 45 57 60 63 65 71 76
1 29 31 52 58 63 70 74 76 78
10 17 35 36 37 48 52 56 64 78
3 7 11 13 15 16 20 31 38 73
9 18 35 40 41 44 47 49 60 78
5 8 24 26 43 49 59 64 65 68
5 13 25 38 42 47 51 57 58 68
3 4 14 34 37 39 44 46 68 70
2 9 13 21 32 33 38 64 76 80
