5 31 32 47 53 64 77
6 32 33 48 54 65 78
7 33 34 49 55 66 79
8 34 35 50 56 67 80
9 35 36 51 57 68 81
0 10 36 37 52 58 69
1 11 37 38 53 59 70
2 12 38 39 54 60 71
3 13 39 40 55 61 72
4 14 40 41 56 62 73
5 15 41 42 57 63 74
6 16 42 43 58 64 75
7 17 43 44 59 65 76
8 18 44 45 60 66 77
9 19 45 46 61 67 78
10 20 46 47 62 68 79
11 21 47 48 63 69 80
12 22 48 49 64 70 81
0 13 23 49 50 65 71
1 14 24 50 51 66 72
2 15 25 51 52 67 73
3 16 26 52 53 68 74
4 17 27 53 54 69 75
5 18 28 54 55 70 76
6 19 29 55 56 71 77
7 20 30 56 57 72 78
8 21 31 57 58 73 79
9 22 32 58 59 74 80
10 23 33 59 60 75 81
0 11 24 34 60 61 76
1 12 25 35 61 62 77
2 13 26 36 62 63 78
3 14 27 37 63 64 79
4 15 28 38 64 65 80
5 16 29 39 65 66 81
0 6 17 30 40 66 67
1 7 18 31 41 67 68
2 8 19 32 42 68 69
3 9 20 33 43 69 70
4 10 21 34 44 70 71
5 11 22 35 45 71 72
6 12 23 36 46 72 73
7 13 24 37 47 73 74
8 14 25 38 48 74 75
9 15 26 39 49 75 76
10 16 27 40 50 76 77
11 17 28 41 51 77 78
12 18 29 42 52 78 79
13 19 30 43 53 79 80
14 20 31 44 54 80 81
0 15 21 32 45 55 81
0 1 16 22 33 46 56
1 2 17 23 34 47 57
2 3 18 24 35 48 58
3 4 19 25 36 49 59
4 5 20 26 37 50 60
5 6 21 27 38 51 61
6 7 22 28 39 52 62
7 8 23 29 40 53 63
8 9 24 30 41 54 64
9 10 25 31 42 55 65
10 11 26 32 43 56 66
11 12 27 33 44 57 67
12 13 28 34 45 58 68
13 14 29 35 46 59 69
14 15 30 36 47 60 70
15 16 31 37 48 61 71
16 17 32 38 49 62 72
17 18 33 39 50 63 73
18 19 34 40 51 64 74
19 20 35 41 52 65 75
20 21 36 42 53 66 76
21 22 37 43 54 67 77
22 23 38 44 55 68 78
23 24 39 45 56 69 79
24 25 40 46 57 70 80
25 26 41 47 58 71 81
0 26 27 42 48 59 72
1 27 28 43 49 60 73
2 28 29 44 50 61 74
3 29 30 45 51 62 75
4 30 31 46 52 63 76
14 34 39 42 46 48 77
15 35 40 43 47 49 78
16 36 41 44 48 50 79
17 37 42 45 49 51 80
18 38 43 46 50 52 81
0 19 39 44 47 51 53
1 20 40 45 48 52 54
2 21 41 46 49 53 55
3 22 42 47 50 54 56
4 23 43 48 51 55 57
5 24 44 49 52 56 58
6 25 45 50 53 57 59
7 26 46 51 54 58 60
8 27 47 52 55 59 61
9 28 48 53 56 60 62
10 29 49 54 57 61 63
11 30 50 55 58 62 64
12 31 51 56 59 63 65
13 32 52 57 60 64 66
14 33 53 58 61 65 67
15 34 54 59 62 66 68
16 35 55 60 63 67 69
17 36 56 61 64 68 70
18 37 57 62 65 69 71
19 38 58 63 66 70 72
20 39 59 64 67 71 73
21 40 60 65 68 72 74
22 41 61 66 69 73 75
23 42 62 67 70 74 76
24 43 63 68 71 75 77
25 44 64 69 72 76 78
26 45 65 70 73 77 79
27 46 66 71 74 78 80
28 47 67 72 75 79 81
0 29 48 68 73 76 80
1 30 49 69 74 77 81
0 2 31 50 70 75 78
1 3 32 51 71 76 79
2 4 33 52 72 77 80
3 5 34 53 73 78 81
0 4 6 35 54 74 79
1 5 7 36 55 75 80
2 6 8 37 56 76 81
0 3 7 9 38 57 77
1 4 8 10 39 58 78
2 5 9 11 40 59 79
3 6 10 12 41 60 80
4 7 11 13 42 61 81
0 5 8 12 14 43 62
1 6 9 13 15 44 63
2 7 10 14 16 45 64
3 8 11 15 17 46 65
4 9 12 16 18 47 66
5 10 13 17 19 48 67
6 11 14 18 20 49 68
7 12 15 19 21 50 69
8 13 16 20 22 51 70
9 14 17 21 23 52 71
10 15 18 22 24 53 72
11 16 19 23 25 54 73
12 17 20 24 26 55 74
13 18 21 25 27 56 75
14 19 22 26 28 57 76
15 20 23 27 29 58 77
16 21 24 28 30 59 78
17 22 25 29 31 60 79
18 23 26 30 32 61 80
19 24 27 31 33 62 81
0 20 25 28 32 34 63
1 21 26 29 33 35 64
2 22 27 30 34 36 65
3 23 28 31 35 37 66
4 24 29 32 36 38 67
5 25 30 33 37 39 68
6 26 31 34 38 40 69
7 27 32 35 39 41 70
8 28 33 36 40 42 71
9 29 34 37 41 43 72
10 30 35 38 42 44 73
11 31 36 39 43 45 74
12 32 37 40 44 46 75
13 33 38 41 45 47 76
5 10 28 46 51 65 69
11 29 34 52 70 75 82
2 5 6 24 42 44 62
12 16 34 53 58 76 82
7 25 48 66 69 71 82
17 22 40 58 63 81 82
4 22 35 37 53 55 82
14 18 22 41 57 59 77
4 9 27 45 50 68 82
6 24 29 47 65 70 82
0 18 36 47 54 72 82
14 32 50 55 73 78 82
3 21 38 39 56 67 81
10 15 33 51 56 74 82
1 2 12 41 65 66 67
3 8 26 44 49 67 82
15 30 50 53 60 71 79
13 26 54 55 57 73 75
1 19 37 42 60 78 82
16 21 39 57 62 80 82
9 12 30 31 48 72 73
0 5 23 41 46 64 82
13 28 31 36 49 77 82
8 25 43 61 63 72 80
2 20 38 43 61 79 82
17 30 33 35 47 71 76
30 32 45 56 59 63 82
