0 7 9 10 54 56 57 74 77
0 1 4 6 12 28 51 55 66
2 4 14 19 25 47 61 63 75
3 10 12 19 27 34 44 47 53
0 4 5 13 18 40 41 54 73
9 28 30 46 61 63 73 78 81
0 11 13 23 25 34 67 72 78
15 20 24 33 34 37 42 45 51
15 16 41 43 46 53 55 61 72
17 25 26 27 43 52 59 74 76
2 6 8 18 26 45 48 65 76
4 22 29 34 35 55 58 67 81
4 17 24 32 48 55 56 79 82
38 41 45 47 52 64 69 70 73
1 24 35 39 47 59 62 65 78
1 5 11 16 36 56 75 76 81
3 9 40 48 49 58 60 64 75
13 22 33 45 55 62 68 71 76
6 11 14 21 29 32 40 43 62
14 19 23 26 39 50 51 69 81
18 20 21 28 32 36 47 71 77
1 21 30 33 39 51 58 70 74
8 23 42 56 62 63 66 74 76
4 14 51 53 57 67 70 76 78
5 6 19 34 46 52 58 62 77
4 9 16 20 44 59 65 66 79
10 25 26 35 40 45 46 57 82
3 14 31 52 54 65 68 72 79
5 7 8 17 21 39 41 44 60
5 12 23 29 61 65 71 74 82
16 18 31 34 57 63 64 74 82
0 15 19 32 35 44 64 76 80
4 8 13 15 36 58 59 69 77
3 4 7 16 23 28 37 43 47
21 36 37 38 48 50 53 74 78
1 2 13 27 41 42 57 71 79
1 10 13 30 32 37 52 60 61
10 11 41 48 51 63 68 77 80
17 22 23 24 27 36 46 49 54
2 4 10 20 21 62 64 72 81
3 11 15 18 38 39 66 81 82
18 22 28 29 56 57 60 69 72
12 16 25 33 48 54 60 62 67
7 20 27 32 51 65 67 73 75
24 31 38 40 44 56 58 61 67
0 10 18 33 38 43 58 75 79
2 17 35 37 66 70 72 75 77
16 17 19 29 32 40 42 68 78
1 14 17 26 34 38 71 73 80
1 4 18 25 44 45 49 68 74
2 32 45 53 54 58 63 66 78
21 23 30 45 55 57 59 75 80
0 3 26 36 37 44 55 63 70
4 27 32 33 36 38 39 72 80
2 30 31 35 43 47 51 56 64
2 11 19 24 31 55 60 73 74
5 9 25 31 32 42 53 69 70
1 8 19 20 22 43 54 73 82
1 2 7 9 15 29 50 52 67
7 11 22 26 33 42 59 61 64
13 14 20 32 46 48 66 69 74
2 3 13 19 21 33 46 56 65
6 15 20 22 31 74 75 78 79
12 14 43 45 60 65 77 79 81
7 30 33 34 36 40 53 65 66
10 19 22 31 37 39 49 66 71
0 12 16 17 21 24 27 28 58
3 20 24 25 29 30 41 68 71
5 15 26 30 47 48 57 68 72
0 8 24 33 52 53 57 71 81
0 2 7 12 38 39 50 59 68
8 12 29 37 46 47 64 79 80
12 15 18 23 35 36 42 52 73
6 16 49 53 56 59 60 68 73
9 21 34 35 61 68 69 76 79
12 13 26 28 29 35 39 53 75
0 2 9 14 36 37 41 62 82
11 25 37 44 57 58 65 73 80
4 26 42 43 49 54 56 78 80
7 28 31 48 61 62 70 80 81
22 32 37 40 41 47 59 76 81
7 13 49 51 58 72 76 79 82
1 3 16 39 46 69 76 77 78
4 5 9 11 19 27 28 30 45
6 9 17 22 38 51 55 60 65
3 5 10 14 28 42 49 59 67
3 6 17 31 36 39 45 57 61
2 15 27 34 40 54 60 63 70
8 10 11 16 35 39 54 70 71
20 23 39 40 52 53 55 77 82
19 36 41 43 57 66 67 68 82
12 21 22 25 39 63 67 73 79
11 17 18 30 50 53 62 67 79
5 14 20 29 33 35 38 49 63
9 12 13 17 31 33 47 73 81
0 4 31 42 45 46 50 60 75
3 8 32 38 50 51 57 62 73
9 23 26 32 41 46 58 67 71
6 21 42 47 54 55 69 75 82
6 13 24 46 50 59 63 70 82
8 25 27 50 55 61 64 66 77
4 7 44 52 62 63 71 75 78
7 8 12 14 18 30 49 55 78
8 40 45 47 50 67 72 74 80
2 5 16 22 50 51 52 66 80
15 23 28 29 31 38 52 60 76
18 19 29 37 51 54 59 61 70
5 7 16 24 26 37 45 69 79
1 15 21 26 31 49 62 67 77
3 6 7 22 35 37 53 74 80
28 34 41 42 54 64 65 74 81
0 11 20 47 49 52 61 65 70
7 12 19 25 38 46 54 55 72
10 15 17 43 50 63 65 69 71
6 25 28 36 40 51 64 71 79
14 15 25 27 37 56 58 68 81
21 34 48 52 56 59 66 71 72
8 9 13 24 34 39 43 75 80
20 26 35 42 47 50 58 60 66
6 29 39 42 43 44 48 72 73
11 12 20 40 49 57 69 76 80
0 6 10 27 29 30 41 62 69
12 32 34 41 49 50 56 70 75
10 24 29 36 45 66 73 76 77
13 14 16 22 30 38 42 44 77
1 9 14 18 24 53 63 64 72
28 30 33 44 50 54 76 77 82
2 6 23 33 44 49 67 69 81
8 27 31 33 35 41 48 59 78
18 27 36 46 60 71 78 80 82
0 1 19 22 23 40 48 70 79
13 17 20 37 39 45 56 64 67
5 10 23 43 55 64 68 70 78
2 8 11 28 44 46 51 68 75
