26 35 39
28 37 41
30 39 43
32 41 45
34 43 47
36 45 49
38 47 51
40 49 53
42 51 55
44 53 57
46 55 59
48 57 61
50 59 63
52 61 65
54 63 67
56 65 69
58 67 71
60 69 73
62 71 75
64 73 77
66 75 79
68 77 81
1 70 79
3 72 81
1 5 74
3 7 76
5 9 78
7 11 80
0 9 13
2 11 15
4 13 17
6 15 19
8 17 21
10 19 23
12 21 25
14 23 27
16 25 29
18 27 31
20 29 33
22 31 35
24 33 37
4 8 32
6 10 34
8 12 36
10 14 38
12 16 40
14 18 42
16 20 44
18 22 46
20 24 48
22 26 50
24 28 52
26 30 54
28 32 56
30 34 58
32 36 60
34 38 62
36 40 64
38 42 66
40 44 68
42 46 70
44 48 72
46 50 74
48 52 76
50 54 78
52 56 80
0 54 58
2 56 60
4 58 62
6 60 64
8 62 66
10 64 68
12 66 70
14 68 72
16 70 74
18 72 76
20 74 78
22 76 80
0 24 78
2 26 80
0 4 28
2 6 30
36 53 80
0 38 55
2 40 57
4 42 59
6 44 61
8 46 63
10 48 65
12 50 67
14 52 69
16 54 71
18 56 73
20 58 75
22 60 77
24 62 79
26 64 81
1 28 66
3 30 68
5 32 70
7 34 72
9 36 74
11 38 76
13 40 78
15 42 80
0 17 44
2 19 46
4 21 48
6 23 50
8 25 52
10 27 54
12 29 56
14 31 58
16 33 60
18 35 62
20 37 64
22 39 66
24 41 68
26 43 70
28 45 72
30 47 74
32 49 76
34 51 78
29 53 67
31 55 69
33 57 71
35 59 73
37 61 75
39 63 77
41 65 79
43 67 81
1 45 69
3 47 71
5 49 73
7 51 75
9 53 77
11 55 79
13 57 81
1 15 59
3 17 61
5 19 63
7 21 65
9 23 67
11 25 69
13 27 71
15 29 73
17 31 75
19 33 77
21 35 79
23 37 81
1 25 39
3 27 41
5 29 43
7 31 45
9 33 47
11 35 49
13 37 51
15 39 53
17 41 55
19 43 57
21 45 59
23 47 61
25 49 63
27 51 65
5 7 15
7 9 17
9 11 19
11 13 21
13 15 23
15 17 25
17 19 27
19 21 29
21 23 31
23 25 33
25 27 35
27 29 37
29 31 39
31 33 41
33 35 43
35 37 45
37 39 47
39 41 49
41 43 51
43 45 53
45 47 55
47 49 57
49 51 59
51 53 61
53 55 63
55 57 65
57 59 67
59 61 69
61 63 71
63 65 73
65 67 75
67 69 77
69 71 79
71 73 81
1 73 75
3 75 77
5 77 79
7 79 81
1 9 81
1 3 11
3 5 13
13 32 43
15 34 45
17 36 47
19 38 49
21 40 51
23 42 53
25 44 55
27 46 57
29 48 59
31 50 61
33 52 63
35 54 65
37 56 67
39 58 69
41 60 71
43 62 73
45 64 75
47 66 77
49 68 79
51 70 81
1 53 72
3 55 74
5 57 76
7 59 78
9 61 80
0 11 63
2 13 65
4 15 67
6 17 69
8 19 71
10 21 73
12 23 75
14 25 77
16 27 79
18 29 81
1 20 31
3 22 33
5 24 35
7 26 37
9 28 39
11 30 41
6 75 81
1 8 77
3 10 79
5 12 81
1 7 14
3 9 16
5 11 18
7 13 20
9 15 22
11 17 24
13 19 26
15 21 28
17 23 30
19 25 32
21 27 34
23 29 36
25 31 38
27 33 40
29 35 42
31 37 44
33 39 46
35 41 48
37 43 50
39 45 52
41 47 54
43 49 56
45 51 58
47 53 60
49 55 62
51 57 64
53 59 66
55 61 68
57 63 70
59 65 72
61 67 74
63 69 76
65 71 78
67 73 80
0 69 75
2 71 77
4 73 79
21 49 78
23 51 80
0 25 53
2 27 55
4 29 57
6 31 59
8 33 61
10 35 63
12 37 65
14 39 67
16 41 69
18 43 71
20 45 73
22 47 75
24 49 77
26 51 79
28 53 81
1 30 55
3 32 57
5 34 59
7 36 61
9 38 63
11 40 65
13 42 67
15 44 69
17 46 71
19 48 73
21 50 75
23 52 77
25 54 79
27 56 81
1 29 58
3 31 60
5 33 62
7 35 64
9 37 66
11 39 68
13 41 70
15 43 72
17 45 74
19 47 76
37 63 74
39 65 76
41 67 78
43 69 80
0 45 71
2 47 73
4 49 75
6 51 77
8 53 79
10 55 81
1 12 57
3 14 59
5 16 61
7 18 63
9 20 65
11 22 67
13 24 69
15 26 71
17 28 73
19 30 75
21 32 77
23 34 79
25 36 81
1 27 38
3 29 40
5 31 42
7 33 44
9 35 46
11 37 48
13 39 50
15 41 52
17 43 54
19 45 56
21 47 58
23 49 60
25 51 62
27 53 64
29 55 66
31 57 68
33 59 70
35 61 72
9 59 79
11 61 81
1 13 63
3 15 65
5 17 67
7 19 69
9 21 71
11 23 73
13 25 75
15 27 77
17 29 79
19 31 81
1 21 33
3 23 35
5 25 37
7 27 39
9 29 41
11 31 43
13 33 45
15 35 47
17 37 49
19 39 51
21 41 53
23 43 55
25 45 57
27 47 59
29 49 61
31 51 63
33 53 65
35 55 67
37 57 69
39 59 71
41 61 73
43 63 75
45 65 77
47 67 79
49 69 81
1 51 71
3 53 73
5 55 75
7 57 77
26 48 60
28 50 62
30 52 64
32 54 66
34 56 68
36 58 70
38 60 72
40 62 74
42 64 76
44 66 78
46 68 80
0 48 70
2 50 72
4 52 74
6 54 76
8 56 78
10 58 80
0 12 60
2 14 62
4 16 64
6 18 66
8 20 68
10 22 70
12 24 72
14 26 74
16 28 76
18 30 78
20 32 80
0 22 34
2 24 36
4 26 38
6 28 40
8 30 42
10 32 44
12 34 46
14 36 48
16 38 50
18 40 52
20 42 54
22 44 56
24 46 58
3 45 78
5 47 80
0 7 49
2 9 51
4 11 53
6 13 55
8 15 57
10 17 59
12 19 61
14 21 63
16 23 65
18 25 67
20 27 69
22 29 71
24 31 73
26 33 75
28 35 77
30 37 79
32 39 81
1 34 41
3 36 43
5 38 45
7 40 47
9 42 49
11 44 51
13 46 53
15 48 55
17 50 57
19 52 59
21 54 61
23 56 63
25 58 65
27 60 67
29 62 69
31 64 71
33 66 73
35 68 75
37 70 77
39 72 79
41 74 81
1 43 76
24 26 56
26 28 58
28 30 60
30 32 62
32 34 64
34 36 66
36 38 68
38 40 70
40 42 72
42 44 74
44 46 76
46 48 78
48 50 80
0 50 52
2 52 54
4 54 56
6 56 58
8 58 60
10 60 62
12 62 64
14 64 66
16 66 68
18 68 70
20 70 72
22 72 74
24 74 76
26 76 78
28 78 80
0 30 80
0 2 32
2 4 34
4 6 36
6 8 38
8 10 40
10 12 42
12 14 44
14 16 46
16 18 48
18 20 50
20 22 52
22 24 54
6 20 46
8 22 48
10 24 50
12 26 52
14 28 54
16 30 56
18 32 58
20 34 60
22 36 62
24 38 64
26 40 66
28 42 68
30 44 70
32 46 72
34 48 74
36 50 76
38 52 78
40 54 80
0 42 56
2 44 58
4 46 60
6 48 62
8 50 64
10 52 66
12 54 68
14 56 70
16 58 72
18 60 74
20 62 76
22 64 78
24 66 80
0 26 68
2 28 70
4 30 72
6 32 74
8 34 76
10 36 78
12 38 80
0 14 40
2 16 42
4 18 44
62 63 78
64 65 80
0 66 67
2 68 69
4 70 71
6 72 73
8 74 75
10 76 77
12 78 79
14 80 81
0 1 16
2 3 18
4 5 20
6 7 22
8 9 24
10 11 26
12 13 28
14 15 30
16 17 32
18 19 34
20 21 36
22 23 38
24 25 40
26 27 42
28 29 44
30 31 46
32 33 48
34 35 50
36 37 52
38 39 54
40 41 56
42 43 58
44 45 60
46 47 62
48 49 64
50 51 66
52 53 68
54 55 70
56 57 72
58 59 74
60 61 76
15 20 51
17 22 53
19 24 55
21 26 57
23 28 59
25 30 61
27 32 63
29 34 65
31 36 67
33 38 69
35 40 71
37 42 73
39 44 75
41 46 77
43 48 79
45 50 81
1 47 52
3 49 54
5 51 56
7 53 58
9 55 60
11 57 62
13 59 64
15 61 66
17 63 68
19 65 70
21 67 72
23 69 74
25 71 76
27 73 78
29 75 80
0 31 77
2 33 79
4 35 81
1 6 37
3 8 39
5 10 41
7 12 43
9 14 45
11 16 47
13 18 49
9 26 32
11 28 34
13 30 36
15 32 38
17 34 40
19 36 42
21 38 44
23 40 46
25 42 48
27 44 50
29 46 52
31 48 54
33 50 56
35 52 58
37 54 60
39 56 62
41 58 64
43 60 66
45 62 68
47 64 70
49 66 72
51 68 74
53 70 76
55 72 78
57 74 80
0 59 76
2 61 78
4 63 80
0 6 65
2 8 67
4 10 69
6 12 71
8 14 73
10 16 75
12 18 77
14 20 79
16 22 81
1 18 24
3 20 26
5 22 28
7 24 30
49 50 58
51 52 60
53 54 62
55 56 64
57 58 66
59 60 68
61 62 70
63 64 72
65 66 74
67 68 76
69 70 78
71 72 80
0 73 74
2 75 76
4 77 78
6 79 80
0 8 81
1 2 10
3 4 12
5 6 14
7 8 16
9 10 18
11 12 20
13 14 22
15 16 24
17 18 26
19 20 28
21 22 30
23 24 32
25 26 34
27 28 36
29 30 38
31 32 40
33 34 42
35 36 44
37 38 46
39 40 48
41 42 50
43 44 52
45 46 54
47 48 56
18 38 79
20 40 81
1 22 42
3 24 44
5 26 46
7 28 48
9 30 50
11 32 52
13 34 54
15 36 56
17 38 58
19 40 60
21 42 62
23 44 64
25 46 66
27 48 68
29 50 70
31 52 72
33 54 74
35 56 76
37 58 78
39 60 80
0 41 62
2 43 64
4 45 66
6 47 68
8 49 70
10 51 72
12 53 74
14 55 76
16 57 78
18 59 80
0 20 61
2 22 63
4 24 65
6 26 67
8 28 69
10 30 71
12 32 73
14 34 75
16 36 77
40 75 77
42 77 79
44 79 81
1 46 81
1 3 48
3 5 50
5 7 52
7 9 54
9 11 56
11 13 58
13 15 60
15 17 62
17 19 64
19 21 66
21 23 68
23 25 70
25 27 72
27 29 74
29 31 76
31 33 78
33 35 80
0 35 37
2 37 39
4 39 41
6 41 43
8 43 45
10 45 47
12 47 49
14 49 51
16 51 53
18 53 55
20 55 57
22 57 59
24 59 61
26 61 63
28 63 65
30 65 67
32 67 69
34 69 71
36 71 73
38 73 75
16 37 62
18 39 64
20 41 66
22 43 68
24 45 70
26 47 72
28 49 74
30 51 76
32 53 78
34 55 80
0 36 57
2 38 59
4 40 61
6 42 63
8 44 65
10 46 67
12 48 69
14 50 71
16 52 73
18 54 75
20 56 77
22 58 79
24 60 81
1 26 62
3 28 64
5 30 66
7 32 68
9 34 70
11 36 72
13 38 74
15 40 76
17 42 78
19 44 80
0 21 46
2 23 48
4 25 50
6 27 52
8 29 54
10 31 56
12 33 58
14 35 60
1 49 80
0 3 51
2 5 53
4 7 55
6 9 57
8 11 59
10 13 61
12 15 63
14 17 65
16 19 67
18 21 69
20 23 71
22 25 73
24 27 75
26 29 77
28 31 79
30 33 81
1 32 35
3 34 37
5 36 39
7 38 41
9 40 43
11 42 45
13 44 47
15 46 49
17 48 51
19 50 53
21 52 55
23 54 57
25 56 59
27 58 61
29 60 63
31 62 65
33 64 67
35 66 69
37 68 71
39 70 73
41 72 75
43 74 77
45 76 79
47 78 81
2 31 74
4 33 76
6 35 78
8 37 80
0 10 39
2 12 41
4 14 43
6 16 45
8 18 47
10 20 49
12 22 51
14 24 53
16 26 55
18 28 57
20 30 59
22 32 61
24 34 63
26 36 65
28 38 67
30 40 69
32 42 71
34 44 73
36 46 75
38 48 77
40 50 79
42 52 81
1 44 54
3 46 56
5 48 58
7 50 60
9 52 62
11 54 64
13 56 66
15 58 68
17 60 70
19 62 72
21 64 74
23 66 76
25 68 78
27 70 80
0 29 72
41 44 63
43 46 65
45 48 67
47 50 69
49 52 71
51 54 73
53 56 75
55 58 77
57 60 79
59 62 81
1 61 64
3 63 66
5 65 68
7 67 70
9 69 72
11 71 74
13 73 76
15 75 78
17 77 80
0 19 79
2 21 81
1 4 23
3 6 25
5 8 27
7 10 29
9 12 31
11 14 33
13 16 35
15 18 37
17 20 39
19 22 41
21 24 43
23 26 45
25 28 47
27 30 49
29 32 51
31 34 53
33 36 55
35 38 57
37 40 59
39 42 61
28 55 71
30 57 73
32 59 75
34 61 77
36 63 79
38 65 81
1 40 67
3 42 69
5 44 71
7 46 73
9 48 75
11 50 77
13 52 79
15 54 81
1 17 56
3 19 58
5 21 60
7 23 62
9 25 64
11 27 66
13 29 68
15 31 70
17 33 72
19 35 74
21 37 76
23 39 78
25 41 80
0 27 43
2 29 45
4 31 47
6 33 49
8 35 51
10 37 53
12 39 55
14 41 57
16 43 59
18 45 61
20 47 63
22 49 65
24 51 67
26 53 69
45 80 82
0 47 82
2 49 82
4 51 82
6 53 82
8 55 82
10 57 82
12 59 82
14 61 82
16 63 82
18 65 82
20 67 82
22 69 82
24 71 82
26 73 82
28 75 82
30 77 82
32 79 82
34 81 82
1 36 82
3 38 82
5 40 82
7 42 82
9 44 82
11 46 82
13 48 82
15 50 82
17 52 82
19 54 82
21 56 82
23 58 82
25 60 82
27 62 82
29 64 82
31 66 82
33 68 82
35 70 82
37 72 82
39 74 82
41 76 82
43 78 82
4 9 27
6 11 29
8 13 31
10 15 33
12 17 35
14 19 37
16 21 39
18 23 41
20 25 43
22 27 45
24 29 47
26 31 49
28 33 51
30 35 53
32 37 55
34 39 57
36 41 59
38 43 61
40 45 63
42 47 65
44 49 67
46 51 69
48 53 71
50 55 73
52 57 75
54 59 77
56 61 79
58 63 81
1 60 65
3 62 67
5 64 69
7 66 71
9 68 73
11 70 75
13 72 77
15 74 79
17 76 81
1 19 78
3 21 80
0 5 23
2 7 25
16 31 80
0 18 33
2 20 35
4 22 37
6 24 39
8 26 41
10 28 43
12 30 45
14 32 47
16 34 49
18 36 51
20 38 53
22 40 55
24 42 57
26 44 59
28 46 61
30 48 63
32 50 65
34 52 67
36 54 69
38 56 71
40 58 73
42 60 75
44 62 77
46 64 79
48 66 81
1 50 68
3 52 70
5 54 72
7 56 74
9 58 76
11 60 78
13 62 80
0 15 64
2 17 66
4 19 68
6 21 70
8 23 72
10 25 74
12 27 76
14 29 78
