0 16 44 80
1 17 45 81
2 18 46 82
0 3 19 47
1 4 20 48
2 5 21 49
3 6 22 50
4 7 23 51
5 8 24 52
6 9 25 53
7 10 26 54
8 11 27 55
9 12 28 56
10 13 29 57
11 14 30 58
12 15 31 59
13 16 32 60
14 17 33 61
15 18 34 62
16 19 35 63
17 20 36 64
18 21 37 65
19 22 38 66
20 23 39 67
21 24 40 68
22 25 41 69
23 26 42 70
24 27 43 71
25 28 44 72
26 29 45 73
27 30 46 74
28 31 47 75
29 32 48 76
30 33 49 77
31 34 50 78
32 35 51 79
33 36 52 80
34 37 53 81
35 38 54 82
0 36 39 55
1 37 40 56
2 38 41 57
3 39 42 58
4 40 43 59
5 41 44 60
6 42 45 61
7 43 46 62
8 44 47 63
9 45 48 64
10 46 49 65
11 47 50 66
12 48 51 67
13 49 52 68
14 50 53 69
15 51 54 70
16 52 55 71
17 53 56 72
18 54 57 73
19 55 58 74
20 56 59 75
21 57 60 76
22 58 61 77
23 59 62 78
24 60 63 79
25 61 64 80
26 62 65 81
27 63 66 82
0 28 64 67
1 29 65 68
2 30 66 69
3 31 67 70
4 32 68 71
5 33 69 72
6 34 70 73
7 35 71 74
8 36 72 75
9 37 73 76
10 38 74 77
11 39 75 78
12 40 76 79
13 41 77 80
14 42 78 81
15 43 79 82
2 12 45 47
3 13 46 48
4 14 47 49
5 15 48 50
6 16 49 51
7 17 50 52
8 18 51 53
9 19 52 54
10 20 53 55
11 21 54 56
12 22 55 57
13 23 56 58
14 24 57 59
15 25 58 60
16 26 59 61
17 27 60 62
18 28 61 63
19 29 62 64
20 30 63 65
21 31 64 66
22 32 65 67
23 33 66 68
24 34 67 69
25 35 68 70
26 36 69 71
27 37 70 72
28 38 71 73
29 39 72 74
30 40 73 75
31 41 74 76
32 42 75 77
33 43 76 78
34 44 77 79
35 45 78 80
36 46 79 81
37 47 80 82
0 38 48 81
1 39 49 82
0 2 40 50
1 3 41 51
2 4 42 52
3 5 43 53
4 6 44 54
5 7 45 55
6 8 46 56
7 9 47 57
8 10 48 58
9 11 49 59
10 12 50 60
11 13 51 61
12 14 52 62
13 15 53 63
14 16 54 64
15 17 55 65
16 18 56 66
17 19 57 67
18 20 58 68
19 21 59 69
20 22 60 70
21 23 61 71
22 24 62 72
23 25 63 73
24 26 64 74
25 27 65 75
26 28 66 76
27 29 67 77
28 30 68 78
29 31 69 79
30 32 70 80
31 33 71 81
32 34 72 82
0 33 35 73
1 34 36 74
2 35 37 75
3 36 38 76
4 37 39 77
5 38 40 78
6 39 41 79
7 40 42 80
8 41 43 81
9 42 44 82
0 10 43 45
1 11 44 46
3 28 49 60
4 29 50 61
5 30 51 62
6 31 52 63
7 32 53 64
8 33 54 65
9 34 55 66
10 35 56 67
11 36 57 68
12 37 58 69
13 38 59 70
14 39 60 71
15 40 61 72
16 41 62 73
17 42 63 74
18 43 64 75
19 44 65 76
20 45 66 77
21 46 67 78
22 47 68 79
23 48 69 80
24 49 70 81
25 50 71 82
0 26 51 72
1 27 52 73
2 28 53 74
3 29 54 75
4 30 55 76
5 31 56 77
6 32 57 78
7 33 58 79
8 34 59 80
9 35 60 81
10 36 61 82
0 11 37 62
1 12 38 63
2 13 39 64
3 14 40 65
4 15 41 66
5 16 42 67
6 17 43 68
7 18 44 69
8 19 45 70
9 20 46 71
10 21 47 72
11 22 48 73
12 23 49 74
13 24 50 75
14 25 51 76
15 26 52 77
16 27 53 78
17 28 54 79
18 29 55 80
19 30 56 81
20 31 57 82
0 21 32 58
1 22 33 59
2 23 34 60
3 24 35 61
4 25 36 62
5 26 37 63
6 27 38 64
7 28 39 65
8 29 40 66
9 30 41 67
10 31 42 68
11 32 43 69
12 33 44 70
13 34 45 71
14 35 46 72
15 36 47 73
16 37 48 74
17 38 49 75
18 39 50 76
19 40 51 77
20 41 52 78
21 42 53 79
22 43 54 80
23 44 55 81
24 45 56 82
0 25 46 57
1 26 47 58
2 27 48 59
64 65 72 77
65 66 73 78
66 67 74 79
67 68 75 80
68 69 76 81
69 70 77 82
0 70 71 78
1 71 72 79
2 72 73 80
3 73 74 81
4 74 75 82
0 5 75 76
1 6 76 77
2 7 77 78
3 8 78 79
4 9 79 80
5 10 80 81
6 11 81 82
0 7 12 82
0 1 8 13
1 2 9 14
2 3 10 15
3 4 11 16
4 5 12 17
5 6 13 18
6 7 14 19
7 8 15 20
8 9 16 21
9 10 17 22
10 11 18 23
11 12 19 24
12 13 20 25
13 14 21 26
14 15 22 27
15 16 23 28
16 17 24 29
17 18 25 30
18 19 26 31
19 20 27 32
20 21 28 33
21 22 29 34
22 23 30 35
23 24 31 36
24 25 32 37
25 26 33 38
26 27 34 39
27 28 35 40
28 29 36 41
29 30 37 42
30 31 38 43
31 32 39 44
32 33 40 45
33 34 41 46
34 35 42 47
35 36 43 48
36 37 44 49
37 38 45 50
38 39 46 51
39 40 47 52
40 41 48 53
41 42 49 54
42 43 50 55
43 44 51 56
44 45 52 57
45 46 53 58
46 47 54 59
47 48 55 60
48 49 56 61
49 50 57 62
50 51 58 63
51 52 59 64
52 53 60 65
53 54 61 66
54 55 62 67
55 56 63 68
56 57 64 69
57 58 65 70
58 59 66 71
59 60 67 72
60 61 68 73
61 62 69 74
62 63 70 75
63 64 71 76
6 37 67 71
7 38 68 72
8 39 69 73
9 40 70 74
10 41 71 75
11 42 72 76
12 43 73 77
13 44 74 78
14 45 75 79
15 46 76 80
16 47 77 81
17 48 78 82
0 18 49 79
1 19 50 80
2 20 51 81
3 21 52 82
0 4 22 53
1 5 23 54
2 6 24 55
3 7 25 56
4 8 26 57
5 9 27 58
6 10 28 59
7 11 29 60
8 12 30 61
9 13 31 62
10 14 32 63
11 15 33 64
12 16 34 65
13 17 35 66
14 18 36 67
15 19 37 68
16 20 38 69
17 21 39 70
18 22 40 71
19 23 41 72
20 24 42 73
21 25 43 74
22 26 44 75
23 27 45 76
24 28 46 77
25 29 47 78
26 30 48 79
27 31 49 80
28 32 50 81
29 33 51 82
0 30 34 52
1 31 35 53
2 32 36 54
3 33 37 55
4 34 38 56
5 35 39 57
6 36 40 58
7 37 41 59
8 38 42 60
9 39 43 61
10 40 44 62
11 41 45 63
12 42 46 64
13 43 47 65
14 44 48 66
15 45 49 67
16 46 50 68
17 47 51 69
18 48 52 70
19 49 53 71
20 50 54 72
21 51 55 73
22 52 56 74
23 53 57 75
24 54 58 76
25 55 59 77
26 56 60 78
27 57 61 79
28 58 62 80
29 59 63 81
30 60 64 82
0 31 61 65
1 32 62 66
2 33 63 67
3 34 64 68
4 35 65 69
5 36 66 70
9 15 69 78
10 16 70 79
11 17 71 80
12 18 72 81
13 19 73 82
0 14 20 74
1 15 21 75
2 16 22 76
3 17 23 77
4 18 24 78
5 19 25 79
6 20 26 80
7 21 27 81
8 22 28 82
0 9 23 29
1 10 24 30
2 11 25 31
3 12 26 32
4 13 27 33
5 14 28 34
6 15 29 35
7 16 30 36
8 17 31 37
9 18 32 38
10 19 33 39
11 20 34 40
12 21 35 41
13 22 36 42
14 23 37 43
15 24 38 44
16 25 39 45
17 26 40 46
18 27 41 47
19 28 42 48
20 29 43 49
21 30 44 50
22 31 45 51
23 32 46 52
24 33 47 53
25 34 48 54
26 35 49 55
27 36 50 56
28 37 51 57
29 38 52 58
30 39 53 59
31 40 54 60
32 41 55 61
33 42 56 62
34 43 57 63
35 44 58 64
36 45 59 65
37 46 60 66
38 47 61 67
39 48 62 68
40 49 63 69
41 50 64 70
42 51 65 71
43 52 66 72
44 53 67 73
45 54 68 74
46 55 69 75
47 56 70 76
48 57 71 77
49 58 72 78
50 59 73 79
51 60 74 80
52 61 75 81
53 62 76 82
0 54 63 77
1 55 64 78
2 56 65 79
3 57 66 80
4 58 67 81
5 59 68 82
0 6 60 69
1 7 61 70
2 8 62 71
3 9 63 72
4 10 64 73
5 11 65 74
6 12 66 75
7 13 67 76
8 14 68 77
20 37 64 79
21 38 65 80
22 39 66 81
23 40 67 82
0 24 41 68
1 25 42 69
2 26 43 70
3 27 44 71
4 28 45 72
5 29 46 73
6 30 47 74
7 31 48 75
8 32 49 76
9 33 50 77
10 34 51 78
11 35 52 79
12 36 53 80
13 37 54 81
14 38 55 82
0 15 39 56
1 16 40 57
2 17 41 58
3 18 42 59
4 19 43 60
5 20 44 61
6 21 45 62
7 22 46 63
8 23 47 64
9 24 48 65
10 25 49 66
11 26 50 67
12 27 51 68
13 28 52 69
14 29 53 70
15 30 54 71
16 31 55 72
17 32 56 73
18 33 57 74
19 34 58 75
20 35 59 76
21 36 60 77
22 37 61 78
23 38 62 79
24 39 63 80
25 40 64 81
26 41 65 82
0 27 42 66
1 28 43 67
2 29 44 68
3 30 45 69
4 31 46 70
5 32 47 71
6 33 48 72
7 34 49 73
8 35 50 74
9 36 51 75
10 37 52 76
11 38 53 77
12 39 54 78
13 40 55 79
14 41 56 80
15 42 57 81
16 43 58 82
0 17 44 59
1 18 45 60
2 19 46 61
3 20 47 62
4 21 48 63
5 22 49 64
6 23 50 65
7 24 51 66
8 25 52 67
9 26 53 68
10 27 54 69
11 28 55 70
12 29 56 71
13 30 57 72
14 31 58 73
15 32 59 74
16 33 60 75
17 34 61 76
18 35 62 77
19 36 63 78
