1 6 14 20 29 32 56 63 66 67
2 7 15 21 30 33 57 64 67 68
3 8 16 22 31 34 58 65 68 69
4 9 17 23 32 35 59 66 69 70
5 10 18 24 33 36 60 67 70 71
6 11 19 25 34 37 61 68 71 72
7 12 20 26 35 38 62 69 72 73
8 13 21 27 36 39 63 70 73 74
9 14 22 28 37 40 64 71 74 75
10 15 23 29 38 41 65 72 75 76
11 16 24 30 39 42 66 73 76 77
12 17 25 31 40 43 67 74 77 78
13 18 26 32 41 44 68 75 78 79
14 19 27 33 42 45 69 76 79 80
15 20 28 34 43 46 70 77 80 81
0 16 21 29 35 44 47 71 78 81
0 1 17 22 30 36 45 48 72 79
1 2 18 23 31 37 46 49 73 80
2 3 19 24 32 38 47 50 74 81
0 3 4 20 25 33 39 48 51 75
1 4 5 21 26 34 40 49 52 76
2 5 6 22 27 35 41 50 53 77
3 6 7 23 28 36 42 51 54 78
4 7 8 24 29 37 43 52 55 79
5 8 9 25 30 38 44 53 56 80
6 9 10 26 31 39 45 54 57 81
0 7 10 11 27 32 40 46 55 58
1 8 11 12 28 33 41 47 56 59
2 9 12 13 29 34 42 48 57 60
3 10 13 14 30 35 43 49 58 61
4 11 14 15 31 36 44 50 59 62
5 12 15 16 32 37 45 51 60 63
6 13 16 17 33 38 46 52 61 64
7 14 17 18 34 39 47 53 62 65
8 15 18 19 35 40 48 54 63 66
9 16 19 20 36 41 49 55 64 67
10 17 20 21 37 42 50 56 65 68
11 18 21 22 38 43 51 57 66 69
12 19 22 23 39 44 52 58 67 70
13 20 23 24 40 45 53 59 68 71
14 21 24 25 41 46 54 60 69 72
15 22 25 26 42 47 55 61 70 73
16 23 26 27 43 48 56 62 71 74
17 24 27 28 44 49 57 63 72 75
18 25 28 29 45 50 58 64 73 76
19 26 29 30 46 51 59 65 74 77
20 27 30 31 47 52 60 66 75 78
21 28 31 32 48 53 61 67 76 79
22 29 32 33 49 54 62 68 77 80
23 30 33 34 50 55 63 69 78 81
0 24 31 34 35 51 56 64 70 79
1 25 32 35 36 52 57 65 71 80
2 26 33 36 37 53 58 66 72 81
0 3 27 34 37 38 54 59 67 73
1 4 28 35 38 39 55 60 68 74
2 5 29 36 39 40 56 61 69 75
3 6 30 37 40 41 57 62 70 76
4 7 31 38 41 42 58 63 71 77
5 8 32 39 42 43 59 64 72 78
6 9 33 40 43 44 60 65 73 79
7 10 34 41 44 45 61 66 74 80
8 11 35 42 45 46 62 67 75 81
0 9 12 36 43 46 47 63 68 76
1 10 13 37 44 47 48 64 69 77
2 11 14 38 45 48 49 65 70 78
3 12 15 39 46 49 50 66 71 79
4 13 16 40 47 50 51 67 72 80
5 14 17 41 48 51 52 68 73 81
0 6 15 18 42 49 52 53 69 74
1 7 16 19 43 50 53 54 70 75
2 8 17 20 44 51 54 55 71 76
3 9 18 21 45 52 55 56 72 77
4 10 19 22 46 53 56 57 73 78
5 11 20 23 47 54 57 58 74 79
6 12 21 24 48 55 58 59 75 80
7 13 22 25 49 56 59 60 76 81
0 8 14 23 26 50 57 60 61 77
1 9 15 24 27 51 58 61 62 78
2 10 16 25 28 52 59 62 63 79
3 11 17 26 29 53 60 63 64 80
4 12 18 27 30 54 61 64 65 81
0 5 13 19 28 31 55 62 65 66
12 17 19 21 23 25 31 33 37 38
5 7 9 37 46 48 50 61 78 82
18 20 22 38 59 61 63 79 80 82
1 3 5 19 21 42 44 63 81 82
1 38 40 51 53 55 57 77 79 81
7 16 18 31 33 35 57 59 76 82
0 12 28 30 32 53 69 71 73 82
3 10 12 14 55 72 74 76 78 80
14 16 20 22 30 40 42 44 46 82
9 11 27 29 31 68 70 72 81 82
23 25 27 45 53 55 64 66 68 82
0 2 21 39 41 43 58 62 80 82
11 13 24 33 52 54 56 65 74 82
26 28 36 38 43 44 50 52 54 68
8 19 48 52 60 62 64 71 72 77
22 24 26 35 37 39 41 65 67 78
13 15 23 34 35 36 73 75 77 82
6 8 10 26 32 34 47 49 51 82
4 6 15 17 56 58 60 67 69 82
2 4 6 43 45 47 63 65 71 73
