19 24 35 73 74 77
20 25 36 74 75 78
21 26 37 75 76 79
22 27 38 76 77 80
23 28 39 77 78 81
24 29 40 78 79 82
0 25 30 41 79 80
1 26 31 42 80 81
2 27 32 43 81 82
0 3 28 33 44 82
0 1 4 29 34 45
1 2 5 30 35 46
2 3 6 31 36 47
3 4 7 32 37 48
4 5 8 33 38 49
5 6 9 34 39 50
6 7 10 35 40 51
7 8 11 36 41 52
8 9 12 37 42 53
9 10 13 38 43 54
10 11 14 39 44 55
11 12 15 40 45 56
12 13 16 41 46 57
13 14 17 42 47 58
14 15 18 43 48 59
15 16 19 44 49 60
16 17 20 45 50 61
17 18 21 46 51 62
18 19 22 47 52 63
19 20 23 48 53 64
20 21 24 49 54 65
21 22 25 50 55 66
22 23 26 51 56 67
23 24 27 52 57 68
24 25 28 53 58 69
25 26 29 54 59 70
26 27 30 55 60 71
27 28 31 56 61 72
28 29 32 57 62 73
29 30 33 58 63 74
30 31 34 59 64 75
31 32 35 60 65 76
32 33 36 61 66 77
33 34 37 62 67 78
34 35 38 63 68 79
35 36 39 64 69 80
36 37 40 65 70 81
37 38 41 66 71 82
0 38 39 42 67 72
1 39 40 43 68 73
2 40 41 44 69 74
3 41 42 45 70 75
4 42 43 46 71 76
5 43 44 47 72 77
6 44 45 48 73 78
7 45 46 49 74 79
8 46 47 50 75 80
9 47 48 51 76 81
10 48 49 52 77 82
0 11 49 50 53 78
1 12 50 51 54 79
2 13 51 52 55 80
3 14 52 53 56 81
4 15 53 54 57 82
0 5 16 54 55 58
1 6 17 55 56 59
2 7 18 56 57 60
3 8 19 57 58 61
4 9 20 58 59 62
5 10 21 59 60 63
6 11 22 60 61 64
7 12 23 61 62 65
8 13 24 62 63 66
9 14 25 63 64 67
10 15 26 64 65 68
11 16 27 65 66 69
12 17 28 66 67 70
13 18 29 67 68 71
14 19 30 68 69 72
15 20 31 69 70 73
16 21 32 70 71 74
17 22 33 71 72 75
18 23 34 72 73 76
24 37 44 59 61 80
25 38 45 60 62 81
26 39 46 61 63 82
0 27 40 47 62 64
1 28 41 48 63 65
2 29 42 49 64 66
3 30 43 50 65 67
4 31 44 51 66 68
5 32 45 52 67 69
6 33 46 53 68 70
7 34 47 54 69 71
8 35 48 55 70 72
9 36 49 56 71 73
10 37 50 57 72 74
11 38 51 58 73 75
12 39 52 59 74 76
13 40 53 60 75 77
14 41 54 61 76 78
15 42 55 62 77 79
16 43 56 63 78 80
17 44 57 64 79 81
18 45 58 65 80 82
0 19 46 59 66 81
1 20 47 60 67 82
0 2 21 48 61 68
1 3 22 49 62 69
2 4 23 50 63 70
3 5 24 51 64 71
4 6 25 52 65 72
5 7 26 53 66 73
6 8 27 54 67 74
7 9 28 55 68 75
8 10 29 56 69 76
9 11 30 57 70 77
10 12 31 58 71 78
11 13 32 59 72 79
12 14 33 60 73 80
13 15 34 61 74 81
14 16 35 62 75 82
0 15 17 36 63 76
1 16 18 37 64 77
2 17 19 38 65 78
3 18 20 39 66 79
4 19 21 40 67 80
5 20 22 41 68 81
6 21 23 42 69 82
0 7 22 24 43 70
1 8 23 25 44 71
2 9 24 26 45 72
3 10 25 27 46 73
4 11 26 28 47 74
5 12 27 29 48 75
6 13 28 30 49 76
7 14 29 31 50 77
8 15 30 32 51 78
9 16 31 33 52 79
10 17 32 34 53 80
11 18 33 35 54 81
12 19 34 36 55 82
0 13 20 35 37 56
1 14 21 36 38 57
2 15 22 37 39 58
3 16 23 38 40 59
4 17 24 39 41 60
5 18 25 40 42 61
6 19 26 41 43 62
7 20 27 42 44 63
8 21 28 43 45 64
9 22 29 44 46 65
10 23 30 45 47 66
11 24 31 46 48 67
12 25 32 47 49 68
13 26 33 48 50 69
14 27 34 49 51 70
15 28 35 50 52 71
16 29 36 51 53 72
17 30 37 52 54 73
18 31 38 53 55 74
19 32 39 54 56 75
20 33 40 55 57 76
21 34 41 56 58 77
22 35 42 57 59 78
23 36 43 58 60 79
17 23 27 35 49 58
18 24 28 36 50 59
19 25 29 37 51 60
20 26 30 38 52 61
21 27 31 39 53 62
22 28 32 40 54 63
23 29 33 41 55 64
24 30 34 42 56 65
25 31 35 43 57 66
26 32 36 44 58 67
27 33 37 45 59 68
28 34 38 46 60 69
29 35 39 47 61 70
30 36 40 48 62 71
31 37 41 49 63 72
32 38 42 50 64 73
33 39 43 51 65 74
34 40 44 52 66 75
35 41 45 53 67 76
36 42 46 54 68 77
37 43 47 55 69 78
38 44 48 56 70 79
39 45 49 57 71 80
40 46 50 58 72 81
41 47 51 59 73 82
0 42 48 52 60 74
1 43 49 53 61 75
2 44 50 54 62 76
3 45 51 55 63 77
4 46 52 56 64 78
5 47 53 57 65 79
6 48 54 58 66 80
7 49 55 59 67 81
8 50 56 60 68 82
0 9 51 57 61 69
1 10 52 58 62 70
2 11 53 59 63 71
3 12 54 60 64 72
4 13 55 61 65 73
5 14 56 62 66 74
6 15 57 63 67 75
7 16 58 64 68 76
8 17 59 65 69 77
9 18 60 66 70 78
10 19 61 67 71 79
11 20 62 68 72 80
12 21 63 69 73 81
13 22 64 70 74 82
0 14 23 65 71 75
1 15 24 66 72 76
2 16 25 67 73 77
3 17 26 68 74 78
4 18 27 69 75 79
5 19 28 70 76 80
6 20 29 71 77 81
7 21 30 72 78 82
0 8 22 31 73 79
1 9 23 32 74 80
2 10 24 33 75 81
3 11 25 34 76 82
0 4 12 26 35 77
1 5 13 27 36 78
2 6 14 28 37 79
3 7 15 29 38 80
4 8 16 30 39 81
5 9 17 31 40 82
0 6 10 18 32 41
1 7 11 19 33 42
2 8 12 20 34 43
3 9 13 21 35 44
4 10 14 22 36 45
5 11 15 23 37 46
6 12 16 24 38 47
7 13 17 25 39 48
8 14 18 26 40 49
9 15 19 27 41 50
10 16 20 28 42 51
11 17 21 29 43 52
12 18 22 30 44 53
13 19 23 31 45 54
14 20 24 32 46 55
15 21 25 33 47 56
16 22 26 34 48 57
