25 55 62 75 76
27 57 64 77 78
29 59 66 79 80
0 31 61 68 81
1 2 33 63 70
3 4 35 65 72
5 6 37 67 74
7 8 39 69 76
9 10 41 71 78
11 12 43 73 80
0 13 14 45 75
2 15 16 47 77
4 17 18 49 79
6 19 20 51 81
1 8 21 22 53
3 10 23 24 55
5 12 25 26 57
7 14 27 28 59
9 16 29 30 61
11 18 31 32 63
13 20 33 34 65
15 22 35 36 67
17 24 37 38 69
19 26 39 40 71
21 28 41 42 73
23 30 43 44 75
25 32 45 46 77
27 34 47 48 79
29 36 49 50 81
1 31 38 51 52
3 33 40 53 54
5 35 42 55 56
7 37 44 57 58
9 39 46 59 60
11 41 48 61 62
13 43 50 63 64
15 45 52 65 66
17 47 54 67 68
19 49 56 69 70
21 51 58 71 72
23 53 60 73 74
18 36 68 70 74
20 38 70 72 76
22 40 72 74 78
24 42 74 76 80
0 26 44 76 78
2 28 46 78 80
0 4 30 48 80
0 2 6 32 50
2 4 8 34 52
4 6 10 36 54
6 8 12 38 56
8 10 14 40 58
10 12 16 42 60
12 14 18 44 62
14 16 20 46 64
16 18 22 48 66
18 20 24 50 68
20 22 26 52 70
22 24 28 54 72
24 26 30 56 74
26 28 32 58 76
28 30 34 60 78
30 32 36 62 80
0 32 34 38 64
2 34 36 40 66
4 36 38 42 68
6 38 40 44 70
8 40 42 46 72
10 42 44 48 74
12 44 46 50 76
14 46 48 52 78
16 48 50 54 80
0 18 50 52 56
2 20 52 54 58
4 22 54 56 60
6 24 56 58 62
8 26 58 60 64
10 28 60 62 66
12 30 62 64 68
14 32 64 66 70
16 34 66 68 72
9 14 19 50 65
11 16 21 52 67
13 18 23 54 69
15 20 25 56 71
17 22 27 58 73
19 24 29 60 75
21 26 31 62 77
23 28 33 64 79
25 30 35 66 81
1 27 32 37 68
3 29 34 39 70
5 31 36 41 72
7 33 38 43 74
9 35 40 45 76
11 37 42 47 78
13 39 44 49 80
0 15 41 46 51
2 17 43 48 53
4 19 45 50 55
6 21 47 52 57
8 23 49 54 59
10 25 51 56 61
12 27 53 58 63
14 29 55 60 65
16 31 57 62 67
18 33 59 64 69
20 35 61 66 71
22 37 63 68 73
24 39 65 70 75
26 41 67 72 77
28 43 69 74 79
30 45 71 76 81
1 32 47 73 78
3 34 49 75 80
0 5 36 51 77
2 7 38 53 79
4 9 40 55 81
1 6 11 42 57
3 8 13 44 59
5 10 15 46 61
7 12 17 48 63
1 22 30 42 58
3 24 32 44 60
5 26 34 46 62
7 28 36 48 64
9 30 38 50 66
11 32 40 52 68
13 34 42 54 70
15 36 44 56 72
17 38 46 58 74
19 40 48 60 76
21 42 50 62 78
23 44 52 64 80
0 25 46 54 66
2 27 48 56 68
4 29 50 58 70
6 31 52 60 72
8 33 54 62 74
10 35 56 64 76
12 37 58 66 78
14 39 60 68 80
0 16 41 62 70
2 18 43 64 72
4 20 45 66 74
6 22 47 68 76
8 24 49 70 78
10 26 51 72 80
0 12 28 53 74
2 14 30 55 76
4 16 32 57 78
6 18 34 59 80
0 8 20 36 61
2 10 22 38 63
4 12 24 40 65
6 14 26 42 67
8 16 28 44 69
10 18 30 46 71
12 20 32 48 73
14 22 34 50 75
16 24 36 52 77
18 26 38 54 79
20 28 40 56 81
5 8 63 65 81
1 7 10 65 67
3 9 12 67 69
5 11 14 69 71
7 13 16 71 73
9 15 18 73 75
11 17 20 75 77
13 19 22 77 79
15 21 24 79 81
1 17 23 26 81
1 3 19 25 28
3 5 21 27 30
5 7 23 29 32
7 9 25 31 34
9 11 27 33 36
11 13 29 35 38
13 15 31 37 40
15 17 33 39 42
17 19 35 41 44
19 21 37 43 46
21 23 39 45 48
23 25 41 47 50
25 27 43 49 52
27 29 45 51 54
29 31 47 53 56
31 33 49 55 58
33 35 51 57 60
35 37 53 59 62
37 39 55 61 64
39 41 57 63 66
41 43 59 65 68
43 45 61 67 70
45 47 63 69 72
47 49 65 71 74
49 51 67 73 76
51 53 69 75 78
53 55 71 77 80
0 55 57 73 79
2 57 59 75 81
1 4 59 61 77
3 6 61 63 79
24 34 45 53 73
26 36 47 55 75
28 38 49 57 77
30 40 51 59 79
32 42 53 61 81
1 34 44 55 63
3 36 46 57 65
5 38 48 59 67
7 40 50 61 69
9 42 52 63 71
11 44 54 65 73
13 46 56 67 75
15 48 58 69 77
17 50 60 71 79
19 52 62 73 81
1 21 54 64 75
3 23 56 66 77
5 25 58 68 79
7 27 60 70 81
1 9 29 62 72
3 11 31 64 74
5 13 33 66 76
7 15 35 68 78
9 17 37 70 80
0 11 19 39 72
2 13 21 41 74
4 15 23 43 76
6 17 25 45 78
8 19 27 47 80
0 10 21 29 49
2 12 23 31 51
4 14 25 33 53
6 16 27 35 55
8 18 29 37 57
10 20 31 39 59
12 22 33 41 61
14 24 35 43 63
16 26 37 45 65
18 28 39 47 67
20 30 41 49 69
22 32 43 51 71
53 58 66 67 82
55 60 68 69 82
57 62 70 71 82
59 64 72 73 82
61 66 74 75 82
63 68 76 77 82
65 70 78 79 82
67 72 80 81 82
0 1 69 74 82
2 3 71 76 82
4 5 73 78 82
6 7 75 80 82
0 8 9 77 82
2 10 11 79 82
4 12 13 81 82
1 6 14 15 82
3 8 16 17 82
5 10 18 19 82
7 12 20 21 82
9 14 22 23 82
11 16 24 25 82
13 18 26 27 82
15 20 28 29 82
17 22 30 31 82
19 24 32 33 82
21 26 34 35 82
23 28 36 37 82
25 30 38 39 82
27 32 40 41 82
29 34 42 43 82
31 36 44 45 82
33 38 46 47 82
35 40 48 49 82
37 42 50 51 82
39 44 52 53 82
41 46 54 55 82
43 48 56 57 82
45 50 58 59 82
47 52 60 61 82
49 54 62 63 82
51 56 64 65 82
1 16 39 43 49
3 18 41 45 51
5 20 43 47 53
7 22 45 49 55
9 24 47 51 57
11 26 49 53 59
13 28 51 55 61
15 30 53 57 63
17 32 55 59 65
19 34 57 61 67
21 36 59 63 69
23 38 61 65 71
25 40 63 67 73
27 42 65 69 75
29 44 67 71 77
31 46 69 73 79
33 48 71 75 81
1 35 50 73 77
3 37 52 75 79
5 39 54 77 81
1 7 41 56 79
3 9 43 58 81
1 5 11 45 60
3 7 13 47 62
5 9 15 49 64
7 11 17 51 66
9 13 19 53 68
11 15 21 55 70
13 17 23 57 72
15 19 25 59 74
17 21 27 61 76
19 23 29 63 78
21 25 31 65 80
0 23 27 33 67
2 25 29 35 69
4 27 31 37 71
6 29 33 39 73
8 31 35 41 75
10 33 37 43 77
12 35 39 45 79
14 37 41 47 81
14 34 51 74 77
16 36 53 76 79
18 38 55 78 81
1 20 40 57 80
0 3 22 42 59
2 5 24 44 61
4 7 26 46 63
6 9 28 48 65
8 11 30 50 67
10 13 32 52 69
12 15 34 54 71
14 17 36 56 73
16 19 38 58 75
18 21 40 60 77
20 23 42 62 79
22 25 44 64 81
1 24 27 46 66
3 26 29 48 68
5 28 31 50 70
7 30 33 52 72
9 32 35 54 74
11 34 37 56 76
13 36 39 58 78
15 38 41 60 80
0 17 40 43 62
2 19 42 45 64
4 21 44 47 66
6 23 46 49 68
8 25 48 51 70
10 27 50 53 72
12 29 52 55 74
14 31 54 57 76
16 33 56 59 78
18 35 58 61 80
0 20 37 60 63
2 22 39 62 65
4 24 41 64 67
6 26 43 66 69
8 28 45 68 71
10 30 47 70 73
12 32 49 72 75
33 45 56 63 80
0 35 47 58 65
2 37 49 60 67
4 39 51 62 69
6 41 53 64 71
8 43 55 66 73
10 45 57 68 75
12 47 59 70 77
14 49 61 72 79
16 51 63 74 81
1 18 53 65 76
3 20 55 67 78
5 22 57 69 80
0 7 24 59 71
2 9 26 61 73
4 11 28 63 75
6 13 30 65 77
8 15 32 67 79
10 17 34 69 81
1 12 19 36 71
3 14 21 38 73
5 16 23 40 75
7 18 25 42 77
9 20 27 44 79
11 22 29 46 81
1 13 24 31 48
3 15 26 33 50
5 17 28 35 52
7 19 30 37 54
9 21 32 39 56
11 23 34 41 58
13 25 36 43 60
15 27 38 45 62
17 29 40 47 64
19 31 42 49 66
21 33 44 51 68
23 35 46 53 70
25 37 48 55 72
27 39 50 57 74
29 41 52 59 76
31 43 54 61 78
