7 24 50 78
8 25 51 79
9 26 52 80
10 27 53 81
11 28 54 82
12 29 55 83
0 13 30 56
1 14 31 57
2 15 32 58
3 16 33 59
4 17 34 60
5 18 35 61
6 19 36 62
7 20 37 63
8 21 38 64
9 22 39 65
10 23 40 66
11 24 41 67
12 25 42 68
13 26 43 69
14 27 44 70
15 28 45 71
16 29 46 72
17 30 47 73
18 31 48 74
19 32 49 75
20 33 50 76
21 34 51 77
22 35 52 78
23 36 53 79
24 37 54 80
25 38 55 81
26 39 56 82
27 40 57 83
0 28 41 58
1 29 42 59
2 30 43 60
3 31 44 61
4 32 45 62
5 33 46 63
6 34 47 64
7 35 48 65
8 36 49 66
9 37 50 67
10 38 51 68
11 39 52 69
12 40 53 70
13 41 54 71
14 42 55 72
15 43 56 73
16 44 57 74
17 45 58 75
18 46 59 76
19 47 60 77
20 48 61 78
21 49 62 79
22 50 63 80
23 51 64 81
24 52 65 82
25 53 66 83
0 26 54 67
1 27 55 68
2 28 56 69
3 29 57 70
4 30 58 71
5 31 59 72
6 32 60 73
7 33 61 74
8 34 62 75
9 35 63 76
10 36 64 77
11 37 65 78
12 38 66 79
13 39 67 80
14 40 68 81
15 41 69 82
16 42 70 83
0 17 43 71
1 18 44 72
2 19 45 73
3 20 46 74
4 21 47 75
5 22 48 76
6 23 49 77
6 52 53 55
7 53 54 56
8 54 55 57
9 55 56 58
10 56 57 59
11 57 58 60
12 58 59 61
13 59 60 62
14 60 61 63
15 61 62 64
16 62 63 65
17 63 64 66
18 64 65 67
19 65 66 68
20 66 67 69
21 67 68 70
22 68 69 71
23 69 70 72
24 70 71 73
25 71 72 74
26 72 73 75
27 73 74 76
28 74 75 77
29 75 76 78
30 76 77 79
31 77 78 80
32 78 79 81
33 79 80 82
34 80 81 83
0 35 81 82
1 36 82 83
0 2 37 83
0 1 3 38
1 2 4 39
2 3 5 40
3 4 6 41
4 5 7 42
5 6 8 43
6 7 9 44
7 8 10 45
8 9 11 46
9 10 12 47
10 11 13 48
11 12 14 49
12 13 15 50
13 14 16 51
14 15 17 52
15 16 18 53
16 17 19 54
17 18 20 55
18 19 21 56
19 20 22 57
20 21 23 58
21 22 24 59
22 23 25 60
23 24 26 61
24 25 27 62
25 26 28 63
26 27 29 64
27 28 30 65
28 29 31 66
29 30 32 67
30 31 33 68
31 32 34 69
32 33 35 70
33 34 36 71
34 35 37 72
35 36 38 73
36 37 39 74
37 38 40 75
38 39 41 76
39 40 42 77
40 41 43 78
41 42 44 79
42 43 45 80
43 44 46 81
44 45 47 82
45 46 48 83
0 46 47 49
1 47 48 50
2 48 49 51
3 49 50 52
4 50 51 53
5 51 52 54
11 33 43 77
12 34 44 78
13 35 45 79
14 36 46 80
15 37 47 81
16 38 48 82
17 39 49 83
0 18 40 50
1 19 41 51
2 20 42 52
3 21 43 53
4 22 44 54
5 23 45 55
6 24 46 56
7 25 47 57
8 26 48 58
9 27 49 59
10 28 50 60
11 29 51 61
12 30 52 62
13 31 53 63
14 32 54 64
15 33 55 65
16 34 56 66
17 35 57 67
18 36 58 68
19 37 59 69
20 38 60 70
21 39 61 71
22 40 62 72
23 41 63 73
24 42 64 74
25 43 65 75
26 44 66 76
27 45 67 77
28 46 68 78
29 47 69 79
30 48 70 80
31 49 71 81
32 50 72 82
33 51 73 83
0 34 52 74
1 35 53 75
2 36 54 76
3 37 55 77
4 38 56 78
5 39 57 79
6 40 58 80
7 41 59 81
8 42 60 82
9 43 61 83
0 10 44 62
1 11 45 63
2 12 46 64
3 13 47 65
4 14 48 66
5 15 49 67
6 16 50 68
7 17 51 69
8 18 52 70
9 19 53 71
10 20 54 72
11 21 55 73
12 22 56 74
13 23 57 75
14 24 58 76
15 25 59 77
16 26 60 78
17 27 61 79
18 28 62 80
19 29 63 81
20 30 64 82
21 31 65 83
0 22 32 66
1 23 33 67
2 24 34 68
3 25 35 69
4 26 36 70
5 27 37 71
6 28 38 72
7 29 39 73
8 30 40 74
9 31 41 75
10 32 42 76
10 24 30 35
11 25 31 36
12 26 32 37
13 27 33 38
14 28 34 39
15 29 35 40
16 30 36 41
17 31 37 42
18 32 38 43
19 33 39 44
20 34 40 45
21 35 41 46
22 36 42 47
23 37 43 48
24 38 44 49
25 39 45 50
26 40 46 51
27 41 47 52
28 42 48 53
29 43 49 54
30 44 50 55
31 45 51 56
32 46 52 57
33 47 53 58
34 48 54 59
35 49 55 60
36 50 56 61
37 51 57 62
38 52 58 63
39 53 59 64
40 54 60 65
41 55 61 66
42 56 62 67
43 57 63 68
44 58 64 69
45 59 65 70
46 60 66 71
47 61 67 72
48 62 68 73
49 63 69 74
50 64 70 75
51 65 71 76
52 66 72 77
53 67 73 78
54 68 74 79
55 69 75 80
56 70 76 81
57 71 77 82
58 72 78 83
0 59 73 79
1 60 74 80
2 61 75 81
3 62 76 82
4 63 77 83
0 5 64 78
1 6 65 79
2 7 66 80
3 8 67 81
4 9 68 82
5 10 69 83
0 6 11 70
1 7 12 71
2 8 13 72
3 9 14 73
4 10 15 74
5 11 16 75
6 12 17 76
7 13 18 77
8 14 19 78
9 15 20 79
10 16 21 80
11 17 22 81
12 18 23 82
13 19 24 83
0 14 20 25
1 15 21 26
2 16 22 27
3 17 23 28
4 18 24 29
5 19 25 30
6 20 26 31
7 21 27 32
8 22 28 33
9 23 29 34
49 53 65 72
50 54 66 73
51 55 67 74
52 56 68 75
53 57 69 76
54 58 70 77
55 59 71 78
56 60 72 79
57 61 73 80
58 62 74 81
59 63 75 82
60 64 76 83
0 61 65 77
1 62 66 78
2 63 67 79
3 64 68 80
4 65 69 81
5 66 70 82
6 67 71 83
0 7 68 72
1 8 69 73
2 9 70 74
3 10 71 75
4 11 72 76
5 12 73 77
6 13 74 78
7 14 75 79
8 15 76 80
9 16 77 81
10 17 78 82
11 18 79 83
0 12 19 80
1 13 20 81
2 14 21 82
3 15 22 83
0 4 16 23
1 5 17 24
2 6 18 25
3 7 19 26
4 8 20 27
5 9 21 28
6 10 22 29
7 11 23 30
8 12 24 31
9 13 25 32
10 14 26 33
11 15 27 34
12 16 28 35
13 17 29 36
14 18 30 37
15 19 31 38
16 20 32 39
17 21 33 40
18 22 34 41
19 23 35 42
20 24 36 43
21 25 37 44
22 26 38 45
23 27 39 46
24 28 40 47
25 29 41 48
26 30 42 49
27 31 43 50
28 32 44 51
29 33 45 52
30 34 46 53
31 35 47 54
32 36 48 55
33 37 49 56
34 38 50 57
35 39 51 58
36 40 52 59
37 41 53 60
38 42 54 61
39 43 55 62
40 44 56 63
41 45 57 64
42 46 58 65
43 47 59 66
44 48 60 67
45 49 61 68
46 50 62 69
47 51 63 70
48 52 64 71
7 22 49 58
8 23 50 59
9 24 51 60
10 25 52 61
11 26 53 62
12 27 54 63
13 28 55 64
14 29 56 65
15 30 57 66
16 31 58 67
17 32 59 68
18 33 60 69
19 34 61 70
20 35 62 71
21 36 63 72
22 37 64 73
23 38 65 74
24 39 66 75
25 40 67 76
26 41 68 77
27 42 69 78
28 43 70 79
29 44 71 80
30 45 72 81
31 46 73 82
32 47 74 83
0 33 48 75
1 34 49 76
2 35 50 77
3 36 51 78
4 37 52 79
5 38 53 80
6 39 54 81
7 40 55 82
8 41 56 83
0 9 42 57
1 10 43 58
2 11 44 59
3 12 45 60
4 13 46 61
5 14 47 62
6 15 48 63
7 16 49 64
8 17 50 65
9 18 51 66
10 19 52 67
11 20 53 68
12 21 54 69
13 22 55 70
14 23 56 71
15 24 57 72
16 25 58 73
17 26 59 74
18 27 60 75
19 28 61 76
20 29 62 77
21 30 63 78
22 31 64 79
23 32 65 80
24 33 66 81
25 34 67 82
26 35 68 83
0 27 36 69
1 28 37 70
2 29 38 71
3 30 39 72
4 31 40 73
5 32 41 74
6 33 42 75
7 34 43 76
8 35 44 77
9 36 45 78
10 37 46 79
11 38 47 80
12 39 48 81
13 40 49 82
14 41 50 83
0 15 42 51
1 16 43 52
2 17 44 53
3 18 45 54
4 19 46 55
5 20 47 56
6 21 48 57
16 24 55 79
17 25 56 80
18 26 57 81
19 27 58 82
20 28 59 83
0 21 29 60
1 22 30 61
2 23 31 62
3 24 32 63
4 25 33 64
5 26 34 65
6 27 35 66
7 28 36 67
8 29 37 68
9 30 38 69
10 31 39 70
11 32 40 71
12 33 41 72
13 34 42 73
14 35 43 74
15 36 44 75
16 37 45 76
17 38 46 77
18 39 47 78
19 40 48 79
20 41 49 80
21 42 50 81
22 43 51 82
23 44 52 83
0 24 45 53
1 25 46 54
2 26 47 55
3 27 48 56
4 28 49 57
5 29 50 58
6 30 51 59
7 31 52 60
8 32 53 61
9 33 54 62
10 34 55 63
11 35 56 64
12 36 57 65
13 37 58 66
14 38 59 67
15 39 60 68
16 40 61 69
17 41 62 70
18 42 63 71
19 43 64 72
20 44 65 73
21 45 66 74
22 46 67 75
23 47 68 76
24 48 69 77
25 49 70 78
26 50 71 79
27 51 72 80
28 52 73 81
29 53 74 82
30 54 75 83
0 31 55 76
1 32 56 77
2 33 57 78
3 34 58 79
4 35 59 80
5 36 60 81
6 37 61 82
7 38 62 83
0 8 39 63
1 9 40 64
2 10 41 65
3 11 42 66
4 12 43 67
5 13 44 68
6 14 45 69
7 15 46 70
8 16 47 71
9 17 48 72
10 18 49 73
11 19 50 74
12 20 51 75
13 21 52 76
14 22 53 77
15 23 54 78
