7 27 51
8 28 52
9 29 53
10 30 54
11 31 55
12 32 56
13 33 57
14 34 58
15 35 59
16 36 60
17 37 61
18 38 62
19 39 63
20 40 64
21 41 65
22 42 66
23 43 67
24 44 68
25 45 69
26 46 70
27 47 71
28 48 72
29 49 73
30 50 74
31 51 75
32 52 76
33 53 77
34 54 78
35 55 79
36 56 80
37 57 81
38 58 82
0 39 59
1 40 60
2 41 61
3 42 62
4 43 63
5 44 64
6 45 65
7 46 66
8 47 67
9 48 68
10 49 69
11 50 70
12 51 71
13 52 72
14 53 73
15 54 74
16 55 75
17 56 76
18 57 77
19 58 78
20 59 79
21 60 80
22 61 81
23 62 82
0 24 63
1 25 64
2 26 65
3 27 66
4 28 67
5 29 68
6 30 69
7 31 70
8 32 71
9 33 72
10 34 73
11 35 74
12 36 75
13 37 76
14 38 77
15 39 78
16 40 79
17 41 80
18 42 81
19 43 82
0 20 44
1 21 45
2 22 46
3 23 47
4 24 48
5 25 49
6 26 50
59 61 67
60 62 68
61 63 69
62 64 70
63 65 71
64 66 72
65 67 73
66 68 74
67 69 75
68 70 76
69 71 77
70 72 78
71 73 79
72 74 80
73 75 81
74 76 82
0 75 77
1 76 78
2 77 79
3 78 80
4 79 81
5 80 82
0 6 81
1 7 82
0 2 8
1 3 9
2 4 10
3 5 11
4 6 12
5 7 13
6 8 14
7 9 15
8 10 16
9 11 17
10 12 18
11 13 19
12 14 20
13 15 21
14 16 22
15 17 23
16 18 24
17 19 25
18 20 26
19 21 27
20 22 28
21 23 29
22 24 30
23 25 31
24 26 32
25 27 33
26 28 34
27 29 35
28 30 36
29 31 37
30 32 38
31 33 39
32 34 40
33 35 41
34 36 42
35 37 43
36 38 44
37 39 45
38 40 46
39 41 47
40 42 48
41 43 49
42 44 50
43 45 51
44 46 52
45 47 53
46 48 54
47 49 55
48 50 56
49 51 57
50 52 58
51 53 59
52 54 60
53 55 61
54 56 62
55 57 63
56 58 64
57 59 65
58 60 66
4 45 72
5 46 73
6 47 74
7 48 75
8 49 76
9 50 77
10 51 78
11 52 79
12 53 80
13 54 81
14 55 82
0 15 56
1 16 57
2 17 58
3 18 59
4 19 60
5 20 61
6 21 62
7 22 63
8 23 64
9 24 65
10 25 66
11 26 67
12 27 68
13 28 69
14 29 70
15 30 71
16 31 72
17 32 73
18 33 74
19 34 75
20 35 76
21 36 77
22 37 78
23 38 79
24 39 80
25 40 81
26 41 82
0 27 42
1 28 43
2 29 44
3 30 45
4 31 46
5 32 47
6 33 48
7 34 49
8 35 50
9 36 51
10 37 52
11 38 53
12 39 54
13 40 55
14 41 56
15 42 57
16 43 58
17 44 59
18 45 60
19 46 61
20 47 62
21 48 63
22 49 64
23 50 65
24 51 66
25 52 67
26 53 68
27 54 69
28 55 70
29 56 71
30 57 72
31 58 73
32 59 74
33 60 75
34 61 76
35 62 77
36 63 78
37 64 79
38 65 80
39 66 81
40 67 82
0 41 68
1 42 69
2 43 70
3 44 71
14 31 54
15 32 55
16 33 56
17 34 57
18 35 58
19 36 59
20 37 60
21 38 61
22 39 62
23 40 63
24 41 64
25 42 65
26 43 66
27 44 67
28 45 68
29 46 69
30 47 70
31 48 71
32 49 72
33 50 73
34 51 74
35 52 75
36 53 76
37 54 77
38 55 78
39 56 79
40 57 80
41 58 81
42 59 82
0 43 60
1 44 61
2 45 62
3 46 63
4 47 64
5 48 65
6 49 66
7 50 67
8 51 68
9 52 69
10 53 70
11 54 71
12 55 72
13 56 73
14 57 74
15 58 75
16 59 76
17 60 77
18 61 78
19 62 79
20 63 80
21 64 81
22 65 82
0 23 66
1 24 67
2 25 68
3 26 69
4 27 70
5 28 71
6 29 72
7 30 73
8 31 74
9 32 75
10 33 76
11 34 77
12 35 78
13 36 79
14 37 80
15 38 81
16 39 82
0 17 40
1 18 41
2 19 42
3 20 43
4 21 44
5 22 45
6 23 46
7 24 47
8 25 48
9 26 49
10 27 50
11 28 51
12 29 52
13 30 53
8 65 75
9 66 76
10 67 77
11 68 78
12 69 79
13 70 80
14 71 81
15 72 82
0 16 73
1 17 74
2 18 75
3 19 76
4 20 77
5 21 78
6 22 79
7 23 80
8 24 81
9 25 82
0 10 26
1 11 27
2 12 28
3 13 29
4 14 30
5 15 31
6 16 32
7 17 33
8 18 34
9 19 35
10 20 36
11 21 37
12 22 38
13 23 39
14 24 40
15 25 41
16 26 42
17 27 43
18 28 44
19 29 45
20 30 46
21 31 47
22 32 48
23 33 49
24 34 50
25 35 51
26 36 52
27 37 53
28 38 54
29 39 55
30 40 56
31 41 57
32 42 58
33 43 59
34 44 60
35 45 61
36 46 62
37 47 63
38 48 64
39 49 65
40 50 66
41 51 67
42 52 68
43 53 69
44 54 70
45 55 71
46 56 72
47 57 73
48 58 74
49 59 75
50 60 76
51 61 77
52 62 78
53 63 79
54 64 80
55 65 81
56 66 82
0 57 67
1 58 68
2 59 69
3 60 70
4 61 71
5 62 72
6 63 73
7 64 74
4 55 73
5 56 74
6 57 75
7 58 76
8 59 77
9 60 78
10 61 79
11 62 80
12 63 81
13 64 82
0 14 65
1 15 66
2 16 67
3 17 68
4 18 69
5 19 70
6 20 71
7 21 72
8 22 73
9 23 74
10 24 75
11 25 76
12 26 77
13 27 78
14 28 79
15 29 80
16 30 81
17 31 82
0 18 32
1 19 33
2 20 34
3 21 35
4 22 36
5 23 37
6 24 38
7 25 39
8 26 40
9 27 41
10 28 42
11 29 43
12 30 44
13 31 45
14 32 46
15 33 47
16 34 48
17 35 49
18 36 50
19 37 51
20 38 52
21 39 53
22 40 54
23 41 55
24 42 56
25 43 57
26 44 58
27 45 59
28 46 60
29 47 61
30 48 62
31 49 63
32 50 64
33 51 65
34 52 66
35 53 67
36 54 68
37 55 69
38 56 70
39 57 71
40 58 72
41 59 73
42 60 74
43 61 75
44 62 76
45 63 77
46 64 78
47 65 79
48 66 80
49 67 81
50 68 82
0 51 69
1 52 70
2 53 71
3 54 72
3 49 83
4 50 83
5 51 83
6 52 83
7 53 83
8 54 83
9 55 83
10 56 83
11 57 83
12 58 83
13 59 83
14 60 83
15 61 83
16 62 83
17 63 83
18 64 83
19 65 83
20 66 83
21 67 83
22 68 83
23 69 83
24 70 83
25 71 83
26 72 83
27 73 83
28 74 83
29 75 83
30 76 83
31 77 83
32 78 83
33 79 83
34 80 83
35 81 83
36 82 83
0 37 83
1 38 83
2 39 83
3 40 83
4 41 83
5 42 83
6 43 83
7 44 83
8 45 83
9 46 83
10 47 83
11 48 83
12 49 83
13 50 83
14 51 83
15 52 83
16 53 83
17 54 83
18 55 83
19 56 83
20 57 83
21 58 83
22 59 83
23 60 83
24 61 83
25 62 83
26 63 83
27 64 83
28 65 83
29 66 83
30 67 83
31 68 83
32 69 83
33 70 83
34 71 83
35 72 83
36 73 83
37 74 83
38 75 83
39 76 83
40 77 83
41 78 83
42 79 83
43 80 83
44 81 83
45 82 83
0 46 83
1 47 83
2 48 83
5 43 52
6 44 53
7 45 54
8 46 55
9 47 56
10 48 57
11 49 58
12 50 59
13 51 60
14 52 61
15 53 62
16 54 63
17 55 64
18 56 65
19 57 66
20 58 67
21 59 68
22 60 69
23 61 70
24 62 71
25 63 72
26 64 73
27 65 74
28 66 75
29 67 76
30 68 77
31 69 78
32 70 79
33 71 80
34 72 81
35 73 82
0 36 74
1 37 75
2 38 76
3 39 77
4 40 78
5 41 79
6 42 80
7 43 81
8 44 82
0 9 45
1 10 46
2 11 47
3 12 48
4 13 49
5 14 50
6 15 51
7 16 52
8 17 53
9 18 54
10 19 55
11 20 56
12 21 57
13 22 58
14 23 59
15 24 60
16 25 61
17 26 62
18 27 63
19 28 64
20 29 65
21 30 66
22 31 67
23 32 68
24 33 69
25 34 70
26 35 71
27 36 72
28 37 73
29 38 74
30 39 75
31 40 76
32 41 77
33 42 78
34 43 79
35 44 80
36 45 81
37 46 82
0 38 47
1 39 48
2 40 49
3 41 50
4 42 51
11 32 82
0 12 33
1 13 34
2 14 35
3 15 36
4 16 37
5 17 38
6 18 39
7 19 40
8 20 41
9 21 42
10 22 43
11 23 44
12 24 45
13 25 46
14 26 47
15 27 48
16 28 49
17 29 50
18 30 51
19 31 52
20 32 53
21 33 54
22 34 55
23 35 56
24 36 57
25 37 58
26 38 59
27 39 60
28 40 61
29 41 62
30 42 63
31 43 64
32 44 65
33 45 66
34 46 67
35 47 68
36 48 69
37 49 70
38 50 71
39 51 72
40 52 73
41 53 74
42 54 75
43 55 76
44 56 77
45 57 78
46 58 79
47 59 80
48 60 81
49 61 82
0 50 62
1 51 63
2 52 64
3 53 65
4 54 66
5 55 67
6 56 68
7 57 69
8 58 70
9 59 71
10 60 72
11 61 73
12 62 74
13 63 75
14 64 76
15 65 77
16 66 78
17 67 79
18 68 80
19 69 81
20 70 82
0 21 71
1 22 72
2 23 73
3 24 74
4 25 75
5 26 76
6 27 77
7 28 78
8 29 79
9 30 80
10 31 81
1 26 54
2 27 55
3 28 56
4 29 57
5 30 58
6 31 59
7 32 60
8 33 61
9 34 62
10 35 63
11 36 64
12 37 65
13 38 66
14 39 67
15 40 68
16 41 69
17 42 70
18 43 71
19 44 72
20 45 73
21 46 74
22 47 75
23 48 76
24 49 77
25 50 78
26 51 79
27 52 80
28 53 81
29 54 82
0 30 55
1 31 56
2 32 57
3 33 58
4 34 59
5 35 60
6 36 61
7 37 62
8 38 63
9 39 64
10 40 65
11 41 66
12 42 67
13 43 68
14 44 69
15 45 70
16 46 71
17 47 72
18 48 73
19 49 74
20 50 75
21 51 76
22 52 77
23 53 78
24 54 79
25 55 80
26 56 81
27 57 82
0 28 58
1 29 59
2 30 60
3 31 61
4 32 62
5 33 63
6 34 64
7 35 65
8 36 66
9 37 67
10 38 68
11 39 69
12 40 70
13 41 71
14 42 72
15 43 73
16 44 74
17 45 75
18 46 76
19 47 77
20 48 78
21 49 79
22 50 80
23 51 81
24 52 82
0 25 53
11 24 35
12 25 36
13 26 37
14 27 38
15 28 39
16 29 40
17 30 41
18 31 42
19 32 43
20 33 44
21 34 45
22 35 46
23 36 47
24 37 48
25 38 49
26 39 50
27 40 51
28 41 52
29 42 53
30 43 54
31 44 55
32 45 56
33 46 57
34 47 58
35 48 59
36 49 60
37 50 61
38 51 62
39 52 63
40 53 64
41 54 65
42 55 66
43 56 67
44 57 68
45 58 69
46 59 70
47 60 71
48 61 72
49 62 73
50 63 74
51 64 75
52 65 76
53 66 77
54 67 78
55 68 79
56 69 80
57 70 81
58 71 82
0 59 72
1 60 73
2 61 74
3 62 75
4 63 76
5 64 77
6 65 78
7 66 79
8 67 80
9 68 81
10 69 82
0 11 70
1 12 71
2 13 72
3 14 73
4 15 74
5 16 75
6 17 76
7 18 77
8 19 78
9 20 79
10 21 80
11 22 81
12 23 82
0 13 24
1 14 25
2 15 26
3 16 27
4 17 28
5 18 29
6 19 30
7 20 31
8 21 32
9 22 33
10 23 34
17 65 81
18 66 82
0 19 67
1 20 68
2 21 69
3 22 70
4 23 71
5 24 72
6 25 73
7 26 74
8 27 75
9 28 76
10 29 77
11 30 78
12 31 79
13 32 80
14 33 81
15 34 82
0 16 35
1 17 36
2 18 37
3 19 38
4 20 39
5 21 40
6 22 41
7 23 42
8 24 43
9 25 44
10 26 45
11 27 46
12 28 47
13 29 48
14 30 49
15 31 50
16 32 51
17 33 52
18 34 53
19 35 54
20 36 55
21 37 56
22 38 57
23 39 58
24 40 59
25 41 60
26 42 61
27 43 62
28 44 63
29 45 64
30 46 65
31 47 66
32 48 67
33 49 68
34 50 69
35 51 70
36 52 71
37 53 72
38 54 73
39 55 74
40 56 75
41 57 76
42 58 77
43 59 78
44 60 79
45 61 80
46 62 81
47 63 82
0 48 64
1 49 65
2 50 66
3 51 67
4 52 68
5 53 69
6 54 70
7 55 71
8 56 72
9 57 73
10 58 74
11 59 75
12 60 76
13 61 77
14 62 78
15 63 79
16 64 80
16 65 68
17 66 69
18 67 70
19 68 71
20 69 72
21 70 73
22 71 74
23 72 75
24 73 76
25 74 77
26 75 78
27 76 79
28 77 80
29 78 81
30 79 82
0 31 80
1 32 81
2 33 82
0 3 34
1 4 35
2 5 36
3 6 37
4 7 38
5 8 39
6 9 40
7 10 41
8 11 42
9 12 43
10 13 44
11 14 45
12 15 46
13 16 47
14 17 48
15 18 49
16 19 50
17 20 51
18 21 52
19 22 53
20 23 54
21 24 55
22 25 56
23 26 57
24 27 58
25 28 59
26 29 60
27 30 61
28 31 62
29 32 63
30 33 64
31 34 65
32 35 66
33 36 67
34 37 68
35 38 69
36 39 70
37 40 71
38 41 72
39 42 73
40 43 74
41 44 75
42 45 76
43 46 77
44 47 78
45 48 79
46 49 80
47 50 81
48 51 82
0 49 52
1 50 53
2 51 54
3 52 55
4 53 56
5 54 57
6 55 58
7 56 59
8 57 60
9 58 61
10 59 62
11 60 63
12 61 64
13 62 65
14 63 66
15 64 67
62 66 67
63 67 68
64 68 69
65 69 70
66 70 71
67 71 72
68 72 73
69 73 74
70 74 75
71 75 76
72 76 77
73 77 78
74 78 79
75 79 80
76 80 81
77 81 82
0 78 82
0 1 79
1 2 80
2 3 81
3 4 82
0 4 5
1 5 6
2 6 7
3 7 8
4 8 9
5 9 10
6 10 11
7 11 12
8 12 13
9 13 14
10 14 15
11 15 16
12 16 17
13 17 18
14 18 19
15 19 20
16 20 21
17 21 22
18 22 23
19 23 24
20 24 25
21 25 26
22 26 27
23 27 28
24 28 29
25 29 30
26 30 31
27 31 32
28 32 33
29 33 34
30 34 35
31 35 36
32 36 37
33 37 38
34 38 39
35 39 40
36 40 41
37 41 42
38 42 43
39 43 44
40 44 45
41 45 46
42 46 47
43 47 48
44 48 49
45 49 50
46 50 51
47 51 52
48 52 53
49 53 54
50 54 55
51 55 56
52 56 57
53 57 58
54 58 59
55 59 60
56 60 61
57 61 62
58 62 63
59 63 64
60 64 65
61 65 66
4 11 65
5 12 66
6 13 67
7 14 68
8 15 69
9 16 70
10 17 71
11 18 72
12 19 73
13 20 74
14 21 75
15 22 76
16 23 77
17 24 78
18 25 79
19 26 80
20 27 81
21 28 82
0 22 29
1 23 30
2 24 31
3 25 32
4 26 33
5 27 34
6 28 35
7 29 36
8 30 37
9 31 38
10 32 39
11 33 40
12 34 41
13 35 42
14 36 43
15 37 44
16 38 45
17 39 46
18 40 47
19 41 48
20 42 49
21 43 50
22 44 51
23 45 52
24 46 53
25 47 54
26 48 55
27 49 56
28 50 57
29 51 58
30 52 59
31 53 60
32 54 61
33 55 62
34 56 63
35 57 64
36 58 65
37 59 66
38 60 67
39 61 68
40 62 69
41 63 70
42 64 71
43 65 72
44 66 73
45 67 74
46 68 75
47 69 76
48 70 77
49 71 78
50 72 79
51 73 80
52 74 81
53 75 82
0 54 76
1 55 77
2 56 78
3 57 79
4 58 80
5 59 81
6 60 82
0 7 61
1 8 62
2 9 63
3 10 64
