1 4 29 37 44 67
4 7 32 40 47 70
7 10 35 43 50 73
10 13 38 46 53 76
13 16 41 49 56 79
16 19 44 52 59 82
1 19 22 47 55 62
4 22 25 50 58 65
7 25 28 53 61 68
10 28 31 56 64 71
13 31 34 59 67 74
16 34 37 62 70 77
19 37 40 65 73 80
22 40 43 68 76 83
2 25 43 46 71 79
5 28 46 49 74 82
1 8 31 49 52 77
4 11 34 52 55 80
7 14 37 55 58 83
2 10 17 40 58 61
5 13 20 43 61 64
8 16 23 46 64 67
11 19 26 49 67 70
14 22 29 52 70 73
17 25 32 55 73 76
20 28 35 58 76 79
23 31 38 61 79 82
1 26 34 41 64 82
24 27 43 58 66 70
27 30 46 61 69 73
30 33 49 64 72 76
33 36 52 67 75 79
36 39 55 70 78 82
1 39 42 58 73 81
0 4 42 45 61 76
3 7 45 48 64 79
6 10 48 51 67 82
1 9 13 51 54 70
4 12 16 54 57 73
7 15 19 57 60 76
10 18 22 60 63 79
13 21 25 63 66 82
1 16 24 28 66 69
4 19 27 31 69 72
7 22 30 34 72 75
10 25 33 37 75 78
13 28 36 40 78 81
0 16 31 39 43 81
0 3 19 34 42 46
3 6 22 37 45 49
6 9 25 40 48 52
9 12 28 43 51 55
12 15 31 46 54 58
15 18 34 49 57 61
18 21 37 52 60 64
21 24 40 55 63 67
23 33 40 41 54 65
26 36 43 44 57 68
29 39 46 47 60 71
32 42 49 50 63 74
35 45 52 53 66 77
38 48 55 56 69 80
41 51 58 59 72 83
2 44 54 61 62 75
5 47 57 64 65 78
8 50 60 67 68 81
0 11 53 63 70 71
3 14 56 66 73 74
6 17 59 69 76 77
9 20 62 72 79 80
12 23 65 75 82 83
1 2 15 26 68 78
4 5 18 29 71 81
0 7 8 21 32 74
3 10 11 24 35 77
6 13 14 27 38 80
9 16 17 30 41 83
2 12 19 20 33 44
5 15 22 23 36 47
8 18 25 26 39 50
11 21 28 29 42 53
14 24 31 32 45 56
17 27 34 35 48 59
20 30 37 38 51 62
8 33 47 51 61 66
11 36 50 54 64 69
14 39 53 57 67 72
17 42 56 60 70 75
20 45 59 63 73 78
23 48 62 66 76 81
0 26 51 65 69 79
3 29 54 68 72 82
1 6 32 57 71 75
4 9 35 60 74 78
7 12 38 63 77 81
0 10 15 41 66 80
3 13 18 44 69 83
2 6 16 21 47 72
5 9 19 24 50 75
8 12 22 27 53 78
11 15 25 30 56 81
0 14 18 28 33 59
3 17 21 31 36 62
6 20 24 34 39 65
9 23 27 37 42 68
12 26 30 40 45 71
15 29 33 43 48 74
18 32 36 46 51 77
21 35 39 49 54 80
24 38 42 52 57 83
2 27 41 45 55 60
5 30 44 48 58 63
19 36 48 53 74 81
0 22 39 51 56 77
3 25 42 54 59 80
6 28 45 57 62 83
2 9 31 48 60 65
5 12 34 51 63 68
8 15 37 54 66 71
11 18 40 57 69 74
14 21 43 60 72 77
17 24 46 63 75 80
20 27 49 66 78 83
2 23 30 52 69 81
0 5 26 33 55 72
3 8 29 36 58 75
6 11 32 39 61 78
9 14 35 42 64 81
0 12 17 38 45 67
3 15 20 41 48 70
6 18 23 44 51 73
9 21 26 47 54 76
12 24 29 50 57 79
15 27 32 53 60 82
1 18 30 35 56 63
4 21 33 38 59 66
7 24 36 41 62 69
10 27 39 44 65 72
13 30 42 47 68 75
16 33 45 50 71 78
58 62 67 71 73 78
61 65 70 74 76 81
0 64 68 73 77 79
3 67 71 76 80 82
1 6 70 74 79 83
2 4 9 73 77 82
1 5 7 12 76 80
4 8 10 15 79 83
2 7 11 13 18 82
1 5 10 14 16 21
4 8 13 17 19 24
7 11 16 20 22 27
10 14 19 23 25 30
13 17 22 26 28 33
16 20 25 29 31 36
19 23 28 32 34 39
22 26 31 35 37 42
25 29 34 38 40 45
28 32 37 41 43 48
31 35 40 44 46 51
34 38 43 47 49 54
37 41 46 50 52 57
40 44 49 53 55 60
43 47 52 56 58 63
46 50 55 59 61 66
49 53 58 62 64 69
52 56 61 65 67 72
55 59 64 68 70 75
31 33 57 63 69 70
34 36 60 66 72 73
37 39 63 69 75 76
40 42 66 72 78 79
43 45 69 75 81 82
0 1 46 48 72 78
3 4 49 51 75 81
0 6 7 52 54 78
3 9 10 55 57 81
0 6 12 13 58 60
3 9 15 16 61 63
6 12 18 19 64 66
9 15 21 22 67 69
12 18 24 25 70 72
15 21 27 28 73 75
18 24 30 31 76 78
21 27 33 34 79 81
0 24 30 36 37 82
1 3 27 33 39 40
4 6 30 36 42 43
7 9 33 39 45 46
10 12 36 42 48 49
13 15 39 45 51 52
16 18 42 48 54 55
19 21 45 51 57 58
22 24 48 54 60 61
25 27 51 57 63 64
28 30 54 60 66 67
22 46 65 66 81 83
0 2 25 49 68 69
3 5 28 52 71 72
6 8 31 55 74 75
9 11 34 58 77 78
12 14 37 61 80 81
0 15 17 40 64 83
2 3 18 20 43 67
5 6 21 23 46 70
8 9 24 26 49 73
11 12 27 29 52 76
14 15 30 32 55 79
17 18 33 35 58 82
1 20 21 36 38 61
4 23 24 39 41 64
7 26 27 42 44 67
10 29 30 45 47 70
13 32 33 48 50 73
16 35 36 51 53 76
19 38 39 54 56 79
22 41 42 57 59 82
1 25 44 45 60 62
4 28 47 48 63 65
7 31 50 51 66 68
10 34 53 54 69 71
13 37 56 57 72 74
16 40 59 60 75 77
19 43 62 63 78 80
2 5 37 53 59 79
5 8 40 56 62 82
1 8 11 43 59 65
4 11 14 46 62 68
7 14 17 49 65 71
10 17 20 52 68 74
13 20 23 55 71 77
16 23 26 58 74 80
19 26 29 61 77 83
2 22 29 32 64 80
5 25 32 35 67 83
2 8 28 35 38 70
5 11 31 38 41 73
8 14 34 41 44 76
11 17 37 44 47 79
14 20 40 47 50 82
1 17 23 43 50 53
4 20 26 46 53 56
7 23 29 49 56 59
10 26 32 52 59 62
13 29 35 55 62 65
16 32 38 58 65 68
19 35 41 61 68 71
22 38 44 64 71 74
25 41 47 67 74 77
28 44 50 70 77 80
31 47 53 73 80 83
2 34 50 56 76 83
3 23 26 38 60 78
6 26 29 41 63 81
0 9 29 32 44 66
3 12 32 35 47 69
6 15 35 38 50 72
9 18 38 41 53 75
12 21 41 44 56 78
15 24 44 47 59 81
0 18 27 47 50 62
3 21 30 50 53 65
6 24 33 53 56 68
9 27 36 56 59 71
12 30 39 59 62 74
15 33 42 62 65 77
18 36 45 65 68 80
21 39 48 68 71 83
2 24 42 51 71 74
5 27 45 54 74 77
8 30 48 57 77 80
11 33 51 60 80 83
2 14 36 54 63 83
2 5 17 39 57 66
5 8 20 42 60 69
8 11 23 45 63 72
11 14 26 48 66 75
14 17 29 51 69 78
17 20 32 54 72 81
0 20 23 35 57 75
