0 8 10 18 33 50 64 71 77 81
1 20 26 31 35 62 66 74 75 77
2 6 25 26 36 37 46 73 82 83
3 5 6 9 22 24 45 49 75 79
4 13 14 16 38 39 41 52 66 77
6 7 18 32 38 40 46 55 65 72
11 19 34 40 50 58 60 75 78 83
6 10 12 13 23 36 50 57 59 80
13 15 19 28 31 38 49 50 68 83
4 6 11 17 21 30 36 43 53 76
4 5 14 15 27 40 42 63 67 74
0 5 28 32 33 36 51 56 66 69
7 11 16 24 27 31 69 71 78 80
3 14 43 47 48 60 61 62 64 73
28 30 38 42 52 59 70 73 75 78
0 1 2 7 22 53 56 57 64 68
9 25 34 35 48 52 57 67 72 81
2 11 23 35 41 58 65 67 70 79
12 29 33 37 45 47 53 64 74 78
3 11 12 21 25 27 44 66 68 72
0 2 15 16 19 21 42 45 59 62
1 8 14 28 29 57 60 63 65 69
1 6 23 33 39 44 55 67 71 73
9 16 28 39 41 46 47 58 68 76
10 31 34 43 45 46 48 56 63 70
1 15 20 24 37 41 54 61 72 76
8 17 22 44 47 51 52 74 80 82
11 12 15 22 32 39 73 74 76 81
5 9 19 25 29 30 41 55 64 80
18 21 24 26 33 48 52 60 76 80
10 16 20 32 33 48 49 58 74 82
1 14 19 26 43 46 54 72 78 79
4 6 7 25 45 51 62 63 76 78
2 9 12 14 17 20 34 38 60 71
6 34 40 41 44 47 48 59 69 77
0 3 31 32 41 53 60 67 80 82
3 13 15 18 29 34 35 51 70 82
7 9 23 37 43 51 59 60 66 74
6 19 20 23 27 47 52 56 65 78
0 19 22 37 39 40 48 57 70 76
5 23 43 51 53 58 62 72 73 77
3 17 19 37 42 49 56 72 77 82
10 27 34 55 61 65 66 75 76 82
4 22 25 26 31 33 58 59 65 79
13 24 30 34 36 39 62 65 68 74
4 35 44 45 46 52 60 61 69 83
11 23 28 37 38 45 48 64 67 77
10 13 14 21 37 51 54 55 68 75
17 21 22 29 39 50 61 63 67 79
1 3 7 10 29 36 38 44 52 58
2 12 16 18 25 43 49 57 67 75
1 14 27 30 32 35 45 50 59 82
19 21 41 45 46 57 66 71 73 74
7 14 20 28 29 36 39 42 48 81
2 8 9 13 32 44 63 76 77 78
1 12 16 24 51 58 63 64 77 83
10 12 28 40 53 62 69 72 79 82
16 17 24 29 31 50 55 56 59 73
15 30 36 55 57 60 68 77 78 79
23 26 30 40 49 56 61 68 71 83
9 15 33 42 43 50 52 53 65 71
7 12 19 35 36 47 63 70 71 82
27 39 41 46 49 51 53 59 60 81
0 6 8 12 31 42 52 54 61 79
2 3 4 18 27 28 39 54 80 83
1 5 11 13 17 25 42 47 56 58
6 14 15 18 22 56 57 58 66 78
10 17 20 22 27 33 38 62 70 83
13 16 26 27 32 34 37 64 73 79
0 4 23 32 39 47 63 71 72 75
5 16 23 31 35 36 40 54 64 76
17 24 32 40 49 52 64 65 66 70
6 13 16 22 28 33 35 43 60 72
4 5 24 38 43 44 57 79 81 82
5 7 8 26 46 50 62 66 67 70
1 7 21 28 34 49 65 73 77 80
3 20 42 46 50 51 57 71 76 79
14 20 24 25 32 44 50 53 54 75
9 21 27 31 32 36 38 57 58 61
8 25 35 37 38 39 40 54 56 60
5 11 18 20 37 52 59 63 68 74
15 26 36 44 45 48 51 65 72 81
1 8 12 17 27 41 43 48 68 75
13 30 31 37 47 49 50 67 69 81
7 13 15 17 46 61 64 69 75 80
0 3 26 34 53 54 55 58 69 74
1 2 11 19 24 33 40 51 61 81
18 22 23 34 36 37 41 42 62 78
20 21 39 43 64 67 69 78 82 83
4 8 20 33 34 36 46 49 68 73
2 26 29 31 38 51 69 74 75 76
6 25 28 55 61 70 71 74 77 81
4 9 10 12 19 24 26 56 67 76
8 18 20 30 31 39 45 55 58 72
1 4 9 18 40 50 60 69 70 73
8 16 18 19 28 30 44 53 61 70
0 12 22 24 30 38 46 54 65 77
21 35 37 44 56 58 62 71 80 81
3 8 15 21 23 24 26 28 40 47
0 9 14 30 33 51 67 75 80 83
0 10 15 17 25 28 35 41 73 78
3 7 17 26 30 33 41 54 57 63
2 7 41 48 50 56 72 74 79 83
19 22 24 32 35 42 55 67 68 69
8 11 29 32 43 47 55 57 62 83
18 38 42 47 53 63 66 79 80 83
2 5 10 29 30 47 48 54 66 71
0 11 14 23 29 31 44 46 49 76
4 6 29 54 59 64 68 70 72 80
3 5 16 59 61 65 76 78 81 83
0 13 20 27 29 40 43 45 77 80
17 18 23 25 45 54 68 69 81 82
36 54 56 59 63 66 67 73 75 81
2 9 11 49 52 54 55 62 63 82
4 5 12 14 21 37 48 55 65 70
5 10 11 26 34 39 42 44 60 64
8 13 22 35 48 49 53 59 71 78
