0 4 21 62 74
3 7 24 65 77
6 10 27 68 80
9 13 30 71 83
2 12 16 33 74
5 15 19 36 77
8 18 22 39 80
11 21 25 42 83
2 14 24 28 45
5 17 27 31 48
8 20 30 34 51
11 23 33 37 54
14 26 36 40 57
17 29 39 43 60
20 32 42 46 63
23 35 45 49 66
26 38 48 52 69
29 41 51 55 72
32 44 54 58 75
35 47 57 61 78
38 50 60 64 81
0 41 53 63 67
3 44 56 66 70
6 47 59 69 73
9 50 62 72 76
12 53 65 75 79
15 56 68 78 82
1 18 59 71 81
27 28 33 46 58
30 31 36 49 61
33 34 39 52 64
36 37 42 55 67
39 40 45 58 70
42 43 48 61 73
45 46 51 64 76
48 49 54 67 79
51 52 57 70 82
1 54 55 60 73
4 57 58 63 76
7 60 61 66 79
10 63 64 69 82
1 13 66 67 72
4 16 69 70 75
7 19 72 73 78
10 22 75 76 81
0 13 25 78 79
3 16 28 81 82
0 1 6 19 31
3 4 9 22 34
6 7 12 25 37
9 10 15 28 40
12 13 18 31 43
15 16 21 34 46
18 19 24 37 49
21 22 27 40 52
24 25 30 43 55
20 24 35 44 64
23 27 38 47 67
26 30 41 50 70
29 33 44 53 73
32 36 47 56 76
35 39 50 59 79
38 42 53 62 82
1 41 45 56 65
4 44 48 59 68
7 47 51 62 71
10 50 54 65 74
13 53 57 68 77
16 56 60 71 80
19 59 63 74 83
2 22 62 66 77
5 25 65 69 80
8 28 68 72 83
2 11 31 71 75
5 14 34 74 78
8 17 37 77 81
0 11 20 40 80
3 14 23 43 83
2 6 17 26 46
5 9 20 29 49
8 12 23 32 52
11 15 26 35 55
14 18 29 38 58
17 21 32 41 61
0 8 15 73 76
3 11 18 76 79
6 14 21 79 82
1 9 17 24 82
1 4 12 20 27
4 7 15 23 30
7 10 18 26 33
10 13 21 29 36
13 16 24 32 39
16 19 27 35 42
19 22 30 38 45
22 25 33 41 48
25 28 36 44 51
28 31 39 47 54
31 34 42 50 57
34 37 45 53 60
37 40 48 56 63
40 43 51 59 66
43 46 54 62 69
46 49 57 65 72
49 52 60 68 75
52 55 63 71 78
55 58 66 74 81
0 58 61 69 77
3 61 64 72 80
6 64 67 75 83
2 9 67 70 78
5 12 70 73 81
1 9 11 14 39
4 12 14 17 42
7 15 17 20 45
10 18 20 23 48
13 21 23 26 51
16 24 26 29 54
19 27 29 32 57
22 30 32 35 60
25 33 35 38 63
28 36 38 41 66
31 39 41 44 69
34 42 44 47 72
37 45 47 50 75
40 48 50 53 78
43 51 53 56 81
0 46 54 56 59
3 49 57 59 62
6 52 60 62 65
9 55 63 65 68
12 58 66 68 71
15 61 69 71 74
18 64 72 74 77
21 67 75 77 80
24 70 78 80 83
2 27 73 81 83
0 2 5 30 76
3 5 8 33 79
6 8 11 36 82
7 39 56 57 83
2 10 42 59 60
5 13 45 62 63
8 16 48 65 66
11 19 51 68 69
14 22 54 71 72
17 25 57 74 75
20 28 60 77 78
23 31 63 80 81
0 26 34 66 83
2 3 29 37 69
5 6 32 40 72
8 9 35 43 75
11 12 38 46 78
14 15 41 49 81
0 17 18 44 52
3 20 21 47 55
6 23 24 50 58
9 26 27 53 61
12 29 30 56 64
15 32 33 59 67
18 35 36 62 70
21 38 39 65 73
24 41 42 68 76
27 44 45 71 79
30 47 48 74 82
1 33 50 51 77
4 36 53 54 80
14 31 33 60 70
17 34 36 63 73
20 37 39 66 76
23 40 42 69 79
26 43 45 72 82
1 29 46 48 75
4 32 49 51 78
7 35 52 54 81
0 10 38 55 57
3 13 41 58 60
6 16 44 61 63
9 19 47 64 66
12 22 50 67 69
15 25 53 70 72
18 28 56 73 75
21 31 59 76 78
24 34 62 79 81
0 27 37 65 82
1 3 30 40 68
4 6 33 43 71
7 9 36 46 74
10 12 39 49 77
13 15 42 52 80
16 18 45 55 83
2 19 21 48 58
5 22 24 51 61
8 25 27 54 64
11 28 30 57 67
14 32 66 69 80
17 35 69 72 83
2 20 38 72 75
5 23 41 75 78
8 26 44 78 81
0 11 29 47 81
0 3 14 32 50
3 6 17 35 53
6 9 20 38 56
9 12 23 41 59
12 15 26 44 62
15 18 29 47 65
18 21 32 50 68
21 24 35 53 71
24 27 38 56 74
27 30 41 59 77
30 33 44 62 80
33 36 47 65 83
2 36 39 50 68
5 39 42 53 71
8 42 45 56 74
11 45 48 59 77
14 48 51 62 80
17 51 54 65 83
2 20 54 57 68
5 23 57 60 71
8 26 60 63 74
11 29 63 66 77
6 34 48 49 55
9 37 51 52 58
12 40 54 55 61
15 43 57 58 64
18 46 60 61 67
21 49 63 64 70
24 52 66 67 73
27 55 69 70 76
30 58 72 73 79
33 61 75 76 82
1 36 64 78 79
4 39 67 81 82
0 1 7 42 70
3 4 10 45 73
6 7 13 48 76
9 10 16 51 79
12 13 19 54 82
1 15 16 22 57
4 18 19 25 60
7 21 22 28 63
10 24 25 31 66
13 27 28 34 69
16 30 31 37 72
19 33 34 40 75
22 36 37 43 78
25 39 40 46 81
0 28 42 43 49
3 31 45 46 52
20 22 49 82 83
1 2 23 25 52
4 5 26 28 55
7 8 29 31 58
10 11 32 34 61
13 14 35 37 64
16 17 38 40 67
19 20 41 43 70
22 23 44 46 73
25 26 47 49 76
28 29 50 52 79
31 32 53 55 82
1 34 35 56 58
4 37 38 59 61
7 40 41 62 64
10 43 44 65 67
13 46 47 68 70
16 49 50 71 73
19 52 53 74 76
22 55 56 77 79
25 58 59 80 82
1 28 61 62 83
2 4 31 64 65
5 7 34 67 68
8 10 37 70 71
11 13 40 73 74
14 16 43 76 77
17 19 46 79 80
14 19 26 68 81
0 17 22 29 71
3 20 25 32 74
6 23 28 35 77
9 26 31 38 80
12 29 34 41 83
2 15 32 37 44
5 18 35 40 47
8 21 38 43 50
11 24 41 46 53
14 27 44 49 56
17 30 47 52 59
20 33 50 55 62
23 36 53 58 65
26 39 56 61 68
29 42 59 64 71
32 45 62 67 74
35 48 65 70 77
38 51 68 73 80
41 54 71 76 83
2 44 57 74 79
5 47 60 77 82
1 8 50 63 80
4 11 53 66 83
2 7 14 56 69
5 10 17 59 72
8 13 20 62 75
11 16 23 65 78
2 13 55 61 81
0 5 16 58 64
3 8 19 61 67
6 11 22 64 70
9 14 25 67 73
12 17 28 70 76
15 20 31 73 79
18 23 34 76 82
1 21 26 37 79
4 24 29 40 82
1 7 27 32 43
4 10 30 35 46
7 13 33 38 49
10 16 36 41 52
13 19 39 44 55
16 22 42 47 58
19 25 45 50 61
22 28 48 53 64
25 31 51 56 67
28 34 54 59 70
31 37 57 62 73
34 40 60 65 76
37 43 63 68 79
40 46 66 71 82
1 43 49 69 74
4 46 52 72 77
7 49 55 75 80
10 52 58 78 83
22 31 35 68 74
25 34 38 71 77
28 37 41 74 80
31 40 44 77 83
2 34 43 47 80
5 37 46 50 83
2 8 40 49 53
5 11 43 52 56
8 14 46 55 59
11 17 49 58 62
14 20 52 61 65
17 23 55 64 68
20 26 58 67 71
23 29 61 70 74
26 32 64 73 77
29 35 67 76 80
32 38 70 79 83
2 35 41 73 82
1 5 38 44 76
4 8 41 47 79
7 11 44 50 82
1 10 14 47 53
4 13 17 50 56
7 16 20 53 59
10 19 23 56 62
13 22 26 59 65
16 25 29 62 68
19 28 32 65 71
9 32 48 57 81
0 12 35 51 60
3 15 38 54 63
6 18 41 57 66
9 21 44 60 69
12 24 47 63 72
15 27 50 66 75
18 30 53 69 78
21 33 56 72 81
0 24 36 59 75
3 27 39 62 78
6 30 42 65 81
0 9 33 45 68
3 12 36 48 71
6 15 39 51 74
9 18 42 54 77
12 21 45 57 80
15 24 48 60 83
2 18 27 51 63
5 21 30 54 66
8 24 33 57 69
11 27 36 60 72
14 30 39 63 75
17 33 42 66 78
20 36 45 69 81
0 23 39 48 72
3 26 42 51 75
6 29 45 54 78
