0 1 8 34 62 66 67 72 74
2 8 17 22 23 32 40 54 71
3 19 22 24 25 30 50 59 74
4 5 23 31 45 55 56 58 63
10 27 28 36 42 44 46 62 79
7 9 17 45 53 65 79 81 82
11 13 20 26 39 44 50 58 60
1 11 12 27 33 40 69 78 81
6 9 14 37 44 51 55 70 80
13 15 31 49 52 57 66 70 82
13 16 37 41 64 69 71 73 74
13 18 46 53 67 76 78 80 83
29 43 46 47 58 61 71 72 81
11 46 48 51 54 63 66 68 73
0 2 9 10 11 21 24 41 52
3 16 21 40 58 65 66 75 76
10 18 34 48 49 59 66 77 78
4 25 26 27 41 54 61 70 76
5 14 20 28 35 38 52 54 78
6 7 29 31 33 39 54 59 83
10 12 25 44 47 57 63 64 67
17 30 36 39 49 63 69 72 80
14 19 29 32 41 53 56 62 77
4 15 35 43 51 60 64 75 77
0 16 25 35 39 56 68 78 79
21 22 26 29 42 45 64 66 80
1 2 3 13 28 30 45 51 61
5 7 17 21 42 50 57 61 68
8 20 24 33 49 55 61 64 76
12 13 24 34 36 43 54 56 65
1 9 23 39 46 50 52 56 64
1 15 20 36 40 41 47 48 83
14 15 23 24 27 39 67 73 81
3 15 29 32 34 37 38 63 79
5 8 10 19 26 51 69 82 83
7 12 18 20 21 30 62 70 73
0 5 15 22 30 33 44 53 71
2 19 42 52 55 60 72 76 83
1 4 13 14 22 49 57 79 83
2 17 29 44 48 56 74 76 82
2 16 33 36 38 50 67 77 82
7 8 11 25 31 43 53 60 81
7 22 34 39 41 46 55 75 82
2 20 23 26 37 46 57 59 65
3 5 9 12 27 31 35 48 72
3 4 9 18 32 38 61 77 81
16 26 30 32 42 43 48 55 81
3 23 24 43 44 52 68 69 83
0 17 31 38 47 61 65 73 80
1 10 19 24 35 38 55 66 71
24 38 40 51 53 57 58 74 78
1 5 16 17 29 36 59 60 70
0 6 13 28 40 46 55 68 77
12 17 41 45 52 57 59 62 77
27 32 45 49 60 65 67 68 74
19 35 42 47 59 68 70 75 81
9 19 33 37 48 54 58 62 77
7 24 32 35 46 47 58 69 70
4 32 40 44 50 59 72 73 79
21 35 50 54 62 80 81 82 83
9 14 26 31 34 36 68 71 76
5 7 11 23 30 47 76 77 79
10 14 17 18 19 39 40 43 45
6 17 27 28 30 34 58 64 83
8 14 21 25 38 46 48 60 69
6 24 26 48 52 61 67 75 79
7 18 28 33 37 42 51 56 72
4 8 29 30 41 42 52 65 78
2 9 40 63 70 74 75 78 83
4 11 16 34 57 65 72 80 83
1 16 24 42 44 49 53 54 77
2 5 18 31 34 41 44 66 81
2 14 15 33 53 58 59 68 80
3 17 26 47 55 60 62 73 78
0 7 16 20 27 50 51 63 71
25 33 34 36 42 45 51 52 73
7 26 38 40 49 56 62 64 72
11 12 14 15 42 61 71 74 82
9 20 28 29 31 40 42 67 69
6 33 41 43 57 60 74 79 80
6 15 37 45 50 66 69 76 78
5 21 39 47 49 52 53 55 74
5 11 24 25 28 62 65 75 82
0 18 27 54 55 57 69 75 79
12 19 23 34 41 49 51 61 79
10 13 23 29 32 33 72 75 78
0 3 11 19 36 37 49 64 81
8 9 18 22 35 36 57 58 73
0 1 23 43 59 63 73 76 82
4 17 24 31 33 46 51 74 81
12 23 32 37 39 60 61 66 83
1 3 33 39 65 69 70 71 77
1 2 4 7 14 48 64 65 66
7 19 21 27 44 57 67 71 78
1 8 10 30 31 37 50 68 75
1 12 20 25 29 55 58 79 80
9 15 16 17 18 23 25 47 72
14 26 33 35 44 56 61 63 75
2 25 27 29 35 43 49 51 66
0 14 16 30 38 44 45 46 83
1 6 11 15 18 21 26 32 54
6 10 16 22 52 58 63 76 81
11 22 38 51 55 56 59 67 69
6 9 13 38 39 42 43 62 63
5 7 13 25 32 37 40 52 80
38 41 49 58 68 70 72 76 82
20 23 24 45 48 62 71 75 80
13 19 20 27 34 47 56 57 81
2 4 10 12 26 53 62 69 73
8 18 19 28 44 63 65 74 80
8 13 21 31 48 59 64 77 79
5 6 12 19 46 49 50 73 75
0 12 28 32 39 48 51 57 76
20 21 22 31 32 43 51 78 82
21 23 28 33 38 41 47 66 75
3 14 41 45 47 50 54 67 72
3 18 24 29 57 64 68 73 82
6 25 28 56 71 73 77 81 83
0 13 17 30 35 37 42 58 67
27 32 36 53 59 61 64 78 80
3 8 10 15 45 46 56 70 80
22 28 34 37 43 48 50 53 70
3 7 10 20 26 54 74 77 80
6 11 17 20 36 53 66 72 75
4 15 16 19 20 28 31 62 68
0 9 26 28 29 49 59 60 71
8 12 16 22 27 38 52 68 77
21 22 24 34 37 60 63 72 77
11 16 29 34 35 40 45 61 69
3 6 23 35 41 42 53 63 65
9 30 40 54 56 60 66 79 82
10 22 47 51 60 61 62 65 76
0 4 5 23 43 54 64 67 70
4 21 23 35 36 56 71 74 76
2 11 18 50 52 60 70 71 79
2 4 6 8 27 37 39 47 82
7 15 29 30 36 50 55 57 65
