0 1 11 24 31 45 48 60 70 78
10 28 29 44 49 55 61 67 74 77
3 6 27 38 45 50 59 64 68 81
2 3 4 5 8 25 43 53 74 76
7 9 18 26 30 40 41 48 52 53
4 12 28 33 35 40 42 58 60 75
8 13 15 17 33 38 41 55 66 84
5 9 14 32 49 57 59 68 70 72
6 8 19 21 26 37 44 54 78 80
20 29 30 32 45 46 69 75 76 80
9 11 21 23 34 35 61 62 63 83
7 17 36 43 45 49 51 56 63 83
13 34 40 43 57 64 70 71 79 82
0 9 12 16 17 19 25 46 81 84
1 18 39 42 44 46 56 62 64 71
10 11 20 22 27 42 53 54 68 84
2 14 20 31 41 51 58 63 79 81
7 15 24 25 27 44 58 72 75 82
0 29 35 39 50 51 52 54 72 74
15 18 21 29 60 67 68 79 83 84
3 10 12 21 30 51 65 66 73 82
4 11 32 36 41 44 50 57 73 84
14 18 19 23 35 43 44 45 55 66
3 15 35 37 42 47 48 57 69 77
0 6 28 32 47 52 53 55 65 79
1 13 22 25 30 37 50 58 61 67
5 15 20 36 38 40 46 52 61 78
4 6 13 16 23 24 29 48 56 80
24 26 38 58 65 71 74 76 77 84
4 9 10 55 58 62 69 72 78 83
23 31 33 37 52 55 56 68 76 82
5 7 28 31 34 50 62 66 80 84
21 22 25 33 36 45 59 69 71 74
8 19 32 40 48 51 55 60 62 71
1 7 10 19 27 29 33 57 59 63
7 11 12 54 55 64 67 69 74 75
0 5 10 26 31 32 61 64 75 83
8 24 42 52 57 65 66 67 80 81
11 12 13 18 26 47 59 76 81 83
4 7 37 39 43 44 60 61 65 81
2 9 13 35 36 48 54 65 68 75
3 23 26 46 49 50 55 57 60 82
0 3 14 21 27 34 41 56 67 75
1 2 11 22 26 29 40 44 66 72
25 28 30 38 54 56 57 60 63 72
15 16 18 31 35 38 64 70 73 74
19 24 41 51 53 61 64 66 68 69
1 4 37 38 45 49 53 62 75 79
1 6 8 14 16 40 50 65 69 83
5 13 16 21 31 39 45 53 57 58
20 21 24 33 46 47 48 49 50 64
6 7 12 22 46 58 68 70 73 77
0 6 17 18 20 57 61 62 76 82
25 26 32 33 34 42 45 54 61 73
9 16 23 27 36 60 66 71 77 79
14 28 39 48 59 63 73 78 82 84
5 12 29 41 42 43 50 71 78 82
1 3 7 13 17 21 28 32 35 52
15 19 22 28 34 36 49 64 76 81
3 17 24 31 40 44 54 59 62 79
4 9 19 22 31 38 67 73 82 83
0 4 14 15 17 26 30 63 68 71
2 5 13 27 52 60 62 69 73 81
10 11 13 14 25 38 42 51 77 80
21 27 38 39 40 55 63 70 76 80
8 12 45 52 63 64 67 72 77 84
20 25 26 35 49 56 59 66 67 70
20 30 33 44 51 53 56 70 81 83
0 8 10 18 29 34 36 37 58 70
2 10 12 15 19 32 39 50 56 79
23 27 28 37 41 46 57 72 74 83
6 13 19 30 31 36 42 43 47 74
5 6 18 50 54 63 66 75 77 81
6 11 15 34 43 46 51 52 58 59
1 5 9 24 36 47 51 55 73 80
2 6 31 33 35 46 53 67 71 78
7 16 33 68 72 73 76 78 79 80
3 10 16 22 44 47 52 63 71 75
0 14 30 33 43 62 64 75 77 80
3 9 20 25 29 55 63 64 65 78
15 23 25 41 42 45 47 62 65 70
5 8 11 27 30 35 47 56 79 82
12 18 27 31 48 49 61 65 72 80
1 17 20 34 53 60 72 73 74 77
6 10 25 39 48 60 64 66 76 83
0 5 22 23 37 40 51 67 76 84
40 43 47 49 54 56 58 69 73 84
32 36 48 58 62 63 67 74 81 82
18 24 25 26 28 36 39 52 69 79
1 10 16 41 43 46 54 59 65 76
2 3 6 19 36 61 70 72 75 84
4 17 27 32 37 47 58 64 66 78
12 14 22 29 35 36 53 57 62 76
0 2 7 38 42 49 66 71 73 83
1 5 12 23 34 38 44 48 68 69
9 11 28 37 45 56 61 71 73 81
0 4 22 35 41 56 59 60 77 80
2 4 16 18 21 32 51 77 78 82
3 5 11 17 19 33 39 58 65 67
4 14 46 52 54 61 66 70 74 79
2 16 24 30 34 37 42 55 59 63
9 17 28 31 42 44 50 69 70 76
6 9 11 15 16 30 39 41 49 74
1 3 15 53 54 58 71 80 82 83
16 20 26 27 28 43 51 62 67 68
7 14 16 29 38 47 60 61 69 82
2 7 8 20 23 28 54 57 58 64
8 11 25 29 31 39 40 68 77 81
17 21 22 42 43 48 55 72 79 81
2 10 17 40 45 47 68 74 80 82
3 8 9 18 22 24 32 33 38 43
8 17 23 29 50 53 59 61 73 75
0 8 13 44 46 49 53 63 69 78
12 14 19 20 24 37 49 52 77 83
1 10 23 24 30 32 35 78 81 84
4 13 20 23 34 39 47 67 71 72
22 34 39 51 56 57 65 74 75 78
