13 18 69 79
14 19 70 80
15 20 71 81
16 21 72 82
17 22 73 83
18 23 74 84
0 19 24 75
1 20 25 76
2 21 26 77
3 22 27 78
4 23 28 79
5 24 29 80
6 25 30 81
7 26 31 82
8 27 32 83
9 28 33 84
0 10 29 34
1 11 30 35
2 12 31 36
3 13 32 37
4 14 33 38
5 15 34 39
6 16 35 40
7 17 36 41
8 18 37 42
9 19 38 43
10 20 39 44
11 21 40 45
12 22 41 46
13 23 42 47
14 24 43 48
15 25 44 49
16 26 45 50
17 27 46 51
18 28 47 52
19 29 48 53
20 30 49 54
21 31 50 55
22 32 51 56
23 33 52 57
24 34 53 58
25 35 54 59
26 36 55 60
27 37 56 61
28 38 57 62
29 39 58 63
30 40 59 64
31 41 60 65
32 42 61 66
33 43 62 67
34 44 63 68
35 45 64 69
36 46 65 70
37 47 66 71
38 48 67 72
39 49 68 73
40 50 69 74
41 51 70 75
42 52 71 76
43 53 72 77
44 54 73 78
45 55 74 79
46 56 75 80
47 57 76 81
48 58 77 82
49 59 78 83
50 60 79 84
0 51 61 80
1 52 62 81
2 53 63 82
3 54 64 83
4 55 65 84
0 5 56 66
1 6 57 67
2 7 58 68
3 8 59 69
4 9 60 70
5 10 61 71
6 11 62 72
7 12 63 73
8 13 64 74
9 14 65 75
10 15 66 76
11 16 67 77
12 17 68 78
39 55 57 82
40 56 58 83
41 57 59 84
0 42 58 60
1 43 59 61
2 44 60 62
3 45 61 63
4 46 62 64
5 47 63 65
6 48 64 66
7 49 65 67
8 50 66 68
9 51 67 69
10 52 68 70
11 53 69 71
12 54 70 72
13 55 71 73
14 56 72 74
15 57 73 75
16 58 74 76
17 59 75 77
18 60 76 78
19 61 77 79
20 62 78 80
21 63 79 81
22 64 80 82
23 65 81 83
24 66 82 84
0 25 67 83
1 26 68 84
0 2 27 69
1 3 28 70
2 4 29 71
3 5 30 72
4 6 31 73
5 7 32 74
6 8 33 75
7 9 34 76
8 10 35 77
9 11 36 78
10 12 37 79
11 13 38 80
12 14 39 81
13 15 40 82
14 16 41 83
15 17 42 84
0 16 18 43
1 17 19 44
2 18 20 45
3 19 21 46
4 20 22 47
5 21 23 48
6 22 24 49
7 23 25 50
8 24 26 51
9 25 27 52
10 26 28 53
11 27 29 54
12 28 30 55
13 29 31 56
14 30 32 57
15 31 33 58
16 32 34 59
17 33 35 60
18 34 36 61
19 35 37 62
20 36 38 63
21 37 39 64
22 38 40 65
23 39 41 66
24 40 42 67
25 41 43 68
26 42 44 69
27 43 45 70
28 44 46 71
29 45 47 72
30 46 48 73
31 47 49 74
32 48 50 75
33 49 51 76
34 50 52 77
35 51 53 78
36 52 54 79
37 53 55 80
38 54 56 81
26 56 62 70
27 57 63 71
28 58 64 72
29 59 65 73
30 60 66 74
31 61 67 75
32 62 68 76
33 63 69 77
34 64 70 78
35 65 71 79
36 66 72 80
37 67 73 81
38 68 74 82
39 69 75 83
40 70 76 84
0 41 71 77
1 42 72 78
2 43 73 79
3 44 74 80
4 45 75 81
5 46 76 82
6 47 77 83
7 48 78 84
0 8 49 79
1 9 50 80
2 10 51 81
3 11 52 82
4 12 53 83
5 13 54 84
0 6 14 55
1 7 15 56
2 8 16 57
3 9 17 58
4 10 18 59
5 11 19 60
6 12 20 61
7 13 21 62
8 14 22 63
9 15 23 64
10 16 24 65
11 17 25 66
12 18 26 67
13 19 27 68
14 20 28 69
15 21 29 70
16 22 30 71
17 23 31 72
18 24 32 73
19 25 33 74
20 26 34 75
21 27 35 76
22 28 36 77
23 29 37 78
24 30 38 79
25 31 39 80
26 32 40 81
27 33 41 82
28 34 42 83
29 35 43 84
0 30 36 44
1 31 37 45
2 32 38 46
3 33 39 47
4 34 40 48
5 35 41 49
6 36 42 50
7 37 43 51
8 38 44 52
9 39 45 53
10 40 46 54
11 41 47 55
12 42 48 56
13 43 49 57
14 44 50 58
15 45 51 59
16 46 52 60
17 47 53 61
18 48 54 62
19 49 55 63
20 50 56 64
21 51 57 65
22 52 58 66
23 53 59 67
24 54 60 68
25 55 61 69
40 55 75 78
41 56 76 79
42 57 77 80
43 58 78 81
44 59 79 82
45 60 80 83
46 61 81 84
0 47 62 82
1 48 63 83
2 49 64 84
0 3 50 65
1 4 51 66
2 5 52 67
3 6 53 68
4 7 54 69
5 8 55 70
6 9 56 71
7 10 57 72
8 11 58 73
9 12 59 74
10 13 60 75
11 14 61 76
12 15 62 77
13 16 63 78
14 17 64 79
15 18 65 80
16 19 66 81
17 20 67 82
18 21 68 83
19 22 69 84
0 20 23 70
1 21 24 71
2 22 25 72
3 23 26 73
4 24 27 74
5 25 28 75
6 26 29 76
7 27 30 77
8 28 31 78
9 29 32 79
10 30 33 80
11 31 34 81
12 32 35 82
13 33 36 83
14 34 37 84
0 15 35 38
1 16 36 39
2 17 37 40
3 18 38 41
4 19 39 42
5 20 40 43
6 21 41 44
7 22 42 45
8 23 43 46
9 24 44 47
10 25 45 48
11 26 46 49
12 27 47 50
13 28 48 51
14 29 49 52
15 30 50 53
16 31 51 54
17 32 52 55
18 33 53 56
19 34 54 57
20 35 55 58
21 36 56 59
22 37 57 60
23 38 58 61
24 39 59 62
25 40 60 63
26 41 61 64
27 42 62 65
28 43 63 66
29 44 64 67
30 45 65 68
31 46 66 69
32 47 67 70
33 48 68 71
34 49 69 72
35 50 70 73
36 51 71 74
37 52 72 75
38 53 73 76
39 54 74 77
21 54 66 67
22 55 67 68
23 56 68 69
24 57 69 70
25 58 70 71
26 59 71 72
27 60 72 73
28 61 73 74
29 62 74 75
30 63 75 76
31 64 76 77
32 65 77 78
33 66 78 79
34 67 79 80
35 68 80 81
36 69 81 82
37 70 82 83
38 71 83 84
0 39 72 84
0 1 40 73
1 2 41 74
2 3 42 75
3 4 43 76
4 5 44 77
5 6 45 78
6 7 46 79
7 8 47 80
8 9 48 81
9 10 49 82
10 11 50 83
11 12 51 84
0 12 13 52
1 13 14 53
2 14 15 54
3 15 16 55
4 16 17 56
5 17 18 57
6 18 19 58
7 19 20 59
8 20 21 60
9 21 22 61
10 22 23 62
11 23 24 63
12 24 25 64
13 25 26 65
14 26 27 66
15 27 28 67
16 28 29 68
17 29 30 69
18 30 31 70
19 31 32 71
20 32 33 72
21 33 34 73
22 34 35 74
23 35 36 75
24 36 37 76
25 37 38 77
26 38 39 78
27 39 40 79
28 40 41 80
29 41 42 81
30 42 43 82
31 43 44 83
32 44 45 84
0 33 45 46
1 34 46 47
2 35 47 48
3 36 48 49
4 37 49 50
5 38 50 51
6 39 51 52
7 40 52 53
8 41 53 54
9 42 54 55
10 43 55 56
11 44 56 57
12 45 57 58
13 46 58 59
14 47 59 60
15 48 60 61
16 49 61 62
17 50 62 63
18 51 63 64
19 52 64 65
20 53 65 66
16 37 44 48
17 38 45 49
18 39 46 50
19 40 47 51
20 41 48 52
21 42 49 53
22 43 50 54
23 44 51 55
24 45 52 56
25 46 53 57
26 47 54 58
27 48 55 59
28 49 56 60
29 50 57 61
30 51 58 62
31 52 59 63
32 53 60 64
33 54 61 65
34 55 62 66
35 56 63 67
36 57 64 68
37 58 65 69
38 59 66 70
39 60 67 71
40 61 68 72
41 62 69 73
42 63 70 74
43 64 71 75
44 65 72 76
45 66 73 77
46 67 74 78
47 68 75 79
48 69 76 80
49 70 77 81
50 71 78 82
51 72 79 83
52 73 80 84
0 53 74 81
1 54 75 82
2 55 76 83
3 56 77 84
0 4 57 78
1 5 58 79
2 6 59 80
3 7 60 81
4 8 61 82
5 9 62 83
6 10 63 84
0 7 11 64
1 8 12 65
2 9 13 66
3 10 14 67
4 11 15 68
5 12 16 69
6 13 17 70
7 14 18 71
8 15 19 72
9 16 20 73
10 17 21 74
11 18 22 75
12 19 23 76
13 20 24 77
14 21 25 78
15 22 26 79
16 23 27 80
17 24 28 81
18 25 29 82
19 26 30 83
20 27 31 84
0 21 28 32
1 22 29 33
2 23 30 34
3 24 31 35
4 25 32 36
5 26 33 37
6 27 34 38
7 28 35 39
8 29 36 40
9 30 37 41
10 31 38 42
11 32 39 43
12 33 40 44
13 34 41 45
14 35 42 46
15 36 43 47
18 27 44 81
19 28 45 82
20 29 46 83
21 30 47 84
0 22 31 48
1 23 32 49
2 24 33 50
3 25 34 51
4 26 35 52
5 27 36 53
6 28 37 54
7 29 38 55
8 30 39 56
9 31 40 57
10 32 41 58
11 33 42 59
12 34 43 60
13 35 44 61
14 36 45 62
15 37 46 63
16 38 47 64
17 39 48 65
18 40 49 66
19 41 50 67
20 42 51 68
21 43 52 69
22 44 53 70
23 45 54 71
24 46 55 72
25 47 56 73
26 48 57 74
27 49 58 75
28 50 59 76
29 51 60 77
30 52 61 78
31 53 62 79
32 54 63 80
33 55 64 81
34 56 65 82
35 57 66 83
36 58 67 84
0 37 59 68
1 38 60 69
2 39 61 70
3 40 62 71
4 41 63 72
5 42 64 73
6 43 65 74
7 44 66 75
8 45 67 76
9 46 68 77
10 47 69 78
11 48 70 79
12 49 71 80
13 50 72 81
14 51 73 82
15 52 74 83
16 53 75 84
0 17 54 76
1 18 55 77
2 19 56 78
3 20 57 79
4 21 58 80
5 22 59 81
6 23 60 82
7 24 61 83
8 25 62 84
0 9 26 63
1 10 27 64
2 11 28 65
3 12 29 66
4 13 30 67
5 14 31 68
6 15 32 69
7 16 33 70
8 17 34 71
9 18 35 72
10 19 36 73
11 20 37 74
12 21 38 75
13 22 39 76
14 23 40 77
15 24 41 78
16 25 42 79
17 26 43 80
