0 3 15 20 30 33 45 54 60
0 1 10 13 17 30 34 43 76
2 5 13 15 25 49 55 63 83
4 10 19 23 33 37 46 65 75
4 7 9 22 25 28 40 48 81
8 12 16 19 21 34 38 59 80
3 11 14 27 29 47 57 71 74
18 24 37 41 60 66 69 71 83
13 18 20 26 29 40 65 68 78
14 26 36 42 50 67 76 79 83
2 10 11 31 39 41 51 52 64
13 23 32 45 57 58 59 61 62
2 6 12 36 40 44 57 60 77
1 3 48 53 62 67 73 77 84
6 22 24 27 33 35 50 61 72
8 20 46 48 63 64 70 72 82
9 15 36 38 52 56 73 75 82
0 9 35 47 53 59 64 78 83
5 21 31 42 43 58 66 73 81
0 7 18 21 23 27 51 77 79
17 32 41 47 63 68 70 75 77
19 28 30 58 63 64 69 79 84
9 18 39 46 49 58 74 76 80
11 18 30 38 44 48 55 61 70
4 8 29 31 35 49 62 68 71
14 17 21 28 49 53 56 60 65
1 29 37 44 49 59 70 79 81
0 5 11 12 22 41 46 56 62
7 26 34 54 61 65 69 73 74
5 16 23 28 36 39 70 71 78
4 14 20 24 30 41 55 59 73
0 6 28 29 32 55 66 67 80
1 24 25 42 45 47 53 68 79
9 23 24 26 27 43 55 83 84
3 10 28 44 56 68 72 80 83
12 25 27 30 37 39 53 68 82
16 17 50 51 55 57 69 81 82
7 8 11 13 33 36 53 66 84
15 18 22 43 59 63 67 71 82
6 20 25 41 52 54 78 81 83
16 20 32 35 37 42 56 74 84
12 34 45 48 49 50 66 75 78
24 31 34 36 40 46 53 54 63
38 39 40 41 43 45 72 74 79
5 29 37 38 51 54 72 76 77
8 10 15 26 29 41 50 58 80
1 3 4 5 18 32 50 52 64
5 21 26 30 35 40 47 80 82
7 17 35 39 44 46 52 58 67
2 15 19 44 50 53 62 70 74
3 20 21 22 36 44 51 58 75
0 2 53 61 71 75 76 81 84
1 11 20 23 54 57 63 66 80
0 10 13 14 25 35 38 69 70
22 32 33 34 39 57 70 73 83
0 4 17 18 19 31 36 72 73
2 9 20 27 31 32 46 50 69
4 21 33 51 61 63 67 74 78
14 20 23 34 37 47 62 67 72
6 7 45 55 56 64 68 71 76
1 2 14 16 33 43 48 58 68
28 31 33 42 52 55 59 74 77
3 17 25 26 46 59 61 66 79
27 36 43 62 64 65 80 81 83
10 11 12 17 32 40 42 54 71
6 21 29 39 48 56 59 62 69
4 13 24 38 44 56 66 77 82
0 8 18 28 37 48 52 57 74
7 10 19 20 43 47 49 61 77
11 19 24 32 58 60 76 78 82
16 22 47 52 62 65 66 76 79
40 47 49 50 51 59 60 73 84
3 4 6 11 16 31 75 79 83
14 15 23 31 37 40 61 64 66
4 15 38 42 46 57 68 78 84
1 8 13 21 22 26 65 71 72
1 7 35 39 42 55 60 63 75
9 30 31 56 57 65 66 67 70
3 8 12 33 40 55 67 69 76
5 9 11 34 41 44 65 78 84
2 3 13 17 37 45 73 80 81
10 18 24 28 54 62 75 82 84
8 23 24 25 44 51 64 73 76
22 23 30 36 49 50 68 69 74
7 12 13 15 21 28 31 47 50
5 10 20 48 53 57 60 71 79
11 25 37 50 54 56 58 61 71
2 3 6 23 35 41 42 65 82
13 16 27 41 46 49 54 64 67
30 46 48 51 52 71 77 80 83
2 7 8 30 32 59 72 75 78
6 18 26 32 33 38 49 53 56
8 12 17 20 29 39 61 83 84
4 21 27 45 52 63 70 76 84
0 5 17 21 24 33 64 68 74
1 19 27 40 51 55 56 62 78
11 15 26 28 34 35 45 77 81
2 4 23 26 39 47 48 54 66
25 26 31 33 44 60 62 75 80
0 3 9 38 39 50 63 65 77
4 26 28 41 43 51 53 69 70
2 8 18 22 34 47 55 56 79
3 7 24 37 43 49 52 57 78
7 18 19 22 29 42 45 82 83
1 5 6 28 46 47 61 69 73
7 16 24 41 42 53 61 70 80
1 10 12 38 58 66 72 74 83
10 11 27 59 60 63 67 68 73
14 22 25 31 77 78 80 82 84
0 3 19 25 34 40 58 70 74
9 12 14 18 32 51 68 72 81
19 21 35 41 48 57 66 68 76
6 8 9 13 14 52 60 61 68
5 25 29 34 57 64 67 72 75
9 10 21 22 37 46 53 54 55
0 9 11 13 42 49 51 72 82
6 12 15 17 35 43 51 54 70
12 14 24 29 45 46 51 63 65
2 19 20 24 28 38 39 67 81
4 12 35 37 69 73 78 79 80
0 7 16 26 32 43 44 56 63
27 34 42 44 51 52 66 69 71
1 33 36 41 44 47 61 81 82
5 8 14 27 39 44 45 54 59
8 10 16 30 42 58 64 65 77
13 15 24 27 32 39 48 75 79
6 15 16 40 45 52 69 72 84
16 18 25 29 35 36 43 50 60
1 15 20 36 59 65 74 75 76
12 19 23 26 29 52 53 57 64
6 13 19 34 54 68 74 79 82
8 23 43 46 56 60 70 74 81
15 17 22 38 42 48 60 62 64
2 9 16 29 30 33 71 73 79
11 14 21 40 43 69 75 77 83
6 10 26 30 36 37 62 63 81
4 6 34 53 55 58 60 65 72
2 21 25 32 36 45 48 55 65
5 7 9 14 19 38 62 71 80
17 23 27 28 31 38 47 58 76
1 9 10 17 31 45 48 67 78
