3 19 26 54 56 59
4 20 27 55 57 60
5 21 28 56 58 61
6 22 29 57 59 62
7 23 30 58 60 63
8 24 31 59 61 64
9 25 32 60 62 65
10 26 33 61 63 66
11 27 34 62 64 67
12 28 35 63 65 68
13 29 36 64 66 69
14 30 37 65 67 70
15 31 38 66 68 71
16 32 39 67 69 72
17 33 40 68 70 73
18 34 41 69 71 74
19 35 42 70 72 75
20 36 43 71 73 76
21 37 44 72 74 77
22 38 45 73 75 78
23 39 46 74 76 79
24 40 47 75 77 80
25 41 48 76 78 81
26 42 49 77 79 82
27 43 50 78 80 83
28 44 51 79 81 84
0 29 45 52 80 82
1 30 46 53 81 83
2 31 47 54 82 84
0 3 32 48 55 83
1 4 33 49 56 84
0 2 5 34 50 57
1 3 6 35 51 58
2 4 7 36 52 59
3 5 8 37 53 60
4 6 9 38 54 61
5 7 10 39 55 62
6 8 11 40 56 63
7 9 12 41 57 64
8 10 13 42 58 65
9 11 14 43 59 66
10 12 15 44 60 67
11 13 16 45 61 68
12 14 17 46 62 69
13 15 18 47 63 70
14 16 19 48 64 71
15 17 20 49 65 72
16 18 21 50 66 73
17 19 22 51 67 74
18 20 23 52 68 75
19 21 24 53 69 76
20 22 25 54 70 77
21 23 26 55 71 78
22 24 27 56 72 79
23 25 28 57 73 80
24 26 29 58 74 81
25 27 30 59 75 82
26 28 31 60 76 83
27 29 32 61 77 84
0 28 30 33 62 78
1 29 31 34 63 79
2 30 32 35 64 80
3 31 33 36 65 81
4 32 34 37 66 82
5 33 35 38 67 83
6 34 36 39 68 84
0 7 35 37 40 69
1 8 36 38 41 70
2 9 37 39 42 71
3 10 38 40 43 72
4 11 39 41 44 73
5 12 40 42 45 74
6 13 41 43 46 75
7 14 42 44 47 76
8 15 43 45 48 77
9 16 44 46 49 78
10 17 45 47 50 79
11 18 46 48 51 80
12 19 47 49 52 81
13 20 48 50 53 82
14 21 49 51 54 83
15 22 50 52 55 84
0 16 23 51 53 56
1 17 24 52 54 57
2 18 25 53 55 58
12 29 37 38 50 56
13 30 38 39 51 57
14 31 39 40 52 58
15 32 40 41 53 59
16 33 41 42 54 60
17 34 42 43 55 61
18 35 43 44 56 62
19 36 44 45 57 63
20 37 45 46 58 64
21 38 46 47 59 65
22 39 47 48 60 66
23 40 48 49 61 67
24 41 49 50 62 68
25 42 50 51 63 69
26 43 51 52 64 70
27 44 52 53 65 71
28 45 53 54 66 72
29 46 54 55 67 73
30 47 55 56 68 74
31 48 56 57 69 75
32 49 57 58 70 76
33 50 58 59 71 77
34 51 59 60 72 78
35 52 60 61 73 79
36 53 61 62 74 80
37 54 62 63 75 81
38 55 63 64 76 82
39 56 64 65 77 83
40 57 65 66 78 84
0 41 58 66 67 79
1 42 59 67 68 80
2 43 60 68 69 81
3 44 61 69 70 82
4 45 62 70 71 83
5 46 63 71 72 84
0 6 47 64 72 73
1 7 48 65 73 74
2 8 49 66 74 75
3 9 50 67 75 76
4 10 51 68 76 77
5 11 52 69 77 78
6 12 53 70 78 79
7 13 54 71 79 80
8 14 55 72 80 81
9 15 56 73 81 82
10 16 57 74 82 83
11 17 58 75 83 84
0 12 18 59 76 84
0 1 13 19 60 77
1 2 14 20 61 78
2 3 15 21 62 79
3 4 16 22 63 80
4 5 17 23 64 81
5 6 18 24 65 82
6 7 19 25 66 83
7 8 20 26 67 84
0 8 9 21 27 68
1 9 10 22 28 69
2 10 11 23 29 70
3 11 12 24 30 71
4 12 13 25 31 72
5 13 14 26 32 73
6 14 15 27 33 74
7 15 16 28 34 75
8 16 17 29 35 76
9 17 18 30 36 77
10 18 19 31 37 78
11 19 20 32 38 79
12 20 21 33 39 80
13 21 22 34 40 81
14 22 23 35 41 82
15 23 24 36 42 83
16 24 25 37 43 84
0 17 25 26 38 44
1 18 26 27 39 45
2 19 27 28 40 46
3 20 28 29 41 47
4 21 29 30 42 48
5 22 30 31 43 49
6 23 31 32 44 50
7 24 32 33 45 51
8 25 33 34 46 52
9 26 34 35 47 53
10 27 35 36 48 54
11 28 36 37 49 55
2 7 16 38 77 81
3 8 17 39 78 82
4 9 18 40 79 83
5 10 19 41 80 84
0 6 11 20 42 81
1 7 12 21 43 82
2 8 13 22 44 83
3 9 14 23 45 84
0 4 10 15 24 46
1 5 11 16 25 47
2 6 12 17 26 48
3 7 13 18 27 49
4 8 14 19 28 50
5 9 15 20 29 51
6 10 16 21 30 52
7 11 17 22 31 53
8 12 18 23 32 54
9 13 19 24 33 55
10 14 20 25 34 56
11 15 21 26 35 57
12 16 22 27 36 58
13 17 23 28 37 59
14 18 24 29 38 60
15 19 25 30 39 61
16 20 26 31 40 62
17 21 27 32 41 63
18 22 28 33 42 64
19 23 29 34 43 65
20 24 30 35 44 66
21 25 31 36 45 67
22 26 32 37 46 68
23 27 33 38 47 69
24 28 34 39 48 70
25 29 35 40 49 71
26 30 36 41 50 72
27 31 37 42 51 73
28 32 38 43 52 74
29 33 39 44 53 75
30 34 40 45 54 76
31 35 41 46 55 77
32 36 42 47 56 78
33 37 43 48 57 79
34 38 44 49 58 80
35 39 45 50 59 81
36 40 46 51 60 82
37 41 47 52 61 83
38 42 48 53 62 84
0 39 43 49 54 63
1 40 44 50 55 64
2 41 45 51 56 65
3 42 46 52 57 66
4 43 47 53 58 67
5 44 48 54 59 68
6 45 49 55 60 69
7 46 50 56 61 70
8 47 51 57 62 71
9 48 52 58 63 72
10 49 53 59 64 73
11 50 54 60 65 74
12 51 55 61 66 75
13 52 56 62 67 76
14 53 57 63 68 77
15 54 58 64 69 78
16 55 59 65 70 79
17 56 60 66 71 80
18 57 61 67 72 81
19 58 62 68 73 82
20 59 63 69 74 83
21 60 64 70 75 84
0 22 61 65 71 76
1 23 62 66 72 77
2 24 63 67 73 78
3 25 64 68 74 79
4 26 65 69 75 80
5 27 66 70 76 81
6 28 67 71 77 82
7 29 68 72 78 83
8 30 69 73 79 84
0 9 31 70 74 80
1 10 32 71 75 81
2 11 33 72 76 82
3 12 34 73 77 83
4 13 35 74 78 84
0 5 14 36 75 79
1 6 15 37 76 80
