0 9 15 24 30 67 82
0 1 12 28 33 53 55
6 27 30 42 44 56 73
2 3 4 16 53 54 66
5 11 18 31 56 58 60
7 25 35 44 50 81 83
10 17 18 22 40 79 84
9 11 13 34 37 75 77
14 23 30 51 56 69 75
19 34 38 42 53 70 71
17 20 24 36 42 46 77
17 21 26 37 59 62 67
4 7 35 46 61 78 79
4 14 26 39 72 74 82
28 41 43 54 73 80 81
25 38 45 47 62 72 84
12 15 39 49 63 64 69
19 27 28 37 40 57 61
0 48 58 62 68 70 80
19 22 29 33 45 76 78
3 8 12 22 59 65 73
15 27 39 41 45 59 68
1 10 15 29 37 66 81
0 5 35 41 46 66 72
6 7 11 17 19 47 69
7 13 30 53 58 61 68
2 9 20 26 51 64 73
2 31 32 61 65 66 71
5 8 20 43 55 78 83
9 34 44 49 65 78 80
1 11 40 50 51 54 59
0 13 14 35 60 65 76
10 14 19 47 48 59 63
3 17 29 31 34 51 57
4 12 21 24 34 44 58
1 36 42 43 62 64 65
8 28 52 58 70 75 84
16 57 60 62 73 78 82
23 31 42 46 48 54 68
24 25 26 50 70 76 78
33 43 46 56 59 61 70
21 28 38 48 61 73 74
22 25 31 35 55 68 81
5 27 49 65 71 73 77
28 32 33 35 39 42 76
23 24 39 50 52 62 63
24 33 40 41 47 60 83
3 20 30 45 49 70 81
4 6 20 32 38 60 75
8 37 50 53 56 63 72
24 30 32 57 59 80 84
16 19 30 39 44 77 83
9 36 40 47 66 68 82
0 6 10 43 52 64 76
1 32 52 56 68 72 77
5 28 29 42 50 67 69
3 15 36 44 48 72 79
2 12 13 17 23 70 72
6 16 26 40 44 52 81
5 7 8 45 48 57 64
11 29 43 53 67 73 79
15 20 22 25 56 57 71
16 25 51 65 67 74 75
10 21 36 41 46 57 75
7 18 38 46 55 67 80
0 2 22 34 39 47 83
1 3 19 23 25 60 61
2 7 15 43 70 75 82
12 27 36 60 67 81 84
4 31 37 69 70 73 83
6 9 21 39 56 76 84
4 8 23 47 76 77 81
11 44 55 61 64 71 84
3 13 26 27 43 47 50
14 21 35 40 64 70 77
7 21 29 30 54 72 78
4 17 30 41 48 50 65
0 17 27 33 38 44 54
13 28 46 49 51 82 83
17 35 63 68 73 74 84
12 26 31 44 47 53 74
8 16 24 27 35 69 71
20 33 47 57 58 65 67
8 19 26 29 32 36 49
11 12 23 29 38 65 68
2 5 10 14 32 44 62
6 12 15 22 51 61 77
18 25 32 41 53 69 82
1 34 38 41 49 56 79
16 32 37 46 47 55 79
12 24 25 42 56 66 83
0 26 57 61 63 69 77
7 10 58 71 74 76 83
0 11 16 20 21 23 49
0 3 18 37 68 75 78
14 15 19 46 50 58 73
5 22 36 51 52 53 70
6 13 18 24 29 48 57
7 28 31 59 62 77 79
15 28 30 34 55 60 63
3 10 38 55 56 77 82
9 12 17 32 45 50 78
2 6 33 50 68 71 79
23 37 42 44 45 65 82
2 19 24 48 56 65 81
1 20 37 40 72 74 78
23 25 29 41 58 64 79
35 37 38 39 43 51 58
30 40 53 62 75 79 81
0 8 10 25 34 40 46
1 12 26 35 42 48 75
3 5 40 48 49 52 63
11 14 39 42 57 78 81
22 43 48 58 60 69 72
1 17 58 63 71 81 82
7 13 41 42 54 63 84
3 27 34 46 62 69 76
11 13 15 20 25 33 52
6 45 54 58 66 74 77
7 14 20 27 48 53 66
14 18 34 36 54 61 83
6 20 31 34 61 67 72
19 21 43 51 62 66 68
17 28 47 56 64 66 78
8 9 14 24 31 38 79
12 14 37 41 52 60 71
8 39 44 60 66 67 70
22 29 44 46 63 66 75
11 49 53 57 68 76 83
5 12 19 54 76 79 82
9 23 26 28 45 46 71
22 23 32 38 40 73 80
6 14 17 25 43 49 55
16 31 33 45 63 64 72
2 11 35 36 45 69 80
3 9 14 22 28 41 67
10 11 27 32 63 70 74
8 15 21 42 50 55 74
10 42 45 51 60 61 79
5 17 24 39 53 61 75
13 38 52 59 66 69 78
3 23 36 71 74 83 84
9 20 29 35 56 62 74
11 22 24 28 62 72 82
4 9 23 27 54 55 57
0 29 51 59 71 72 81
7 18 23 33 37 49 66
5 15 16 17 26 38 83
1 13 16 21 22 27 76
2 40 42 49 55 58 72
18 20 41 44 51 63 76
26 54 55 56 60 68 70
18 25 27 39 45 52 79
5 6 23 34 35 59 82
10 19 27 64 72 75 83
4 11 48 51 67 71 78
0 19 20 31 50 82 84
16 38 41 57 65 70 72
0 4 18 22 42 64 74
2 12 30 46 52 57 74
6 15 18 28 36 65 70
4 20 28 44 68 69 79
4 15 32 47 49 51 84
8 13 15 18 54 62 71
10 26 33 34 58 66 73
1 7 24 45 51 55 73
43 46 53 65 77 78 84
1 9 21 48 70 79 83
13 21 46 53 60 64 81
14 25 29 47 54 70 73
23 32 34 43 48 50 81
10 20 26 28 39 54 65
0 21 45 47 71 73 75
0 7 16 28 32 36 56
8 21 27 33 51 80 82
1 4 5 14 33 62 84
6 27 31 36 41 58 78
1 18 35 43 44 47 57
42 47 52 61 62 80 81
21 31 35 49 52 54 67
1 3 6 8 11 39 46
6 14 37 45 53 80 83
3 18 19 26 30 33 35
2 18 27 29 50 60 77
48 55 59 66 75 76 84
1 5 22 30 47 71 80
8 11 26 30 41 61 66
6 13 32 62 63 67 83
10 15 23 35 53 67 78
1 34 52 64 67 68 82
5 10 13 36 39 55 73
7 22 26 34 37 60 84
4 29 52 55 59 65 83
25 33 37 39 48 77 80
4 13 19 40 45 56 67
24 38 43 49 59 60 74
0 26 56 63 65 79 80
30 36 37 38 50 64 76
9 10 12 16 49 50 62
3 24 32 37 54 58 64
8 14 16 34 43 45 68
1 2 10 30 31 69 84
7 9 17 19 52 60 80
7 12 31 39 40 43 71
13 50 57 66 74 79 80
16 29 39 48 61 82 84
5 9 33 68 69 74 81
13 31 33 36 44 59 75
19 34 41 55 62 69 74
4 9 25 30 36 43 63
2 5 21 25 28 37 59
22 49 50 54 61 69 75
2 8 17 41 67 76 77
12 16 18 20 59 64 80
2 18 21 38 63 78 81
3 4 10 24 68 72 80
9 18 52 61 72 73 76
3 9 16 42 53 58 59
15 29 31 40 75 76 80
3 7 21 32 40 65 69
