4 22 49 78 81
6 24 51 80 83
1 8 26 53 82
0 3 10 28 55
2 5 12 30 57
4 7 14 32 59
6 9 16 34 61
8 11 18 36 63
10 13 20 38 65
12 15 22 40 67
14 17 24 42 69
16 19 26 44 71
18 21 28 46 73
20 23 30 48 75
22 25 32 50 77
24 27 34 52 79
26 29 36 54 81
28 31 38 56 83
1 30 33 40 58
3 32 35 42 60
5 34 37 44 62
7 36 39 46 64
9 38 41 48 66
11 40 43 50 68
13 42 45 52 70
15 44 47 54 72
17 46 49 56 74
19 48 51 58 76
21 50 53 60 78
23 52 55 62 80
25 54 57 64 82
0 27 56 59 66
2 29 58 61 68
4 31 60 63 70
6 33 62 65 72
8 35 64 67 74
10 37 66 69 76
12 39 68 71 78
14 41 70 73 80
16 43 72 75 82
0 18 45 74 77
2 20 47 76 79
17 24 58 59 77
19 26 60 61 79
21 28 62 63 81
23 30 64 65 83
1 25 32 66 67
3 27 34 68 69
5 29 36 70 71
7 31 38 72 73
9 33 40 74 75
11 35 42 76 77
13 37 44 78 79
15 39 46 80 81
17 41 48 82 83
0 1 19 43 50
2 3 21 45 52
4 5 23 47 54
6 7 25 49 56
8 9 27 51 58
10 11 29 53 60
12 13 31 55 62
14 15 33 57 64
16 17 35 59 66
18 19 37 61 68
20 21 39 63 70
22 23 41 65 72
24 25 43 67 74
26 27 45 69 76
28 29 47 71 78
30 31 49 73 80
32 33 51 75 82
0 34 35 53 77
2 36 37 55 79
4 38 39 57 81
6 40 41 59 83
1 8 42 43 61
3 10 44 45 63
5 12 46 47 65
7 14 48 49 67
9 16 50 51 69
11 18 52 53 71
13 20 54 55 73
15 22 56 57 75
31 36 58 67 75
33 38 60 69 77
35 40 62 71 79
37 42 64 73 81
39 44 66 75 83
1 41 46 68 77
3 43 48 70 79
5 45 50 72 81
7 47 52 74 83
1 9 49 54 76
3 11 51 56 78
5 13 53 58 80
7 15 55 60 82
0 9 17 57 62
2 11 19 59 64
4 13 21 61 66
6 15 23 63 68
8 17 25 65 70
10 19 27 67 72
12 21 29 69 74
14 23 31 71 76
16 25 33 73 78
18 27 35 75 80
20 29 37 77 82
0 22 31 39 79
2 24 33 41 81
4 26 35 43 83
1 6 28 37 45
3 8 30 39 47
5 10 32 41 49
7 12 34 43 51
9 14 36 45 53
11 16 38 47 55
13 18 40 49 57
15 20 42 51 59
17 22 44 53 61
19 24 46 55 63
21 26 48 57 65
23 28 50 59 67
25 30 52 61 69
27 32 54 63 71
29 34 56 65 73
41 45 57 60 71
43 47 59 62 73
45 49 61 64 75
47 51 63 66 77
49 53 65 68 79
51 55 67 70 81
53 57 69 72 83
1 55 59 71 74
3 57 61 73 76
5 59 63 75 78
7 61 65 77 80
9 63 67 79 82
0 11 65 69 81
2 13 67 71 83
1 4 15 69 73
3 6 17 71 75
5 8 19 73 77
7 10 21 75 79
9 12 23 77 81
11 14 25 79 83
1 13 16 27 81
3 15 18 29 83
1 5 17 20 31
3 7 19 22 33
5 9 21 24 35
7 11 23 26 37
9 13 25 28 39
11 15 27 30 41
13 17 29 32 43
15 19 31 34 45
17 21 33 36 47
19 23 35 38 49
21 25 37 40 51
23 27 39 42 53
25 29 41 44 55
27 31 43 46 57
29 33 45 48 59
31 35 47 50 61
33 37 49 52 63
35 39 51 54 65
37 41 53 56 67
39 43 55 58 69
3 5 54 66 84
5 7 56 68 84
7 9 58 70 84
9 11 60 72 84
11 13 62 74 84
13 15 64 76 84
15 17 66 78 84
17 19 68 80 84
19 21 70 82 84
0 21 23 72 84
2 23 25 74 84
4 25 27 76 84
6 27 29 78 84
8 29 31 80 84
10 31 33 82 84
0 12 33 35 84
2 14 35 37 84
4 16 37 39 84
6 18 39 41 84
8 20 41 43 84
10 22 43 45 84
12 24 45 47 84
14 26 47 49 84
16 28 49 51 84
18 30 51 53 84
20 32 53 55 84
22 34 55 57 84
24 36 57 59 84
26 38 59 61 84
28 40 61 63 84
30 42 63 65 84
32 44 65 67 84
34 46 67 69 84
36 48 69 71 84
38 50 71 73 84
40 52 73 75 84
42 54 75 77 84
44 56 77 79 84
46 58 79 81 84
48 60 81 83 84
1 50 62 83 84
1 3 52 64 84
3 14 27 62 77
5 16 29 64 79
7 18 31 66 81
9 20 33 68 83
1 11 22 35 70
3 13 24 37 72
5 15 26 39 74
7 17 28 41 76
9 19 30 43 78
11 21 32 45 80
13 23 34 47 82
0 15 25 36 49
2 17 27 38 51
4 19 29 40 53
6 21 31 42 55
8 23 33 44 57
10 25 35 46 59
12 27 37 48 61
14 29 39 50 63
16 31 41 52 65
18 33 43 54 67
20 35 45 56 69
22 37 47 58 71
24 39 49 60 73
26 41 51 62 75
28 43 53 64 77
30 45 55 66 79
32 47 57 68 81
34 49 59 70 83
1 36 51 61 72
3 38 53 63 74
5 40 55 65 76
7 42 57 67 78
9 44 59 69 80
11 46 61 71 82
0 13 48 63 73
2 15 50 65 75
4 17 52 67 77
6 19 54 69 79
8 21 56 71 81
10 23 58 73 83
1 12 25 60 75
0 2 16 42 80
2 4 18 44 82
0 4 6 20 46
2 6 8 22 48
4 8 10 24 50
6 10 12 26 52
8 12 14 28 54
10 14 16 30 56
12 16 18 32 58
14 18 20 34 60
16 20 22 36 62
18 22 24 38 64
20 24 26 40 66
22 26 28 42 68
24 28 30 44 70
26 30 32 46 72
28 32 34 48 74
30 34 36 50 76
32 36 38 52 78
34 38 40 54 80
36 40 42 56 82
0 38 42 44 58
2 40 44 46 60
4 42 46 48 62
6 44 48 50 64
8 46 50 52 66
10 48 52 54 68
12 50 54 56 70
14 52 56 58 72
16 54 58 60 74
18 56 60 62 76
20 58 62 64 78
22 60 64 66 80
24 62 66 68 82
0 26 64 68 70
2 28 66 70 72
4 30 68 72 74
6 32 70 74 76
8 34 72 76 78
10 36 74 78 80
12 38 76 80 82
0 14 40 78 82
16 21 36 77 83
1 18 23 38 79
3 20 25 40 81
5 22 27 42 83
1 7 24 29 44
3 9 26 31 46
5 11 28 33 48
7 13 30 35 50
9 15 32 37 52
11 17 34 39 54
13 19 36 41 56
15 21 38 43 58
17 23 40 45 60
19 25 42 47 62
21 27 44 49 64
23 29 46 51 66
25 31 48 53 68
27 33 50 55 70
29 35 52 57 72
31 37 54 59 74
33 39 56 61 76
35 41 58 63 78
37 43 60 65 80
39 45 62 67 82
0 41 47 64 69
2 43 49 66 71
4 45 51 68 73
6 47 53 70 75
8 49 55 72 77
10 51 57 74 79
12 53 59 76 81
14 55 61 78 83
1 16 57 63 80
3 18 59 65 82
0 5 20 61 67
2 7 22 63 69
4 9 24 65 71
6 11 26 67 73
8 13 28 69 75
10 15 30 71 77
12 17 32 73 79
14 19 34 75 81
29 30 38 62 67
31 32 40 64 69
33 34 42 66 71
35 36 44 68 73
37 38 46 70 75
39 40 48 72 77
41 42 50 74 79
43 44 52 76 81
45 46 54 78 83
1 47 48 56 80
3 49 50 58 82
0 5 51 52 60
2 7 53 54 62
4 9 55 56 64
6 11 57 58 66
8 13 59 60 68
10 15 61 62 70
12 17 63 64 72
14 19 65 66 74
16 21 67 68 76
18 23 69 70 78
20 25 71 72 80
22 27 73 74 82
0 24 29 75 76
2 26 31 77 78
4 28 33 79 80
6 30 35 81 82
0 8 32 37 83
1 2 10 34 39
3 4 12 36 41
5 6 14 38 43
7 8 16 40 45
9 10 18 42 47
11 12 20 44 49
13 14 22 46 51
15 16 24 48 53
17 18 26 50 55
19 20 28 52 57
21 22 30 54 59
23 24 32 56 61
25 26 34 58 63
27 28 36 60 65
8 15 38 79 82
0 10 17 40 81
2 12 19 42 83
1 4 14 21 44
3 6 16 23 46
5 8 18 25 48
7 10 20 27 50
9 12 22 29 52
11 14 24 31 54
13 16 26 33 56
15 18 28 35 58
17 20 30 37 60
19 22 32 39 62
21 24 34 41 64
23 26 36 43 66
25 28 38 45 68
27 30 40 47 70
29 32 42 49 72
31 34 44 51 74
33 36 46 53 76
35 38 48 55 78
37 40 50 57 80
39 42 52 59 82
0 41 44 54 61
2 43 46 56 63
4 45 48 58 65
6 47 50 60 67
8 49 52 62 69
10 51 54 64 71
12 53 56 66 73
14 55 58 68 75
16 57 60 70 77
18 59 62 72 79
20 61 64 74 81
22 63 66 76 83
1 24 65 68 78
3 26 67 70 80
5 28 69 72 82
0 7 30 71 74
2 9 32 73 76
4 11 34 75 78
6 13 36 77 80
