9 21 28 30 31 32 46 56 61
11 23 30 32 33 34 48 58 63
13 25 32 34 35 36 50 60 65
15 27 34 36 37 38 52 62 67
17 29 36 38 39 40 54 64 69
19 31 38 40 41 42 56 66 71
21 33 40 42 43 44 58 68 73
23 35 42 44 45 46 60 70 75
25 37 44 46 47 48 62 72 77
27 39 46 48 49 50 64 74 79
29 41 48 50 51 52 66 76 81
31 43 50 52 53 54 68 78 83
33 45 52 54 55 56 70 80 85
1 35 47 54 56 57 58 72 82
3 37 49 56 58 59 60 74 84
0 5 39 51 58 60 61 62 76
2 7 41 53 60 62 63 64 78
4 9 43 55 62 64 65 66 80
6 11 45 57 64 66 67 68 82
8 13 47 59 66 68 69 70 84
0 10 15 49 61 68 70 71 72
2 12 17 51 63 70 72 73 74
4 14 19 53 65 72 74 75 76
6 16 21 55 67 74 76 77 78
8 18 23 57 69 76 78 79 80
10 20 25 59 71 78 80 81 82
12 22 27 61 73 80 82 83 84
0 14 24 29 63 75 82 84 85
0 1 2 16 26 31 65 77 84
0 2 3 4 18 28 33 67 79
2 4 5 6 20 30 35 69 81
4 6 7 8 22 32 37 71 83
6 8 9 10 24 34 39 73 85
1 8 10 11 12 26 36 41 75
3 10 12 13 14 28 38 43 77
5 12 14 15 16 30 40 45 79
7 14 16 17 18 32 42 47 81
9 16 18 19 20 34 44 49 83
11 18 20 21 22 36 46 51 85
1 13 20 22 23 24 38 48 53
3 15 22 24 25 26 40 50 55
5 17 24 26 27 28 42 52 57
7 19 26 28 29 30 44 54 59
2 14 22 27 49 54 58 65 82
4 16 24 29 51 56 60 67 84
0 6 18 26 31 53 58 62 69
2 8 20 28 33 55 60 64 71
4 10 22 30 35 57 62 66 73
6 12 24 32 37 59 64 68 75
8 14 26 34 39 61 66 70 77
10 16 28 36 41 63 68 72 79
12 18 30 38 43 65 70 74 81
14 20 32 40 45 67 72 76 83
16 22 34 42 47 69 74 78 85
1 18 24 36 44 49 71 76 80
3 20 26 38 46 51 73 78 82
5 22 28 40 48 53 75 80 84
0 7 24 30 42 50 55 77 82
2 9 26 32 44 52 57 79 84
0 4 11 28 34 46 54 59 81
2 6 13 30 36 48 56 61 83
4 8 15 32 38 50 58 63 85
1 6 10 17 34 40 52 60 65
3 8 12 19 36 42 54 62 67
5 10 14 21 38 44 56 64 69
7 12 16 23 40 46 58 66 71
9 14 18 25 42 48 60 68 73
11 16 20 27 44 50 62 70 75
13 18 22 29 46 52 64 72 77
15 20 24 31 48 54 66 74 79
17 22 26 33 50 56 68 76 81
19 24 28 35 52 58 70 78 83
21 26 30 37 54 60 72 80 85
1 23 28 32 39 56 62 74 82
3 25 30 34 41 58 64 76 84
0 5 27 32 36 43 60 66 78
2 7 29 34 38 45 62 68 80
4 9 31 36 40 47 64 70 82
6 11 33 38 42 49 66 72 84
0 8 13 35 40 44 51 68 74
2 10 15 37 42 46 53 70 76
4 12 17 39 44 48 55 72 78
6 14 19 41 46 50 57 74 80
8 16 21 43 48 52 59 76 82
10 18 23 45 50 54 61 78 84
0 12 20 25 47 52 56 63 80
15 18 34 43 51 55 56 57 75
17 20 36 45 53 57 58 59 77
19 22 38 47 55 59 60 61 79
21 24 40 49 57 61 62 63 81
23 26 42 51 59 63 64 65 83
25 28 44 53 61 65 66 67 85
1 27 30 46 55 63 67 68 69
3 29 32 48 57 65 69 70 71
5 31 34 50 59 67 71 72 73
7 33 36 52 61 69 73 74 75
9 35 38 54 63 71 75 76 77
11 37 40 56 65 73 77 78 79
13 39 42 58 67 75 79 80 81
15 41 44 60 69 77 81 82 83
17 43 46 62 71 79 83 84 85
0 1 19 45 48 64 73 81 85
1 2 3 21 47 50 66 75 83
3 4 5 23 49 52 68 77 85
1 5 6 7 25 51 54 70 79
3 7 8 9 27 53 56 72 81
5 9 10 11 29 55 58 74 83
7 11 12 13 31 57 60 76 85
1 9 13 14 15 33 59 62 78
3 11 15 16 17 35 61 64 80
5 13 17 18 19 37 63 66 82
7 15 19 20 21 39 65 68 84
0 9 17 21 22 23 41 67 70
2 11 19 23 24 25 43 69 72
4 13 21 25 26 27 45 71 74
6 15 23 27 28 29 47 73 76
8 17 25 29 30 31 49 75 78
10 19 27 31 32 33 51 77 80
12 21 29 33 34 35 53 79 82
14 23 31 35 36 37 55 81 84
0 16 25 33 37 38 39 57 83
2 18 27 35 39 40 41 59 85
1 4 20 29 37 41 42 43 61
3 6 22 31 39 43 44 45 63
5 8 24 33 41 45 46 47 65
7 10 26 35 43 47 48 49 67
9 12 28 37 45 49 50 51 69
11 14 30 39 47 51 52 53 71
13 16 32 41 49 53 54 55 73
