40 47 73
41 48 74
42 49 75
43 50 76
44 51 77
45 52 78
46 53 79
47 54 80
48 55 81
49 56 82
50 57 83
51 58 84
0 52 59
1 53 60
2 54 61
3 55 62
4 56 63
5 57 64
6 58 65
7 59 66
8 60 67
9 61 68
10 62 69
11 63 70
12 64 71
13 65 72
14 66 73
15 67 74
16 68 75
17 69 76
18 70 77
19 71 78
20 72 79
21 73 80
22 74 81
23 75 82
24 76 83
25 77 84
0 26 78
1 27 79
2 28 80
3 29 81
4 30 82
5 31 83
6 32 84
0 7 33
1 8 34
2 9 35
3 10 36
4 11 37
5 12 38
6 13 39
7 14 40
8 15 41
9 16 42
10 17 43
11 18 44
12 19 45
13 20 46
14 21 47
15 22 48
16 23 49
17 24 50
18 25 51
19 26 52
20 27 53
21 28 54
22 29 55
23 30 56
24 31 57
25 32 58
26 33 59
27 34 60
28 35 61
29 36 62
30 37 63
31 38 64
32 39 65
33 40 66
34 41 67
35 42 68
36 43 69
37 44 70
38 45 71
39 46 72
6 10 15
7 11 16
8 12 17
9 13 18
10 14 19
11 15 20
12 16 21
13 17 22
14 18 23
15 19 24
16 20 25
17 21 26
18 22 27
19 23 28
20 24 29
21 25 30
22 26 31
23 27 32
24 28 33
25 29 34
26 30 35
27 31 36
28 32 37
29 33 38
30 34 39
31 35 40
32 36 41
33 37 42
34 38 43
35 39 44
36 40 45
37 41 46
38 42 47
39 43 48
40 44 49
41 45 50
42 46 51
43 47 52
44 48 53
45 49 54
46 50 55
47 51 56
48 52 57
49 53 58
50 54 59
51 55 60
52 56 61
53 57 62
54 58 63
55 59 64
56 60 65
57 61 66
58 62 67
59 63 68
60 64 69
61 65 70
62 66 71
63 67 72
64 68 73
65 69 74
66 70 75
67 71 76
68 72 77
69 73 78
70 74 79
71 75 80
72 76 81
73 77 82
74 78 83
75 79 84
0 76 80
1 77 81
2 78 82
3 79 83
4 80 84
0 5 81
1 6 82
2 7 83
3 8 84
0 4 9
1 5 10
2 6 11
3 7 12
4 8 13
5 9 14
49 63 65
50 64 66
51 65 67
52 66 68
53 67 69
54 68 70
55 69 71
56 70 72
57 71 73
58 72 74
59 73 75
60 74 76
61 75 77
62 76 78
63 77 79
64 78 80
65 79 81
66 80 82
67 81 83
68 82 84
0 69 83
1 70 84
0 2 71
1 3 72
2 4 73
3 5 74
4 6 75
5 7 76
6 8 77
7 9 78
8 10 79
9 11 80
10 12 81
11 13 82
12 14 83
13 15 84
0 14 16
1 15 17
2 16 18
3 17 19
4 18 20
5 19 21
6 20 22
7 21 23
8 22 24
9 23 25
10 24 26
11 25 27
12 26 28
13 27 29
14 28 30
15 29 31
16 30 32
17 31 33
18 32 34
19 33 35
20 34 36
21 35 37
22 36 38
23 37 39
24 38 40
25 39 41
26 40 42
27 41 43
28 42 44
29 43 45
30 44 46
31 45 47
32 46 48
33 47 49
34 48 50
35 49 51
36 50 52
37 51 53
38 52 54
39 53 55
40 54 56
41 55 57
42 56 58
43 57 59
44 58 60
45 59 61
46 60 62
47 61 63
48 62 64
15 23 35
16 24 36
17 25 37
18 26 38
19 27 39
20 28 40
21 29 41
22 30 42
23 31 43
24 32 44
25 33 45
26 34 46
27 35 47
28 36 48
29 37 49
30 38 50
31 39 51
32 40 52
33 41 53
34 42 54
35 43 55
36 44 56
37 45 57
38 46 58
39 47 59
40 48 60
41 49 61
42 50 62
43 51 63
44 52 64
45 53 65
46 54 66
47 55 67
48 56 68
49 57 69
50 58 70
51 59 71
52 60 72
53 61 73
54 62 74
55 63 75
56 64 76
57 65 77
58 66 78
59 67 79
60 68 80
61 69 81
62 70 82
63 71 83
64 72 84
0 65 73
1 66 74
2 67 75
3 68 76
4 69 77
5 70 78
6 71 79
7 72 80
8 73 81
9 74 82
10 75 83
11 76 84
0 12 77
1 13 78
2 14 79
3 15 80
4 16 81
5 17 82
6 18 83
7 19 84
0 8 20
1 9 21
2 10 22
3 11 23
4 12 24
5 13 25
6 14 26
7 15 27
8 16 28
9 17 29
10 18 30
11 19 31
12 20 32
13 21 33
14 22 34
17 55 84
0 18 56
1 19 57
2 20 58
3 21 59
4 22 60
5 23 61
6 24 62
7 25 63
8 26 64
9 27 65
10 28 66
11 29 67
12 30 68
13 31 69
14 32 70
15 33 71
16 34 72
17 35 73
18 36 74
19 37 75
20 38 76
21 39 77
22 40 78
23 41 79
24 42 80
25 43 81
26 44 82
27 45 83
28 46 84
0 29 47
1 30 48
2 31 49
3 32 50
4 33 51
5 34 52
6 35 53
7 36 54
8 37 55
9 38 56
10 39 57
11 40 58
12 41 59
13 42 60
14 43 61
15 44 62
16 45 63
17 46 64
18 47 65
19 48 66
20 49 67
21 50 68
22 51 69
23 52 70
24 53 71
25 54 72
26 55 73
27 56 74
28 57 75
29 58 76
30 59 77
31 60 78
32 61 79
33 62 80
34 63 81
35 64 82
36 65 83
37 66 84
0 38 67
1 39 68
2 40 69
3 41 70
4 42 71
5 43 72
6 44 73
7 45 74
8 46 75
9 47 76
10 48 77
11 49 78
12 50 79
13 51 80
14 52 81
15 53 82
16 54 83
42 61 83
43 62 84
0 44 63
1 45 64
2 46 65
3 47 66
4 48 67
5 49 68
6 50 69
7 51 70
8 52 71
9 53 72
10 54 73
11 55 74
12 56 75
13 57 76
14 58 77
15 59 78
16 60 79
17 61 80
18 62 81
19 63 82
20 64 83
21 65 84
0 22 66
1 23 67
2 24 68
3 25 69
4 26 70
5 27 71
6 28 72
7 29 73
8 30 74
9 31 75
10 32 76
11 33 77
12 34 78
13 35 79
14 36 80
15 37 81
16 38 82
17 39 83
18 40 84
0 19 41
1 20 42
2 21 43
3 22 44
4 23 45
5 24 46
6 25 47
7 26 48
8 27 49
9 28 50
10 29 51
11 30 52
12 31 53
13 32 54
14 33 55
15 34 56
16 35 57
17 36 58
18 37 59
19 38 60
20 39 61
21 40 62
22 41 63
23 42 64
24 43 65
25 44 66
26 45 67
27 46 68
28 47 69
29 48 70
30 49 71
31 50 72
32 51 73
33 52 74
34 53 75
35 54 76
36 55 77
37 56 78
38 57 79
39 58 80
40 59 81
41 60 82
14 38 53
15 39 54
16 40 55
17 41 56
18 42 57
19 43 58
20 44 59
21 45 60
22 46 61
23 47 62
24 48 63
25 49 64
26 50 65
27 51 66
28 52 67
29 53 68
30 54 69
31 55 70
32 56 71
33 57 72
34 58 73
35 59 74
36 60 75
37 61 76
38 62 77
39 63 78
40 64 79
41 65 80
42 66 81
43 67 82
44 68 83
45 69 84
0 46 70
1 47 71
2 48 72
3 49 73
4 50 74
5 51 75
6 52 76
7 53 77
8 54 78
9 55 79
10 56 80
11 57 81
12 58 82
13 59 83
14 60 84
0 15 61
1 16 62
2 17 63
3 18 64
4 19 65
5 20 66
6 21 67
7 22 68
8 23 69
9 24 70
10 25 71
11 26 72
12 27 73
13 28 74
14 29 75
15 30 76
16 31 77
17 32 78
18 33 79
19 34 80
20 35 81
21 36 82
22 37 83
23 38 84
0 24 39
1 25 40
2 26 41
3 27 42
4 28 43
5 29 44
6 30 45
7 31 46
8 32 47
9 33 48
10 34 49
11 35 50
12 36 51
13 37 52
0 30 84
0 1 31
1 2 32
2 3 33
3 4 34
4 5 35
5 6 36
6 7 37
7 8 38
8 9 39
9 10 40
10 11 41
11 12 42
12 13 43
13 14 44
14 15 45
15 16 46
16 17 47
17 18 48
18 19 49
19 20 50
20 21 51
21 22 52
22 23 53
23 24 54
24 25 55
25 26 56
26 27 57
27 28 58
28 29 59
29 30 60
30 31 61
31 32 62
32 33 63
33 34 64
34 35 65
35 36 66
36 37 67
37 38 68
38 39 69
39 40 70
40 41 71
41 42 72
42 43 73
43 44 74
44 45 75
45 46 76
46 47 77
47 48 78
48 49 79
49 50 80
50 51 81
51 52 82
52 53 83
53 54 84
0 54 55
1 55 56
2 56 57
3 57 58
4 58 59
5 59 60
6 60 61
7 61 62
8 62 63
9 63 64
10 64 65
11 65 66
12 66 67
13 67 68
14 68 69
15 69 70
16 70 71
17 71 72
18 72 73
19 73 74
20 74 75
21 75 76
22 76 77
23 77 78
24 78 79
25 79 80
26 80 81
27 81 82
28 82 83
29 83 84
37 69 80
38 70 81
39 71 82
40 72 83
41 73 84
0 42 74
1 43 75
2 44 76
3 45 77
4 46 78
5 47 79
6 48 80
7 49 81
8 50 82
9 51 83
10 52 84
0 11 53
1 12 54
2 13 55
3 14 56
4 15 57
5 16 58
6 17 59
7 18 60
8 19 61
9 20 62
10 21 63
11 22 64
12 23 65
13 24 66
14 25 67
15 26 68
16 27 69
17 28 70
18 29 71
19 30 72
20 31 73
21 32 74
22 33 75
23 34 76
24 35 77
25 36 78
26 37 79
27 38 80
28 39 81
29 40 82
30 41 83
31 42 84
0 32 43
1 33 44
2 34 45
3 35 46
4 36 47
5 37 48
6 38 49
7 39 50
8 40 51
9 41 52
10 42 53
11 43 54
12 44 55
13 45 56
14 46 57
15 47 58
16 48 59
17 49 60
18 50 61
19 51 62
20 52 63
21 53 64
22 54 65
23 55 66
24 56 67
25 57 68
26 58 69
27 59 70
28 60 71
29 61 72
30 62 73
31 63 74
32 64 75
33 65 76
34 66 77
35 67 78
36 68 79
27 33 54
28 34 55
29 35 56
30 36 57
31 37 58
32 38 59
33 39 60
34 40 61
35 41 62
36 42 63
37 43 64
38 44 65
39 45 66
40 46 67
41 47 68
42 48 69
43 49 70
44 50 71
45 51 72
46 52 73
47 53 74
48 54 75
49 55 76
50 56 77
51 57 78
52 58 79
53 59 80
54 60 81
55 61 82
56 62 83
57 63 84
0 58 64
1 59 65
2 60 66
3 61 67
4 62 68
5 63 69
6 64 70
7 65 71
8 66 72
9 67 73
10 68 74
11 69 75
12 70 76
13 71 77
14 72 78
15 73 79
16 74 80
17 75 81
18 76 82
19 77 83
20 78 84
0 21 79
1 22 80
2 23 81
3 24 82
4 25 83
5 26 84
0 6 27
1 7 28
2 8 29
3 9 30
4 10 31
5 11 32
6 12 33
7 13 34
8 14 35
9 15 36
10 16 37
11 17 38
12 18 39
13 19 40
14 20 41
15 21 42
16 22 43
17 23 44
18 24 45
19 25 46
20 26 47
21 27 48
22 28 49
23 29 50
24 30 51
25 31 52
26 32 53
10 35 45
11 36 46
12 37 47
13 38 48
14 39 49
15 40 50
16 41 51
17 42 52
18 43 53
19 44 54
20 45 55
21 46 56
22 47 57
23 48 58
24 49 59
25 50 60
26 51 61
27 52 62
28 53 63
29 54 64
30 55 65
31 56 66
32 57 67
33 58 68
34 59 69
35 60 70
36 61 71
37 62 72
38 63 73
39 64 74
40 65 75
41 66 76
42 67 77
43 68 78
44 69 79
45 70 80
46 71 81
47 72 82
48 73 83
49 74 84
0 50 75
1 51 76
2 52 77
3 53 78
4 54 79
5 55 80
6 56 81
7 57 82
8 58 83
9 59 84
0 10 60
1 11 61
2 12 62
3 13 63
4 14 64
5 15 65
6 16 66
7 17 67
8 18 68
9 19 69
10 20 70
11 21 71
12 22 72
13 23 73
14 24 74
15 25 75
16 26 76
17 27 77
18 28 78
19 29 79
20 30 80
21 31 81
22 32 82
23 33 83
24 34 84
0 25 35
1 26 36
2 27 37
3 28 38
4 29 39
5 30 40
6 31 41
7 32 42
8 33 43
9 34 44
43 77 80
44 78 81
45 79 82
46 80 83
47 81 84
0 48 82
1 49 83
2 50 84
0 3 51
1 4 52
2 5 53
3 6 54
4 7 55
5 8 56
6 9 57
7 10 58
8 11 59
9 12 60
10 13 61
11 14 62
12 15 63
13 16 64
14 17 65
15 18 66
16 19 67
17 20 68
18 21 69
19 22 70
20 23 71
21 24 72
22 25 73
23 26 74
24 27 75
25 28 76
26 29 77
27 30 78
28 31 79
29 32 80
30 33 81
31 34 82
32 35 83
33 36 84
0 34 37
1 35 38
2 36 39
3 37 40
4 38 41
5 39 42
6 40 43
7 41 44
8 42 45
9 43 46
10 44 47
11 45 48
12 46 49
13 47 50
14 48 51
15 49 52
16 50 53
17 51 54
18 52 55
19 53 56
20 54 57
21 55 58
22 56 59
23 57 60
24 58 61
25 59 62
26 60 63
27 61 64
28 62 65
29 63 66
30 64 67
31 65 68
32 66 69
33 67 70
34 68 71
35 69 72
36 70 73
37 71 74
38 72 75
39 73 76
40 74 77
41 75 78
42 76 79
34 57 70
35 58 71
36 59 72
37 60 73
38 61 74
39 62 75
40 63 76
41 64 77
42 65 78
43 66 79
44 67 80
45 68 81
46 69 82
47 70 83
48 71 84
0 49 72
1 50 73
2 51 74
3 52 75
4 53 76
5 54 77
6 55 78
7 56 79
8 57 80
9 58 81
10 59 82
11 60 83
12 61 84
0 13 62
1 14 63
2 15 64
3 16 65
4 17 66
5 18 67
6 19 68
7 20 69
8 21 70
9 22 71
10 23 72
11 24 73
12 25 74
13 26 75
14 27 76
15 28 77
16 29 78
17 30 79
18 31 80
19 32 81
20 33 82
21 34 83
22 35 84
0 23 36
1 24 37
2 25 38
3 26 39
4 27 40
5 28 41
6 29 42
7 30 43
8 31 44
9 32 45
10 33 46
11 34 47
12 35 48
13 36 49
14 37 50
15 38 51
16 39 52
17 40 53
18 41 54
19 42 55
20 43 56
21 44 57
22 45 58
23 46 59
24 47 60
25 48 61
26 49 62
27 50 63
28 51 64
29 52 65
30 53 66
31 54 67
32 55 68
33 56 69
23 40 80
24 41 81
25 42 82
26 43 83
27 44 84
0 28 45
1 29 46
2 30 47
3 31 48
4 32 49
5 33 50
6 34 51
7 35 52
8 36 53
9 37 54
10 38 55
11 39 56
12 40 57
13 41 58
14 42 59
15 43 60
16 44 61
17 45 62
18 46 63
19 47 64
20 48 65
21 49 66
22 50 67
23 51 68
24 52 69
25 53 70
26 54 71
27 55 72
28 56 73
29 57 74
30 58 75
31 59 76
32 60 77
33 61 78
34 62 79
35 63 80
36 64 81
37 65 82
38 66 83
39 67 84
0 40 68
1 41 69
2 42 70
3 43 71
4 44 72
5 45 73
6 46 74
7 47 75
8 48 76
9 49 77
10 50 78
11 51 79
12 52 80
13 53 81
14 54 82
15 55 83
16 56 84
0 17 57
1 18 58
2 19 59
3 20 60
4 21 61
5 22 62
6 23 63
7 24 64
8 25 65
9 26 66
10 27 67
11 28 68
12 29 69
13 30 70
14 31 71
15 32 72
16 33 73
17 34 74
18 35 75
19 36 76
20 37 77
21 38 78
22 39 79
27 49 85
10 43 85
25 39 85
11 32 85
4 57 85
37 54 85
50 72 85
26 63 85
16 77 85
60 76 85
1 22 85
44 80 85
34 70 85
42 83 85
12 65 85
75 84 85
24 45 85
9 69 85
35 82 85
6 40 85
28 52 85
0 53 85
68 74 85
18 73 85
14 31 85
30 67 85
8 58 85
13 23 85
19 55 85
46 56 85
33 41 85
62 79 85
20 81 85
38 51 85
2 5 85
61 64 85
48 66 85
3 78 85
7 36 85
42 47 85
15 21 85
17 71 85
29 59 85
