0 11 24 38 50 66
1 12 25 39 51 67
2 13 26 40 52 68
3 14 27 41 53 69
4 15 28 42 54 70
5 16 29 43 55 71
6 17 30 44 56 72
7 18 31 45 57 73
8 19 32 46 58 74
9 20 33 47 59 75
10 21 34 48 60 76
11 22 35 49 61 77
12 23 36 50 62 78
13 24 37 51 63 79
14 25 38 52 64 80
15 26 39 53 65 81
16 27 40 54 66 82
17 28 41 55 67 83
18 29 42 56 68 84
19 30 43 57 69 85
0 20 31 44 58 70
1 21 32 45 59 71
2 22 33 46 60 72
3 23 34 47 61 73
4 24 35 48 62 74
5 25 36 49 63 75
6 26 37 50 64 76
7 27 38 51 65 77
8 28 39 52 66 78
9 29 40 53 67 79
10 30 41 54 68 80
11 31 42 55 69 81
12 32 43 56 70 82
13 33 44 57 71 83
14 34 45 58 72 84
15 35 46 59 73 85
0 16 36 47 60 74
1 17 37 48 61 75
2 18 38 49 62 76
3 19 39 50 63 77
4 20 40 51 64 78
5 21 41 52 65 79
6 22 42 53 66 80
7 23 43 54 67 81
8 24 44 55 68 82
9 25 45 56 69 83
10 26 46 57 70 84
11 27 47 58 71 85
0 12 28 48 59 72
1 13 29 49 60 73
2 14 30 50 61 74
3 15 31 51 62 75
4 16 32 52 63 76
5 17 33 53 64 77
6 18 34 54 65 78
7 19 35 55 66 79
8 20 36 56 67 80
9 21 37 57 68 81
10 22 38 58 69 82
11 23 39 59 70 83
12 24 40 60 71 84
13 25 41 61 72 85
0 14 26 42 62 73
1 15 27 43 63 74
2 16 28 44 64 75
3 17 29 45 65 76
4 18 30 46 66 77
5 19 31 47 67 78
6 20 32 48 68 79
7 21 33 49 69 80
8 22 34 50 70 81
9 23 35 51 71 82
10 24 36 52 72 83
11 25 37 53 73 84
12 26 38 54 74 85
0 13 27 39 55 75
1 14 28 40 56 76
2 15 29 41 57 77
3 16 30 42 58 78
4 17 31 43 59 79
5 18 32 44 60 80
6 19 33 45 61 81
7 20 34 46 62 82
8 21 35 47 63 83
9 22 36 48 64 84
10 23 37 49 65 85
0 2 5 35 45 54
1 3 6 36 46 55
2 4 7 37 47 56
3 5 8 38 48 57
4 6 9 39 49 58
5 7 10 40 50 59
6 8 11 41 51 60
7 9 12 42 52 61
8 10 13 43 53 62
9 11 14 44 54 63
10 12 15 45 55 64
11 13 16 46 56 65
12 14 17 47 57 66
13 15 18 48 58 67
14 16 19 49 59 68
15 17 20 50 60 69
16 18 21 51 61 70
17 19 22 52 62 71
18 20 23 53 63 72
19 21 24 54 64 73
20 22 25 55 65 74
21 23 26 56 66 75
22 24 27 57 67 76
23 25 28 58 68 77
24 26 29 59 69 78
25 27 30 60 70 79
26 28 31 61 71 80
27 29 32 62 72 81
28 30 33 63 73 82
29 31 34 64 74 83
30 32 35 65 75 84
31 33 36 66 76 85
0 32 34 37 67 77
1 33 35 38 68 78
2 34 36 39 69 79
3 35 37 40 70 80
4 36 38 41 71 81
5 37 39 42 72 82
6 38 40 43 73 83
7 39 41 44 74 84
8 40 42 45 75 85
0 9 41 43 46 76
1 10 42 44 47 77
2 11 43 45 48 78
3 12 44 46 49 79
4 13 45 47 50 80
5 14 46 48 51 81
6 15 47 49 52 82
7 16 48 50 53 83
8 17 49 51 54 84
9 18 50 52 55 85
0 10 19 51 53 56
1 11 20 52 54 57
2 12 21 53 55 58
3 13 22 54 56 59
4 14 23 55 57 60
5 15 24 56 58 61
6 16 25 57 59 62
7 17 26 58 60 63
8 18 27 59 61 64
9 19 28 60 62 65
10 20 29 61 63 66
11 21 30 62 64 67
12 22 31 63 65 68
13 23 32 64 66 69
14 24 33 65 67 70
15 25 34 66 68 71
16 26 35 67 69 72
17 27 36 68 70 73
18 28 37 69 71 74
19 29 38 70 72 75
20 30 39 71 73 76
21 31 40 72 74 77
22 32 41 73 75 78
23 33 42 74 76 79
24 34 43 75 77 80
25 35 44 76 78 81
26 36 45 77 79 82
27 37 46 78 80 83
28 38 47 79 81 84
29 39 48 80 82 85
0 30 40 49 81 83
1 31 41 50 82 84
2 32 42 51 83 85
0 3 33 43 52 84
1 4 34 44 53 85
0 1 8 65 69 71
1 2 9 66 70 72
2 3 10 67 71 73
3 4 11 68 72 74
4 5 12 69 73 75
5 6 13 70 74 76
6 7 14 71 75 77
7 8 15 72 76 78
8 9 16 73 77 79
9 10 17 74 78 80
10 11 18 75 79 81
11 12 19 76 80 82
12 13 20 77 81 83
13 14 21 78 82 84
14 15 22 79 83 85
0 15 16 23 80 84
1 16 17 24 81 85
0 2 17 18 25 82
1 3 18 19 26 83
2 4 19 20 27 84
3 5 20 21 28 85
0 4 6 21 22 29
1 5 7 22 23 30
2 6 8 23 24 31
3 7 9 24 25 32
4 8 10 25 26 33
5 9 11 26 27 34
6 10 12 27 28 35
7 11 13 28 29 36
8 12 14 29 30 37
9 13 15 30 31 38
10 14 16 31 32 39
11 15 17 32 33 40
12 16 18 33 34 41
13 17 19 34 35 42
14 18 20 35 36 43
15 19 21 36 37 44
16 20 22 37 38 45
17 21 23 38 39 46
18 22 24 39 40 47
19 23 25 40 41 48
20 24 26 41 42 49
21 25 27 42 43 50
22 26 28 43 44 51
23 27 29 44 45 52
24 28 30 45 46 53
25 29 31 46 47 54
26 30 32 47 48 55
27 31 33 48 49 56
28 32 34 49 50 57
29 33 35 50 51 58
30 34 36 51 52 59
31 35 37 52 53 60
32 36 38 53 54 61
33 37 39 54 55 62
34 38 40 55 56 63
35 39 41 56 57 64
36 40 42 57 58 65
37 41 43 58 59 66
38 42 44 59 60 67
39 43 45 60 61 68
40 44 46 61 62 69
41 45 47 62 63 70
42 46 48 63 64 71
43 47 49 64 65 72
44 48 50 65 66 73
45 49 51 66 67 74
46 50 52 67 68 75
47 51 53 68 69 76
48 52 54 69 70 77
49 53 55 70 71 78
50 54 56 71 72 79
51 55 57 72 73 80
52 56 58 73 74 81
53 57 59 74 75 82
54 58 60 75 76 83
55 59 61 76 77 84
56 60 62 77 78 85
0 57 61 63 78 79
1 58 62 64 79 80
2 59 63 65 80 81
3 60 64 66 81 82
4 61 65 67 82 83
5 62 66 68 83 84
6 63 67 69 84 85
0 7 64 68 70 85
