20 22 35 50 58 79 84
0 22 24 37 52 60 81
2 24 26 39 54 62 83
4 26 28 41 56 64 85
1 6 28 30 43 58 66
3 8 30 32 45 60 68
5 10 32 34 47 62 70
7 12 34 36 49 64 72
9 14 36 38 51 66 74
11 16 38 40 53 68 76
13 18 40 42 55 70 78
15 20 42 44 57 72 80
17 22 44 46 59 74 82
19 24 46 48 61 76 84
0 21 26 48 50 63 78
2 23 28 50 52 65 80
4 25 30 52 54 67 82
6 27 32 54 56 69 84
0 8 29 34 56 58 71
2 10 31 36 58 60 73
4 12 33 38 60 62 75
6 14 35 40 62 64 77
8 16 37 42 64 66 79
10 18 39 44 66 68 81
12 20 41 46 68 70 83
14 22 43 48 70 72 85
1 16 24 45 50 72 74
3 18 26 47 52 74 76
5 20 28 49 54 76 78
7 22 30 51 56 78 80
9 24 32 53 58 80 82
11 26 34 55 60 82 84
0 13 28 36 57 62 84
0 2 15 30 38 59 64
2 4 17 32 40 61 66
4 6 19 34 42 63 68
6 8 21 36 44 65 70
8 10 23 38 46 67 72
10 12 25 40 48 69 74
12 14 27 42 50 71 76
14 16 29 44 52 73 78
16 18 31 46 54 75 80
18 20 33 48 56 77 82
1 2 5 11 33 51 75
3 4 7 13 35 53 77
5 6 9 15 37 55 79
7 8 11 17 39 57 81
9 10 13 19 41 59 83
11 12 15 21 43 61 85
1 13 14 17 23 45 63
3 15 16 19 25 47 65
5 17 18 21 27 49 67
7 19 20 23 29 51 69
9 21 22 25 31 53 71
11 23 24 27 33 55 73
13 25 26 29 35 57 75
15 27 28 31 37 59 77
17 29 30 33 39 61 79
19 31 32 35 41 63 81
21 33 34 37 43 65 83
23 35 36 39 45 67 85
1 25 37 38 41 47 69
3 27 39 40 43 49 71
5 29 41 42 45 51 73
7 31 43 44 47 53 75
9 33 45 46 49 55 77
11 35 47 48 51 57 79
13 37 49 50 53 59 81
15 39 51 52 55 61 83
17 41 53 54 57 63 85
1 19 43 55 56 59 65
3 21 45 57 58 61 67
5 23 47 59 60 63 69
7 25 49 61 62 65 71
9 27 51 63 64 67 73
11 29 53 65 66 69 75
13 31 55 67 68 71 77
15 33 57 69 70 73 79
17 35 59 71 72 75 81
19 37 61 73 74 77 83
21 39 63 75 76 79 85
1 23 41 65 77 78 81
3 25 43 67 79 80 83
5 27 45 69 81 82 85
1 7 29 47 71 83 84
0 3 9 31 49 73 85
6 25 33 58 74 80 81
8 27 35 60 76 82 83
10 29 37 62 78 84 85
0 1 12 31 39 64 80
2 3 14 33 41 66 82
4 5 16 35 43 68 84
0 6 7 18 37 45 70
2 8 9 20 39 47 72
4 10 11 22 41 49 74
6 12 13 24 43 51 76
8 14 15 26 45 53 78
10 16 17 28 47 55 80
12 18 19 30 49 57 82
14 20 21 32 51 59 84
0 16 22 23 34 53 61
2 18 24 25 36 55 63
4 20 26 27 38 57 65
6 22 28 29 40 59 67
8 24 30 31 42 61 69
10 26 32 33 44 63 71
12 28 34 35 46 65 73
14 30 36 37 48 67 75
16 32 38 39 50 69 77
18 34 40 41 52 71 79
20 36 42 43 54 73 81
22 38 44 45 56 75 83
24 40 46 47 58 77 85
1 26 42 48 49 60 79
3 28 44 50 51 62 81
5 30 46 52 53 64 83
7 32 48 54 55 66 85
1 9 34 50 56 57 68
3 11 36 52 58 59 70
5 13 38 54 60 61 72
7 15 40 56 62 63 74
9 17 42 58 64 65 76
11 19 44 60 66 67 78
13 21 46 62 68 69 80
15 23 48 64 70 71 82
17 25 50 66 72 73 84
0 19 27 52 68 74 75
2 21 29 54 70 76 77
4 23 31 56 72 78 79
2 6 16 22 27 48 57
4 8 18 24 29 50 59
6 10 20 26 31 52 61
8 12 22 28 33 54 63
10 14 24 30 35 56 65
12 16 26 32 37 58 67
14 18 28 34 39 60 69
16 20 30 36 41 62 71
18 22 32 38 43 64 73
20 24 34 40 45 66 75
22 26 36 42 47 68 77
24 28 38 44 49 70 79
26 30 40 46 51 72 81
28 32 42 48 53 74 83
30 34 44 50 55 76 85
1 32 36 46 52 57 78
3 34 38 48 54 59 80
5 36 40 50 56 61 82
7 38 42 52 58 63 84
0 9 40 44 54 60 65
2 11 42 46 56 62 67
4 13 44 48 58 64 69
6 15 46 50 60 66 71
8 17 48 52 62 68 73
10 19 50 54 64 70 75
12 21 52 56 66 72 77
14 23 54 58 68 74 79
16 25 56 60 70 76 81
18 27 58 62 72 78 83
20 29 60 64 74 80 85
1 22 31 62 66 76 82
3 24 33 64 68 78 84
0 5 26 35 66 70 80
2 7 28 37 68 72 82
4 9 30 39 70 74 84
0 6 11 32 41 72 76
2 8 13 34 43 74 78
4 10 15 36 45 76 80
6 12 17 38 47 78 82
8 14 19 40 49 80 84
0 10 16 21 42 51 82
2 12 18 23 44 53 84
0 4 14 20 25 46 55
1 20 53 61 63 67 70
3 22 55 63 65 69 72
5 24 57 65 67 71 74
7 26 59 67 69 73 76
9 28 61 69 71 75 78
11 30 63 71 73 77 80
13 32 65 73 75 79 82
15 34 67 75 77 81 84
0 17 36 69 77 79 83
2 19 38 71 79 81 85
1 4 21 40 73 81 83
3 6 23 42 75 83 85
1 5 8 25 44 77 85
1 3 7 10 27 46 79
3 5 9 12 29 48 81
5 7 11 14 31 50 83
7 9 13 16 33 52 85
1 9 11 15 18 35 54
3 11 13 17 20 37 56
5 13 15 19 22 39 58
7 15 17 21 24 41 60
9 17 19 23 26 43 62
11 19 21 25 28 45 64
13 21 23 27 30 47 66
15 23 25 29 32 49 68
17 25 27 31 34 51 70
19 27 29 33 36 53 72
21 29 31 35 38 55 74
23 31 33 37 40 57 76
25 33 35 39 42 59 78
27 35 37 41 44 61 80
29 37 39 43 46 63 82
31 39 41 45 48 65 84
0 33 41 43 47 50 67
2 35 43 45 49 52 69
4 37 45 47 51 54 71
6 39 47 49 53 56 73
8 41 49 51 55 58 75
10 43 51 53 57 60 77
12 45 53 55 59 62 79
14 47 55 57 61 64 81
16 49 57 59 63 66 83
18 51 59 61 65 68 85
