14 38 44 77
15 39 45 78
16 40 46 79
17 41 47 80
18 42 48 81
19 43 49 82
20 44 50 83
21 45 51 84
0 22 46 52
1 23 47 53
2 24 48 54
3 25 49 55
4 26 50 56
5 27 51 57
6 28 52 58
7 29 53 59
8 30 54 60
9 31 55 61
10 32 56 62
11 33 57 63
12 34 58 64
13 35 59 65
14 36 60 66
15 37 61 67
16 38 62 68
17 39 63 69
18 40 64 70
19 41 65 71
20 42 66 72
21 43 67 73
22 44 68 74
23 45 69 75
24 46 70 76
25 47 71 77
26 48 72 78
27 49 73 79
28 50 74 80
29 51 75 81
30 52 76 82
31 53 77 83
32 54 78 84
0 33 55 79
1 34 56 80
2 35 57 81
3 36 58 82
4 37 59 83
5 38 60 84
0 6 39 61
1 7 40 62
2 8 41 63
3 9 42 64
4 10 43 65
5 11 44 66
6 12 45 67
7 13 46 68
8 14 47 69
9 15 48 70
10 16 49 71
11 17 50 72
12 18 51 73
13 19 52 74
14 20 53 75
15 21 54 76
16 22 55 77
17 23 56 78
18 24 57 79
19 25 58 80
20 26 59 81
21 27 60 82
22 28 61 83
23 29 62 84
0 24 30 63
1 25 31 64
2 26 32 65
3 27 33 66
4 28 34 67
5 29 35 68
6 30 36 69
7 31 37 70
8 32 38 71
9 33 39 72
10 34 40 73
11 35 41 74
12 36 42 75
13 37 43 76
19 67 76 84
0 20 68 77
1 21 69 78
2 22 70 79
3 23 71 80
4 24 72 81
5 25 73 82
6 26 74 83
7 27 75 84
0 8 28 76
1 9 29 77
2 10 30 78
3 11 31 79
4 12 32 80
5 13 33 81
6 14 34 82
7 15 35 83
8 16 36 84
0 9 17 37
1 10 18 38
2 11 19 39
3 12 20 40
4 13 21 41
5 14 22 42
6 15 23 43
7 16 24 44
8 17 25 45
9 18 26 46
10 19 27 47
11 20 28 48
12 21 29 49
13 22 30 50
14 23 31 51
15 24 32 52
16 25 33 53
17 26 34 54
18 27 35 55
19 28 36 56
20 29 37 57
21 30 38 58
22 31 39 59
23 32 40 60
24 33 41 61
25 34 42 62
26 35 43 63
27 36 44 64
28 37 45 65
29 38 46 66
30 39 47 67
31 40 48 68
32 41 49 69
33 42 50 70
34 43 51 71
35 44 52 72
36 45 53 73
37 46 54 74
38 47 55 75
39 48 56 76
40 49 57 77
41 50 58 78
42 51 59 79
43 52 60 80
44 53 61 81
45 54 62 82
46 55 63 83
47 56 64 84
0 48 57 65
1 49 58 66
2 50 59 67
3 51 60 68
4 52 61 69
5 53 62 70
6 54 63 71
7 55 64 72
8 56 65 73
9 57 66 74
10 58 67 75
11 59 68 76
12 60 69 77
13 61 70 78
14 62 71 79
15 63 72 80
16 64 73 81
17 65 74 82
18 66 75 83
27 45 52 68
28 46 53 69
29 47 54 70
30 48 55 71
31 49 56 72
32 50 57 73
33 51 58 74
34 52 59 75
35 53 60 76
36 54 61 77
37 55 62 78
38 56 63 79
39 57 64 80
40 58 65 81
41 59 66 82
42 60 67 83
43 61 68 84
0 44 62 69
1 45 63 70
2 46 64 71
3 47 65 72
4 48 66 73
5 49 67 74
6 50 68 75
7 51 69 76
8 52 70 77
9 53 71 78
10 54 72 79
11 55 73 80
12 56 74 81
13 57 75 82
14 58 76 83
15 59 77 84
0 16 60 78
1 17 61 79
2 18 62 80
3 19 63 81
4 20 64 82
5 21 65 83
6 22 66 84
0 7 23 67
1 8 24 68
2 9 25 69
3 10 26 70
4 11 27 71
5 12 28 72
6 13 29 73
7 14 30 74
8 15 31 75
9 16 32 76
10 17 33 77
11 18 34 78
12 19 35 79
13 20 36 80
14 21 37 81
15 22 38 82
16 23 39 83
17 24 40 84
0 18 25 41
1 19 26 42
2 20 27 43
3 21 28 44
4 22 29 45
5 23 30 46
6 24 31 47
7 25 32 48
8 26 33 49
9 27 34 50
10 28 35 51
11 29 36 52
12 30 37 53
13 31 38 54
14 32 39 55
15 33 40 56
16 34 41 57
17 35 42 58
18 36 43 59
19 37 44 60
20 38 45 61
21 39 46 62
22 40 47 63
23 41 48 64
24 42 49 65
25 43 50 66
26 44 51 67
1 11 46 67
2 12 47 68
3 13 48 69
4 14 49 70
5 15 50 71
6 16 51 72
7 17 52 73
8 18 53 74
9 19 54 75
10 20 55 76
11 21 56 77
12 22 57 78
13 23 58 79
14 24 59 80
15 25 60 81
16 26 61 82
17 27 62 83
18 28 63 84
0 19 29 64
1 20 30 65
2 21 31 66
3 22 32 67
4 23 33 68
5 24 34 69
6 25 35 70
7 26 36 71
8 27 37 72
9 28 38 73
10 29 39 74
11 30 40 75
12 31 41 76
13 32 42 77
14 33 43 78
15 34 44 79
16 35 45 80
17 36 46 81
18 37 47 82
19 38 48 83
20 39 49 84
0 21 40 50
1 22 41 51
2 23 42 52
3 24 43 53
4 25 44 54
5 26 45 55
6 27 46 56
7 28 47 57
8 29 48 58
9 30 49 59
10 31 50 60
11 32 51 61
12 33 52 62
13 34 53 63
14 35 54 64
15 36 55 65
16 37 56 66
17 38 57 67
18 39 58 68
19 40 59 69
20 41 60 70
21 42 61 71
22 43 62 72
23 44 63 73
24 45 64 74
25 46 65 75
26 47 66 76
27 48 67 77
28 49 68 78
29 50 69 79
30 51 70 80
31 52 71 81
32 53 72 82
33 54 73 83
34 55 74 84
0 35 56 75
1 36 57 76
2 37 58 77
3 38 59 78
4 39 60 79
5 40 61 80
6 41 62 81
7 42 63 82
8 43 64 83
9 44 65 84
0 10 45 66
13 24 28 66
14 25 29 67
15 26 30 68
16 27 31 69
17 28 32 70
18 29 33 71
19 30 34 72
20 31 35 73
21 32 36 74
22 33 37 75
23 34 38 76
24 35 39 77
25 36 40 78
26 37 41 79
27 38 42 80
28 39 43 81
29 40 44 82
30 41 45 83
31 42 46 84
0 32 43 47
1 33 44 48
2 34 45 49
3 35 46 50
4 36 47 51
5 37 48 52
6 38 49 53
7 39 50 54
8 40 51 55
9 41 52 56
10 42 53 57
11 43 54 58
12 44 55 59
13 45 56 60
14 46 57 61
15 47 58 62
16 48 59 63
17 49 60 64
18 50 61 65
19 51 62 66
20 52 63 67
21 53 64 68
22 54 65 69
23 55 66 70
24 56 67 71
25 57 68 72
26 58 69 73
27 59 70 74
28 60 71 75
29 61 72 76
30 62 73 77
31 63 74 78
32 64 75 79
33 65 76 80
34 66 77 81
35 67 78 82
36 68 79 83
37 69 80 84
0 38 70 81
1 39 71 82
2 40 72 83
3 41 73 84
0 4 42 74
1 5 43 75
2 6 44 76
3 7 45 77
4 8 46 78
5 9 47 79
6 10 48 80
7 11 49 81
8 12 50 82
9 13 51 83
10 14 52 84
0 11 15 53
1 12 16 54
2 13 17 55
3 14 18 56
4 15 19 57
5 16 20 58
6 17 21 59
7 18 22 60
8 19 23 61
9 20 24 62
10 21 25 63
11 22 26 64
12 23 27 65
6 9 11 60
7 10 12 61
8 11 13 62
9 12 14 63
10 13 15 64
11 14 16 65
12 15 17 66
13 16 18 67
14 17 19 68
15 18 20 69
16 19 21 70
17 20 22 71
18 21 23 72
19 22 24 73
20 23 25 74
21 24 26 75
22 25 27 76
23 26 28 77
24 27 29 78
25 28 30 79
26 29 31 80
27 30 32 81
28 31 33 82
29 32 34 83
30 33 35 84
0 31 34 36
1 32 35 37
2 33 36 38
3 34 37 39
4 35 38 40
5 36 39 41
6 37 40 42
7 38 41 43
8 39 42 44
9 40 43 45
10 41 44 46
11 42 45 47
12 43 46 48
13 44 47 49
14 45 48 50
15 46 49 51
16 47 50 52
17 48 51 53
18 49 52 54
19 50 53 55
20 51 54 56
21 52 55 57
22 53 56 58
23 54 57 59
24 55 58 60
25 56 59 61
26 57 60 62
27 58 61 63
28 59 62 64
29 60 63 65
30 61 64 66
31 62 65 67
32 63 66 68
33 64 67 69
34 65 68 70
35 66 69 71
36 67 70 72
37 68 71 73
38 69 72 74
39 70 73 75
40 71 74 76
41 72 75 77
42 73 76 78
43 74 77 79
44 75 78 80
45 76 79 81
46 77 80 82
47 78 81 83
48 79 82 84
0 49 80 83
1 50 81 84
0 2 51 82
1 3 52 83
2 4 53 84
0 3 5 54
1 4 6 55
2 5 7 56
3 6 8 57
4 7 9 58
5 8 10 59
1 2 60 74
2 3 61 75
3 4 62 76
4 5 63 77
5 6 64 78
6 7 65 79
7 8 66 80
8 9 67 81
9 10 68 82
10 11 69 83
11 12 70 84
0 12 13 71
1 13 14 72
2 14 15 73
3 15 16 74
4 16 17 75
5 17 18 76
6 18 19 77
7 19 20 78
8 20 21 79
9 21 22 80
10 22 23 81
11 23 24 82
12 24 25 83
13 25 26 84
0 14 26 27
1 15 27 28
2 16 28 29
3 17 29 30
4 18 30 31
5 19 31 32
6 20 32 33
7 21 33 34
8 22 34 35
9 23 35 36
10 24 36 37
11 25 37 38
12 26 38 39
13 27 39 40
14 28 40 41
15 29 41 42
16 30 42 43
17 31 43 44
18 32 44 45
19 33 45 46
20 34 46 47
21 35 47 48
22 36 48 49
23 37 49 50
24 38 50 51
25 39 51 52
26 40 52 53
27 41 53 54
28 42 54 55
29 43 55 56
30 44 56 57
31 45 57 58
32 46 58 59
33 47 59 60
34 48 60 61
35 49 61 62
36 50 62 63
37 51 63 64
38 52 64 65
39 53 65 66
40 54 66 67
41 55 67 68
42 56 68 69
43 57 69 70
44 58 70 71
45 59 71 72
46 60 72 73
47 61 73 74
48 62 74 75
49 63 75 76
50 64 76 77
51 65 77 78
52 66 78 79
53 67 79 80
54 68 80 81
55 69 81 82
56 70 82 83
57 71 83 84
0 58 72 84
0 1 59 73
11 18 58 85
4 36 82 85
6 29 39 85
14 21 42 85
22 52 62 85
20 60 68 85
25 45 50 85
5 27 66 85
54 56 84 85
28 61 63 85
15 34 76 85
51 67 78 85
1 49 69 85
3 43 73 85
8 59 64 85
19 31 71 85
17 30 37 85
41 44 65 85
13 16 38 85
10 72 77 85
35 48 75 85
32 40 74 85
9 23 46 85
24 79 81 85
2 12 70 85
0 33 80 85
13 26 47 85
7 53 55 85
30 57 83 85
