3 40 44 49 75
5 42 46 51 77
7 44 48 53 79
9 46 50 55 81
11 48 52 57 83
13 50 54 59 85
1 15 52 56 61
3 17 54 58 63
5 19 56 60 65
7 21 58 62 67
9 23 60 64 69
11 25 62 66 71
13 27 64 68 73
15 29 66 70 75
17 31 68 72 77
19 33 70 74 79
21 35 72 76 81
23 37 74 78 83
25 39 76 80 85
1 27 41 78 82
3 29 43 80 84
0 5 31 45 82
2 7 33 47 84
0 4 9 35 49
2 6 11 37 51
4 8 13 39 53
6 10 15 41 55
8 12 17 43 57
10 14 19 45 59
12 16 21 47 61
14 18 23 49 63
16 20 25 51 65
18 22 27 53 67
20 24 29 55 69
22 26 31 57 71
24 28 33 59 73
26 30 35 61 75
28 32 37 63 77
30 34 39 65 79
32 36 41 67 81
34 38 43 69 83
36 40 45 71 85
1 38 42 47 73
35 38 65 73 74
37 40 67 75 76
39 42 69 77 78
41 44 71 79 80
43 46 73 81 82
45 48 75 83 84
0 47 50 77 85
1 2 49 52 79
3 4 51 54 81
5 6 53 56 83
7 8 55 58 85
1 9 10 57 60
3 11 12 59 62
5 13 14 61 64
7 15 16 63 66
9 17 18 65 68
11 19 20 67 70
13 21 22 69 72
15 23 24 71 74
17 25 26 73 76
19 27 28 75 78
21 29 30 77 80
23 31 32 79 82
25 33 34 81 84
0 27 35 36 83
2 29 37 38 85
1 4 31 39 40
3 6 33 41 42
5 8 35 43 44
7 10 37 45 46
9 12 39 47 48
11 14 41 49 50
13 16 43 51 52
15 18 45 53 54
17 20 47 55 56
19 22 49 57 58
21 24 51 59 60
23 26 53 61 62
25 28 55 63 64
27 30 57 65 66
29 32 59 67 68
31 34 61 69 70
33 36 63 71 72
37 41 53 58 73
39 43 55 60 75
41 45 57 62 77
43 47 59 64 79
45 49 61 66 81
47 51 63 68 83
49 53 65 70 85
1 51 55 67 72
3 53 57 69 74
5 55 59 71 76
7 57 61 73 78
9 59 63 75 80
11 61 65 77 82
13 63 67 79 84
0 15 65 69 81
2 17 67 71 83
4 19 69 73 85
1 6 21 71 75
3 8 23 73 77
5 10 25 75 79
7 12 27 77 81
9 14 29 79 83
11 16 31 81 85
1 13 18 33 83
3 15 20 35 85
1 5 17 22 37
3 7 19 24 39
5 9 21 26 41
7 11 23 28 43
9 13 25 30 45
11 15 27 32 47
13 17 29 34 49
15 19 31 36 51
17 21 33 38 53
19 23 35 40 55
21 25 37 42 57
23 27 39 44 59
25 29 41 46 61
27 31 43 48 63
29 33 45 50 65
31 35 47 52 67
33 37 49 54 69
35 39 51 56 71
4 6 16 44 65
6 8 18 46 67
8 10 20 48 69
10 12 22 50 71
12 14 24 52 73
14 16 26 54 75
16 18 28 56 77
18 20 30 58 79
20 22 32 60 81
22 24 34 62 83
24 26 36 64 85
1 26 28 38 66
3 28 30 40 68
5 30 32 42 70
7 32 34 44 72
9 34 36 46 74
11 36 38 48 76
13 38 40 50 78
15 40 42 52 80
17 42 44 54 82
19 44 46 56 84
0 21 46 48 58
2 23 48 50 60
4 25 50 52 62
6 27 52 54 64
8 29 54 56 66
10 31 56 58 68
12 33 58 60 70
14 35 60 62 72
16 37 62 64 74
18 39 64 66 76
20 41 66 68 78
22 43 68 70 80
24 45 70 72 82
26 47 72 74 84
0 28 49 74 76
2 30 51 76 78
4 32 53 78 80
6 34 55 80 82
8 36 57 82 84
0 10 38 59 84
0 2 12 40 61
2 4 14 42 63
8 32 62 65 76
10 34 64 67 78
12 36 66 69 80
14 38 68 71 82
16 40 70 73 84
0 18 42 72 75
2 20 44 74 77
4 22 46 76 79
6 24 48 78 81
8 26 50 80 83
10 28 52 82 85
1 12 30 54 84
0 3 14 32 56
2 5 16 34 58
4 7 18 36 60
6 9 20 38 62
8 11 22 40 64
10 13 24 42 66
12 15 26 44 68
14 17 28 46 70
16 19 30 48 72
18 21 32 50 74
20 23 34 52 76
22 25 36 54 78
24 27 38 56 80
26 29 40 58 82
28 31 42 60 84
0 30 33 44 62
2 32 35 46 64
4 34 37 48 66
6 36 39 50 68
8 38 41 52 70
10 40 43 54 72
12 42 45 56 74
14 44 47 58 76
16 46 49 60 78
18 48 51 62 80
20 50 53 64 82
22 52 55 66 84
0 24 54 57 68
2 26 56 59 70
4 28 58 61 72
6 30 60 63 74
6 13 19 26 77
8 15 21 28 79
10 17 23 30 81
12 19 25 32 83
14 21 27 34 85
1 16 23 29 36
3 18 25 31 38
5 20 27 33 40
7 22 29 35 42
9 24 31 37 44
11 26 33 39 46
13 28 35 41 48
15 30 37 43 50
17 32 39 45 52
19 34 41 47 54
21 36 43 49 56
23 38 45 51 58
25 40 47 53 60
27 42 49 55 62
29 44 51 57 64
31 46 53 59 66
33 48 55 61 68
35 50 57 63 70
37 52 59 65 72
39 54 61 67 74
41 56 63 69 76
43 58 65 71 78
45 60 67 73 80
47 62 69 75 82
49 64 71 77 84
0 51 66 73 79
2 53 68 75 81
4 55 70 77 83
6 57 72 79 85
1 8 59 74 81
3 10 61 76 83
5 12 63 78 85
1 7 14 65 80
3 9 16 67 82
5 11 18 69 84
0 7 13 20 71
2 9 15 22 73
4 11 17 24 75
12 23 41 64 72
14 25 43 66 74
16 27 45 68 76
18 29 47 70 78
20 31 49 72 80
22 33 51 74 82
24 35 53 76 84
0 26 37 55 78
2 28 39 57 80
4 30 41 59 82
6 32 43 61 84
0 8 34 45 63
2 10 36 47 65
4 12 38 49 67
6 14 40 51 69
8 16 42 53 71
10 18 44 55 73
12 20 46 57 75
14 22 48 59 77
16 24 50 61 79
18 26 52 63 81
20 28 54 65 83
22 30 56 67 85
1 24 32 58 69
3 26 34 60 71
5 28 36 62 73
7 30 38 64 75
9 32 40 66 77
11 34 42 68 79
13 36 44 70 81
15 38 46 72 83
17 40 48 74 85
1 19 42 50 76
3 21 44 52 78
5 23 46 54 80
7 25 48 56 82
9 27 50 58 84
0 11 29 52 60
2 13 31 54 62
4 15 33 56 64
6 17 35 58 66
8 19 37 60 68
10 21 39 62 70
38 54 60 77 79
40 56 62 79 81
42 58 64 81 83
44 60 66 83 85
1 46 62 68 85
1 3 48 64 70
3 5 50 66 72
5 7 52 68 74
7 9 54 70 76
9 11 56 72 78
11 13 58 74 80
13 15 60 76 82
15 17 62 78 84
0 17 19 64 80
2 19 21 66 82
4 21 23 68 84
0 6 23 25 70
2 8 25 27 72
4 10 27 29 74
6 12 29 31 76
8 14 31 33 78
10 16 33 35 80
12 18 35 37 82
14 20 37 39 84
0 16 22 39 41
2 18 24 41 43
4 20 26 43 45
6 22 28 45 47
8 24 30 47 49
10 26 32 49 51
12 28 34 51 53
14 30 36 53 55
16 32 38 55 57
18 34 40 57 59
20 36 42 59 61
22 38 44 61 63
24 40 46 63 65
26 42 48 65 67
28 44 50 67 69
30 46 52 69 71
32 48 54 71 73
34 50 56 73 75
36 52 58 75 77
4 5 47 57 71
6 7 49 59 73
8 9 51 61 75
10 11 53 63 77
12 13 55 65 79
14 15 57 67 81
16 17 59 69 83
18 19 61 71 85
1 20 21 63 73
3 22 23 65 75
5 24 25 67 77
7 26 27 69 79
9 28 29 71 81
11 30 31 73 83
13 32 33 75 85
1 15 34 35 77
3 17 36 37 79
5 19 38 39 81
7 21 40 41 83
9 23 42 43 85
1 11 25 44 45
3 13 27 46 47
5 15 29 48 49
7 17 31 50 51
9 19 33 52 53
11 21 35 54 55
13 23 37 56 57
15 25 39 58 59
17 27 41 60 61
19 29 43 62 63
21 31 45 64 65
23 33 47 66 67
25 35 49 68 69
27 37 51 70 71
29 39 53 72 73
31 41 55 74 75
33 43 57 76 77
35 45 59 78 79
37 47 61 80 81
39 49 63 82 83
41 51 65 84 85
0 1 43 53 67
2 3 45 55 69
