3 14 20 22 46 80
4 15 21 23 47 81
5 16 22 24 48 82
6 17 23 25 49 83
7 18 24 26 50 84
8 19 25 27 51 85
9 20 26 28 52 86
0 10 21 27 29 53
1 11 22 28 30 54
2 12 23 29 31 55
3 13 24 30 32 56
4 14 25 31 33 57
5 15 26 32 34 58
6 16 27 33 35 59
7 17 28 34 36 60
8 18 29 35 37 61
9 19 30 36 38 62
10 20 31 37 39 63
11 21 32 38 40 64
12 22 33 39 41 65
13 23 34 40 42 66
14 24 35 41 43 67
15 25 36 42 44 68
16 26 37 43 45 69
17 27 38 44 46 70
18 28 39 45 47 71
19 29 40 46 48 72
20 30 41 47 49 73
21 31 42 48 50 74
22 32 43 49 51 75
23 33 44 50 52 76
24 34 45 51 53 77
25 35 46 52 54 78
26 36 47 53 55 79
27 37 48 54 56 80
28 38 49 55 57 81
29 39 50 56 58 82
30 40 51 57 59 83
31 41 52 58 60 84
32 42 53 59 61 85
33 43 54 60 62 86
0 34 44 55 61 63
1 35 45 56 62 64
2 36 46 57 63 65
3 37 47 58 64 66
4 38 48 59 65 67
5 39 49 60 66 68
6 40 50 61 67 69
7 41 51 62 68 70
8 42 52 63 69 71
9 43 53 64 70 72
10 44 54 65 71 73
11 45 55 66 72 74
12 46 56 67 73 75
13 47 57 68 74 76
14 48 58 69 75 77
15 49 59 70 76 78
16 50 60 71 77 79
17 51 61 72 78 80
18 52 62 73 79 81
19 53 63 74 80 82
20 54 64 75 81 83
21 55 65 76 82 84
22 56 66 77 83 85
23 57 67 78 84 86
0 24 58 68 79 85
1 25 59 69 80 86
0 2 26 60 70 81
1 3 27 61 71 82
2 4 28 62 72 83
3 5 29 63 73 84
4 6 30 64 74 85
5 7 31 65 75 86
0 6 8 32 66 76
1 7 9 33 67 77
2 8 10 34 68 78
3 9 11 35 69 79
4 10 12 36 70 80
5 11 13 37 71 81
6 12 14 38 72 82
7 13 15 39 73 83
8 14 16 40 74 84
9 15 17 41 75 85
10 16 18 42 76 86
0 11 17 19 43 77
1 12 18 20 44 78
2 13 19 21 45 79
16 21 25 28 53 73
17 22 26 29 54 74
18 23 27 30 55 75
19 24 28 31 56 76
20 25 29 32 57 77
21 26 30 33 58 78
22 27 31 34 59 79
23 28 32 35 60 80
24 29 33 36 61 81
25 30 34 37 62 82
26 31 35 38 63 83
27 32 36 39 64 84
28 33 37 40 65 85
29 34 38 41 66 86
0 30 35 39 42 67
1 31 36 40 43 68
2 32 37 41 44 69
3 33 38 42 45 70
4 34 39 43 46 71
5 35 40 44 47 72
6 36 41 45 48 73
7 37 42 46 49 74
8 38 43 47 50 75
9 39 44 48 51 76
10 40 45 49 52 77
11 41 46 50 53 78
12 42 47 51 54 79
13 43 48 52 55 80
14 44 49 53 56 81
15 45 50 54 57 82
16 46 51 55 58 83
17 47 52 56 59 84
18 48 53 57 60 85
19 49 54 58 61 86
0 20 50 55 59 62
1 21 51 56 60 63
2 22 52 57 61 64
3 23 53 58 62 65
4 24 54 59 63 66
5 25 55 60 64 67
6 26 56 61 65 68
7 27 57 62 66 69
8 28 58 63 67 70
9 29 59 64 68 71
10 30 60 65 69 72
11 31 61 66 70 73
12 32 62 67 71 74
13 33 63 68 72 75
14 34 64 69 73 76
15 35 65 70 74 77
16 36 66 71 75 78
17 37 67 72 76 79
18 38 68 73 77 80
19 39 69 74 78 81
20 40 70 75 79 82
21 41 71 76 80 83
22 42 72 77 81 84
23 43 73 78 82 85
24 44 74 79 83 86
0 25 45 75 80 84
1 26 46 76 81 85
2 27 47 77 82 86
0 3 28 48 78 83
1 4 29 49 79 84
2 5 30 50 80 85
3 6 31 51 81 86
0 4 7 32 52 82
1 5 8 33 53 83
2 6 9 34 54 84
3 7 10 35 55 85
4 8 11 36 56 86
0 5 9 12 37 57
1 6 10 13 38 58
2 7 11 14 39 59
3 8 12 15 40 60
4 9 13 16 41 61
5 10 14 17 42 62
6 11 15 18 43 63
7 12 16 19 44 64
8 13 17 20 45 65
9 14 18 21 46 66
10 15 19 22 47 67
11 16 20 23 48 68
12 17 21 24 49 69
13 18 22 25 50 70
14 19 23 26 51 71
15 20 24 27 52 72
20 38 60 61 74 76
21 39 61 62 75 77
22 40 62 63 76 78
23 41 63 64 77 79
24 42 64 65 78 80
25 43 65 66 79 81
26 44 66 67 80 82
27 45 67 68 81 83
28 46 68 69 82 84
29 47 69 70 83 85
30 48 70 71 84 86
0 31 49 71 72 85
1 32 50 72 73 86
0 2 33 51 73 74
1 3 34 52 74 75
2 4 35 53 75 76
3 5 36 54 76 77
4 6 37 55 77 78
5 7 38 56 78 79
6 8 39 57 79 80
7 9 40 58 80 81
8 10 41 59 81 82
9 11 42 60 82 83
10 12 43 61 83 84
11 13 44 62 84 85
12 14 45 63 85 86
0 13 15 46 64 86
0 1 14 16 47 65
1 2 15 17 48 66
2 3 16 18 49 67
3 4 17 19 50 68
4 5 18 20 51 69
5 6 19 21 52 70
6 7 20 22 53 71
7 8 21 23 54 72
8 9 22 24 55 73
9 10 23 25 56 74
10 11 24 26 57 75
11 12 25 27 58 76
12 13 26 28 59 77
13 14 27 29 60 78
14 15 28 30 61 79
15 16 29 31 62 80
16 17 30 32 63 81
17 18 31 33 64 82
18 19 32 34 65 83
19 20 33 35 66 84
20 21 34 36 67 85
21 22 35 37 68 86
0 22 23 36 38 69
1 23 24 37 39 70
2 24 25 38 40 71
3 25 26 39 41 72
4 26 27 40 42 73
5 27 28 41 43 74
6 28 29 42 44 75
7 29 30 43 45 76
8 30 31 44 46 77
9 31 32 45 47 78
10 32 33 46 48 79
11 33 34 47 49 80
12 34 35 48 50 81
13 35 36 49 51 82
14 36 37 50 52 83
15 37 38 51 53 84
16 38 39 52 54 85
17 39 40 53 55 86
0 18 40 41 54 56
1 19 41 42 55 57
2 20 42 43 56 58
3 21 43 44 57 59
4 22 44 45 58 60
5 23 45 46 59 61
6 24 46 47 60 62
7 25 47 48 61 63
8 26 48 49 62 64
9 27 49 50 63 65
10 28 50 51 64 66
11 29 51 52 65 67
12 30 52 53 66 68
13 31 53 54 67 69
14 32 54 55 68 70
15 33 55 56 69 71
16 34 56 57 70 72
17 35 57 58 71 73
18 36 58 59 72 74
19 37 59 60 73 75
