0 6 20 30 37 39 44 81
1 10 15 25 42 48 51 83
2 11 19 49 63 78 82 83
3 16 23 24 26 75 77 85
1 4 9 11 26 45 69 80
0 5 14 21 24 34 46 50
7 8 17 18 29 55 67 78
12 24 28 40 55 59 61 80
2 5 13 53 64 67 71 86
5 7 22 25 35 44 57 72
2 27 36 52 69 72 75 86
9 14 31 37 47 59 68 86
11 15 29 32 57 62 73 76
6 23 33 48 55 57 64 65
4 17 40 41 54 56 60 71
19 21 31 38 61 76 79 85
16 45 60 65 66 67 70 79
27 30 33 45 50 56 58 74
4 20 35 43 65 73 83 84
3 20 28 29 33 34 36 51
8 12 13 16 37 57 63 69
10 28 49 52 57 59 71 81
18 30 35 42 49 54 66 86
0 22 28 32 47 58 77 83
0 9 12 22 38 39 49 84
25 38 43 58 68 71 78 80
7 16 27 41 46 48 53 76
3 6 17 25 52 61 62 66
2 31 34 43 44 48 70 74
8 10 23 28 43 46 56 82
0 1 19 23 36 67 73 74
13 15 18 19 22 24 27 70
14 19 26 29 58 64 72 81
1 7 9 21 33 59 60 82
27 32 34 40 49 67 68 85
9 13 32 41 48 50 66 81
17 28 31 39 42 45 53 73
14 23 32 39 48 54 61 75
8 40 51 74 79 81 84 86
21 36 42 56 62 63 68 70
2 24 25 47 56 67 76 81
4 12 31 33 46 62 78 81
1 2 5 20 38 41 55 77
6 8 11 24 32 35 38 60
3 10 18 41 45 47 72 85
0 2 8 17 36 44 75 79
26 30 51 52 53 57 68 82
15 34 38 53 54 63 65 81
1 27 28 44 63 64 66 84
0 3 13 31 35 56 64 80
5 37 52 65 74 76 80 83
6 42 43 50 59 69 72 79
5 6 9 29 56 81 83 85
10 14 17 21 22 30 65 69
7 20 26 47 50 54 62 84
3 4 10 27 32 37 55 79
16 18 36 39 40 50 64 83
18 20 26 46 61 63 71 74
10 20 50 70 73 75 76 78
8 14 25 26 33 41 49 70
23 37 49 51 60 62 72 80
11 30 40 46 70 72 77 84
5 6 12 21 27 51 54 73
3 5 15 47 60 69 74 78
0 1 16 29 43 52 54 70
0 51 55 66 69 70 71 85
4 22 25 34 42 64 77 82
2 15 26 35 39 46 59 85
22 36 40 43 45 55 63 76
13 33 44 45 61 68 75 83
8 19 30 34 47 66 75 80
0 4 8 9 15 53 61 72
13 17 20 24 48 66 68 72
14 18 48 52 60 63 73 85
21 24 32 45 52 64 78 84
29 35 37 40 45 48 71 82
2 18 33 37 53 80 84 85
4 6 7 16 28 49 68 74
24 31 41 54 57 58 69 83
11 16 20 22 34 52 56 59
0 28 38 48 62 65 82 86
4 18 23 38 44 51 59 76
15 21 28 37 41 43 67 75
7 23 34 39 52 71 79 83
2 9 10 12 40 58 62 65
12 19 44 50 53 55 56 60
11 14 24 25 28 37 53 79
7 10 14 56 73 77 80 86
1 12 17 26 32 64 76 86
0 11 27 33 42 47 71 75
3 12 30 48 59 67 70 83
24 36 39 41 51 65 77 78
2 4 22 29 50 66 68 69
9 19 33 35 48 54 77 79
1 6 22 31 40 53 75 78
16 21 44 47 55 73 81 82
9 17 36 46 47 51 57 74
5 10 16 19 29 42 61 84
5 8 33 39 43 58 66 76
14 27 38 53 62 66 74 83
23 32 35 47 53 61 69 70
16 30 31 32 33 63 71 72
13 38 46 49 64 69 73 79
15 22 32 44 46 54 67 80
0 6 10 13 26 34 60 76
3 17 41 50 63 79 80 82
8 20 21 23 25 27 29 31
0 3 20 40 45 53 57 86
10 11 39 54 55 64 68 74
6 35 42 46 52 55 58 67
4 13 25 36 45 54 59 85
1 8 44 50 62 65 71 85
2 20 22 42 57 60 61 81
38 39 56 57 67 69 75 84
22 26 36 37 48 56 61 78
7 24 30 43 57 61 85 86
7 11 17 37 38 64 70 85
1 3 12 14 35 68 76 81
2 3 9 24 25 71 73 74
2 5 17 23 45 49 59 63
22 35 41 59 62 64 74 75
19 34 37 41 58 61 73 86
11 31 49 50 51 61 67 77
0 2 7 18 32 51 56 65
13 14 23 28 40 42 44 78
2 21 28 30 54 72 76 78
4 24 29 39 47 63 79 86
6 14 15 31 36 71 82 84
26 27 43 44 60 77 81 83
4 5 18 58 70 75 81 82
13 21 29 53 58 59 74 77
15 33 38 40 47 50 52 73
1 15 17 20 49 56 58 79
8 32 34 59 60 68 73 84
9 20 23 28 58 70 78 85
14 34 45 55 57 62 72 83
4 6 21 39 57 70 79 80
7 19 45 46 65 68 69 81
3 4 11 44 48 58 84 86
3 5 7 14 30 32 36 38
6 9 18 19 41 44 52 86
12 20 32 41 42 74 82 85
9 16 17 27 30 34 35 78
3 9 43 49 55 60 65 75
10 24 33 44 62 67 69 82
0 25 41 55 63 69 76 84
17 21 22 23 33 83 85 86
12 18 28 34 69 71 76 77
15 23 29 30 41 60 64 68
1 13 27 39 61 65 72 82
7 10 12 31 36 58 60 66
2 6 14 16 38 45 51 58
1 3 8 37 42 46 54 83
10 21 35 36 47 48 49 53
4 13 30 31 52 55 62 84
0 5 18 62 68 77 78 79
5 11 19 26 28 31 35 65
11 12 23 56 66 72 73 74
9 10 26 38 42 63 67 72
9 43 51 53 54 64 76 82
1 11 13 18 34 43 47 57
16 17 19 25 32 40 43 62
0 19 27 50 57 59 78 80
7 13 35 40 51 58 63 75
6 47 59 61 63 64 65 77
4 12 14 19 20 43 47 67
1 22 24 26 30 55 73 79
3 8 19 22 39 51 62 71
25 28 39 46 50 60 70 86
3 18 21 26 31 40 42 66
7 8 12 15 42 45 52 77
29 37 38 46 57 66 75 77
24 29 42 44 49 65 76 80
17 23 35 37 50 77 81 84
11 16 21 36 41 71 80 81
12 18 25 29 30 65 75 79
15 16 55 59 66 78 82 86
5 8 20 40 48 64 69 80
