5 32 39 51 52 68 77
6 33 40 52 53 69 78
7 34 41 53 54 70 79
8 35 42 54 55 71 80
9 36 43 55 56 72 81
10 37 44 56 57 73 82
11 38 45 57 58 74 83
12 39 46 58 59 75 84
13 40 47 59 60 76 85
14 41 48 60 61 77 86
0 15 42 49 61 62 78
1 16 43 50 62 63 79
2 17 44 51 63 64 80
3 18 45 52 64 65 81
4 19 46 53 65 66 82
5 20 47 54 66 67 83
6 21 48 55 67 68 84
7 22 49 56 68 69 85
8 23 50 57 69 70 86
0 9 24 51 58 70 71
1 10 25 52 59 71 72
2 11 26 53 60 72 73
3 12 27 54 61 73 74
4 13 28 55 62 74 75
5 14 29 56 63 75 76
6 15 30 57 64 76 77
7 16 31 58 65 77 78
8 17 32 59 66 78 79
9 18 33 60 67 79 80
10 19 34 61 68 80 81
11 20 35 62 69 81 82
12 21 36 63 70 82 83
13 22 37 64 71 83 84
14 23 38 65 72 84 85
15 24 39 66 73 85 86
0 16 25 40 67 74 86
0 1 17 26 41 68 75
1 2 18 27 42 69 76
2 3 19 28 43 70 77
3 4 20 29 44 71 78
4 5 21 30 45 72 79
5 6 22 31 46 73 80
6 7 23 32 47 74 81
7 8 24 33 48 75 82
8 9 25 34 49 76 83
9 10 26 35 50 77 84
10 11 27 36 51 78 85
11 12 28 37 52 79 86
0 12 13 29 38 53 80
1 13 14 30 39 54 81
2 14 15 31 40 55 82
3 15 16 32 41 56 83
4 16 17 33 42 57 84
5 17 18 34 43 58 85
6 18 19 35 44 59 86
0 7 19 20 36 45 60
1 8 20 21 37 46 61
2 9 21 22 38 47 62
3 10 22 23 39 48 63
4 11 23 24 40 49 64
5 12 24 25 41 50 65
6 13 25 26 42 51 66
7 14 26 27 43 52 67
8 15 27 28 44 53 68
9 16 28 29 45 54 69
10 17 29 30 46 55 70
11 18 30 31 47 56 71
12 19 31 32 48 57 72
13 20 32 33 49 58 73
14 21 33 34 50 59 74
15 22 34 35 51 60 75
16 23 35 36 52 61 76
17 24 36 37 53 62 77
18 25 37 38 54 63 78
19 26 38 39 55 64 79
20 27 39 40 56 65 80
21 28 40 41 57 66 81
22 29 41 42 58 67 82
23 30 42 43 59 68 83
24 31 43 44 60 69 84
25 32 44 45 61 70 85
26 33 45 46 62 71 86
0 27 34 46 47 63 72
1 28 35 47 48 64 73
2 29 36 48 49 65 74
3 30 37 49 50 66 75
4 31 38 50 51 67 76
33 39 41 44 62 72 76
34 40 42 45 63 73 77
35 41 43 46 64 74 78
36 42 44 47 65 75 79
37 43 45 48 66 76 80
38 44 46 49 67 77 81
39 45 47 50 68 78 82
40 46 48 51 69 79 83
41 47 49 52 70 80 84
42 48 50 53 71 81 85
43 49 51 54 72 82 86
0 44 50 52 55 73 83
1 45 51 53 56 74 84
2 46 52 54 57 75 85
3 47 53 55 58 76 86
0 4 48 54 56 59 77
1 5 49 55 57 60 78
2 6 50 56 58 61 79
3 7 51 57 59 62 80
4 8 52 58 60 63 81
5 9 53 59 61 64 82
6 10 54 60 62 65 83
7 11 55 61 63 66 84
8 12 56 62 64 67 85
9 13 57 63 65 68 86
0 10 14 58 64 66 69
1 11 15 59 65 67 70
2 12 16 60 66 68 71
3 13 17 61 67 69 72
4 14 18 62 68 70 73
5 15 19 63 69 71 74
6 16 20 64 70 72 75
7 17 21 65 71 73 76
8 18 22 66 72 74 77
9 19 23 67 73 75 78
10 20 24 68 74 76 79
11 21 25 69 75 77 80
12 22 26 70 76 78 81
13 23 27 71 77 79 82
14 24 28 72 78 80 83
15 25 29 73 79 81 84
16 26 30 74 80 82 85
17 27 31 75 81 83 86
0 18 28 32 76 82 84
1 19 29 33 77 83 85
2 20 30 34 78 84 86
0 3 21 31 35 79 85
1 4 22 32 36 80 86
0 2 5 23 33 37 81
1 3 6 24 34 38 82
2 4 7 25 35 39 83
3 5 8 26 36 40 84
4 6 9 27 37 41 85
5 7 10 28 38 42 86
0 6 8 11 29 39 43
1 7 9 12 30 40 44
2 8 10 13 31 41 45
3 9 11 14 32 42 46
4 10 12 15 33 43 47
5 11 13 16 34 44 48
6 12 14 17 35 45 49
7 13 15 18 36 46 50
8 14 16 19 37 47 51
9 15 17 20 38 48 52
10 16 18 21 39 49 53
11 17 19 22 40 50 54
12 18 20 23 41 51 55
13 19 21 24 42 52 56
14 20 22 25 43 53 57
15 21 23 26 44 54 58
16 22 24 27 45 55 59
17 23 25 28 46 56 60
18 24 26 29 47 57 61
19 25 27 30 48 58 62
20 26 28 31 49 59 63
21 27 29 32 50 60 64
22 28 30 33 51 61 65
23 29 31 34 52 62 66
24 30 32 35 53 63 67
25 31 33 36 54 64 68
26 32 34 37 55 65 69
27 33 35 38 56 66 70
28 34 36 39 57 67 71
29 35 37 40 58 68 72
30 36 38 41 59 69 73
31 37 39 42 60 70 74
32 38 40 43 61 71 75
10 23 45 57 60 67 75
13 19 27 49 54 76 84
3 25 38 47 60 69 82
4 39 46 57 61 69 79
7 11 32 42 64 72 74
21 24 46 47 51 77 81
5 10 22 32 40 62 70
17 20 26 35 39 83 85
12 20 42 47 55 77 85
0 5 27 35 57 65 84
16 29 31 51 73 81 86
16 30 46 52 53 62 64
13 32 35 43 65 66 69
15 17 37 59 64 79 81
13 26 48 56 57 70 78
3 11 33 46 67 68 76
8 21 43 49 58 65 73
2 24 32 39 54 62 84
21 34 40 56 64 78 86
17 19 29 36 41 47 71
11 25 33 41 55 63 85
6 14 45 49 71 79 82
4 16 26 34 38 68 80
1 9 14 31 36 44 66
6 13 28 36 58 63 85
9 18 27 39 40 50 74
1 23 48 53 58 74 80
0 8 22 30 38 60 79
15 20 28 45 50 72 80
2 12 18 34 48 69 71
2 7 25 29 37 59 67
18 31 53 61 72 75 83
2 17 22 44 52 74 82
