4 21 35 55 84
0 7 24 38 58
3 10 27 41 61
6 13 30 44 64
9 16 33 47 67
12 19 36 50 70
15 22 39 53 73
18 25 42 56 76
21 28 45 59 79
24 31 48 62 82
27 34 51 65 85
1 30 37 54 68
4 33 40 57 71
7 36 43 60 74
10 39 46 63 77
13 42 49 66 80
16 45 52 69 83
19 48 55 72 86
2 22 51 58 75
5 25 54 61 78
8 28 57 64 81
11 31 60 67 84
0 14 34 63 70
3 17 37 66 73
6 20 40 69 76
9 23 43 72 79
12 26 46 75 82
15 29 49 78 85
1 18 32 52 81
2 10 65 72 83
5 13 68 75 86
2 8 16 71 78
5 11 19 74 81
8 14 22 77 84
0 11 17 25 80
3 14 20 28 83
6 17 23 31 86
2 9 20 26 34
5 12 23 29 37
8 15 26 32 40
11 18 29 35 43
14 21 32 38 46
17 24 35 41 49
20 27 38 44 52
23 30 41 47 55
26 33 44 50 58
29 36 47 53 61
32 39 50 56 64
35 42 53 59 67
38 45 56 62 70
41 48 59 65 73
44 51 62 68 76
47 54 65 71 79
50 57 68 74 82
53 60 71 77 85
1 56 63 74 80
4 59 66 77 83
7 62 69 80 86
4 16 29 32 75
7 19 32 35 78
10 22 35 38 81
13 25 38 41 84
0 16 28 41 44
3 19 31 44 47
6 22 34 47 50
9 25 37 50 53
12 28 40 53 56
15 31 43 56 59
18 34 46 59 62
21 37 49 62 65
24 40 52 65 68
27 43 55 68 71
30 46 58 71 74
33 49 61 74 77
36 52 64 77 80
39 55 67 80 83
42 58 70 83 86
2 45 61 73 86
2 5 48 64 76
5 8 51 67 79
8 11 54 70 82
11 14 57 73 85
1 14 17 60 76
4 17 20 63 79
7 20 23 66 82
10 23 26 69 85
1 13 26 29 72
3 26 53 64 68
6 29 56 67 71
9 32 59 70 74
12 35 62 73 77
15 38 65 76 80
18 41 68 79 83
21 44 71 82 86
2 24 47 74 85
1 5 27 50 77
4 8 30 53 80
7 11 33 56 83
10 14 36 59 86
2 13 17 39 62
5 16 20 42 65
8 19 23 45 68
11 22 26 48 71
14 25 29 51 74
17 28 32 54 77
20 31 35 57 80
23 34 38 60 83
26 37 41 63 86
2 29 40 44 66
5 32 43 47 69
8 35 46 50 72
11 38 49 53 75
14 41 52 56 78
17 44 55 59 81
20 47 58 62 84
0 23 50 61 65
2 9 38 54 69
5 12 41 57 72
8 15 44 60 75
11 18 47 63 78
14 21 50 66 81
17 24 53 69 84
0 20 27 56 72
3 23 30 59 75
6 26 33 62 78
9 29 36 65 81
12 32 39 68 84
0 15 35 42 71
3 18 38 45 74
6 21 41 48 77
9 24 44 51 80
12 27 47 54 83
15 30 50 57 86
2 18 33 53 60
5 21 36 56 63
8 24 39 59 66
11 27 42 62 69
14 30 45 65 72
17 33 48 68 75
20 36 51 71 78
23 39 54 74 81
26 42 57 77 84
0 29 45 60 80
3 32 48 63 83
6 35 51 66 86
32 70 73 79 86
2 35 73 76 82
5 38 76 79 85
1 8 41 79 82
4 11 44 82 85
1 7 14 47 85
1 4 10 17 50
4 7 13 20 53
7 10 16 23 56
10 13 19 26 59
13 16 22 29 62
16 19 25 32 65
19 22 28 35 68
22 25 31 38 71
25 28 34 41 74
28 31 37 44 77
31 34 40 47 80
34 37 43 50 83
37 40 46 53 86
2 40 43 49 56
5 43 46 52 59
8 46 49 55 62
11 49 52 58 65
14 52 55 61 68
17 55 58 64 71
20 58 61 67 74
23 61 64 70 77
26 64 67 73 80
29 67 70 76 83
16 35 39 63 76
19 38 42 66 79
22 41 45 69 82
25 44 48 72 85
1 28 47 51 75
4 31 50 54 78
7 34 53 57 81
10 37 56 60 84
0 13 40 59 63
3 16 43 62 66
6 19 46 65 69
9 22 49 68 72
12 25 52 71 75
15 28 55 74 78
18 31 58 77 81
21 34 61 80 84
0 24 37 64 83
3 27 40 67 86
2 6 30 43 70
5 9 33 46 73
8 12 36 49 76
11 15 39 52 79
14 18 42 55 82
17 21 45 58 85
1 20 24 48 61
4 23 27 51 64
7 26 30 54 67
10 29 33 57 70
13 32 36 60 73
25 26 27 35 45
28 29 30 38 48
31 32 33 41 51
34 35 36 44 54
37 38 39 47 57
40 41 42 50 60
43 44 45 53 63
46 47 48 56 66
49 50 51 59 69
52 53 54 62 72
55 56 57 65 75
58 59 60 68 78
61 62 63 71 81
64 65 66 74 84
0 67 68 69 77
3 70 71 72 80
6 73 74 75 83
9 76 77 78 86
2 12 79 80 81
5 15 82 83 84
0 8 18 85 86
1 2 3 11 21
4 5 6 14 24
7 8 9 17 27
10 11 12 20 30
13 14 15 23 33
16 17 18 26 36
19 20 21 29 39
22 23 24 32 42
1 16 53 74 86
2 4 19 56 77
5 7 22 59 80
8 10 25 62 83
11 13 28 65 86
2 14 16 31 68
5 17 19 34 71
8 20 22 37 74
11 23 25 40 77
14 26 28 43 80
17 29 31 46 83
20 32 34 49 86
2 23 35 37 52
5 26 38 40 55
8 29 41 43 58
11 32 44 46 61
14 35 47 49 64
17 38 50 52 67
20 41 53 55 70
23 44 56 58 73
26 47 59 61 76
29 50 62 64 79
32 53 65 67 82
35 56 68 70 85
1 38 59 71 73
4 41 62 74 76
7 44 65 77 79
10 47 68 80 82
13 50 71 83 85
0 30 31 36 69
3 33 34 39 72
6 36 37 42 75
9 39 40 45 78
12 42 43 48 81
15 45 46 51 84
0 18 48 49 54
3 21 51 52 57
6 24 54 55 60
9 27 57 58 63
12 30 60 61 66
15 33 63 64 69
18 36 66 67 72
21 39 69 70 75
24 42 72 73 78
27 45 75 76 81
30 48 78 79 84
0 33 51 81 82
3 36 54 84 85
0 1 6 39 57
3 4 9 42 60
6 7 12 45 63
9 10 15 48 66
12 13 18 51 69
15 16 21 54 72
18 19 24 57 75
21 22 27 60 78
24 25 30 63 81
27 28 33 66 84
23 28 49 63 67
26 31 52 66 70
29 34 55 69 73
32 37 58 72 76
35 40 61 75 79
38 43 64 78 82
41 46 67 81 85
1 44 49 70 84
0 4 47 52 73
3 7 50 55 76
6 10 53 58 79
9 13 56 61 82
12 16 59 64 85
1 15 19 62 67
4 18 22 65 70
7 21 25 68 73
10 24 28 71 76
13 27 31 74 79
16 30 34 77 82
19 33 37 80 85
1 22 36 40 83
4 25 39 43 86
2 7 28 42 46
5 10 31 45 49
8 13 34 48 52
11 16 37 51 55
14 19 40 54 58
17 22 43 57 61
20 25 46 60 64
7 29 52 84 86
0 2 10 32 55
3 5 13 35 58
6 8 16 38 61
9 11 19 41 64
12 14 22 44 67
15 17 25 47 70
18 20 28 50 73
21 23 31 53 76
24 26 34 56 79
27 29 37 59 82
30 32 40 62 85
1 33 35 43 65
4 36 38 46 68
7 39 41 49 71
10 42 44 52 74
13 45 47 55 77
16 48 50 58 80
19 51 53 61 83
22 54 56 64 86
2 25 57 59 67
5 28 60 62 70
8 31 63 65 73
11 34 66 68 76
14 37 69 71 79
17 40 72 74 82
20 43 75 77 85
1 23 46 78 80
4 26 49 81 83
3 12 17 65 78
6 15 20 68 81
9 18 23 71 84
0 12 21 26 74
3 15 24 29 77
6 18 27 32 80
9 21 30 35 83
12 24 33 38 86
2 15 27 36 41
5 18 30 39 44
8 21 33 42 47
11 24 36 45 50
14 27 39 48 53
17 30 42 51 56
20 33 45 54 59
23 36 48 57 62
26 39 51 60 65
29 42 54 63 68
32 45 57 66 71
35 48 60 69 74
38 51 63 72 77
41 54 66 75 80
44 57 69 78 83
47 60 72 81 86
2 50 63 75 84
0 5 53 66 78
3 8 56 69 81
6 11 59 72 84
0 9 14 62 75
4 28 61 69 72
7 31 64 72 75
10 34 67 75 78
13 37 70 78 81
16 40 73 81 84
0 19 43 76 84
0 3 22 46 79
3 6 25 49 82
6 9 28 52 85
1 9 12 31 55
4 12 15 34 58
7 15 18 37 61
10 18 21 40 64
13 21 24 43 67
16 24 27 46 70
19 27 30 49 73
22 30 33 52 76
25 33 36 55 79
28 36 39 58 82
31 39 42 61 85
1 34 42 45 64
4 37 45 48 67
7 40 48 51 70
10 43 51 54 73
13 46 54 57 76
16 49 57 60 79
19 52 60 63 82
22 55 63 66 85
1 25 58 66 69
