0 1 7 14 19 23 43 72 82
2 5 13 15 30 53 56 74 81
3 4 8 19 26 30 39 45 56
6 22 25 31 63 65 72 73 80
9 18 31 33 52 60 73 82 84
1 2 8 10 27 59 75 76 85
11 17 22 24 42 44 53 61 77
12 22 39 48 50 57 69 78 81
16 26 46 49 51 53 59 69 83
4 20 21 34 35 55 74 75 82
2 14 24 28 31 37 45 55 81
0 4 17 29 56 57 59 71 73
15 26 32 35 40 41 42 54 67
11 13 28 33 36 39 40 59 68
5 21 27 48 52 58 62 65 86
6 26 28 29 43 64 75 77 79
5 10 20 39 44 49 54 63 71
9 10 16 41 61 64 66 70 78
2 3 16 18 21 29 32 47 63
7 8 11 34 38 41 49 72 81
16 28 30 35 63 71 76 80 84
23 37 54 56 62 68 69 70 75
1 3 36 67 71 77 81 83 85
10 18 30 31 41 50 58 75 83
5 7 9 13 31 35 36 43 57
0 9 21 38 39 51 58 67 80
21 23 30 33 44 46 57 64 85
4 6 13 14 16 27 50 54 60
7 12 17 18 20 37 51 65 85
15 19 29 33 44 49 65 76 78
0 15 24 34 48 56 68 84 85
2 25 33 34 43 50 51 70 71
0 8 22 28 32 52 70 74 83
25 38 40 44 48 53 60 66 75
3 22 38 47 59 62 64 76 82
7 23 40 45 50 52 61 76 79
10 12 14 16 26 34 44 47 61
12 19 41 51 55 59 60 63 79
1 5 6 17 32 46 68 78 80
10 29 33 36 42 48 55 74 80
0 10 13 18 45 69 72 77 86
8 16 20 43 44 58 68 73 81
13 24 25 47 49 52 55 57 67
9 12 24 27 29 40 56 72 80
6 15 19 37 58 59 66 71 77
8 14 17 21 36 66 69 79 84
4 28 42 47 51 62 72 78 81
10 19 27 32 36 53 65 73 79
16 19 31 34 40 62 74 77 85
11 46 50 56 63 66 67 74 76
17 27 33 35 38 45 63 70 81
1 9 21 34 45 53 54 59 65
6 7 20 30 48 59 61 67 70
1 3 6 13 37 41 57 74 84
6 10 40 44 51 56 81 82 84
7 29 37 39 46 53 54 62 84
5 11 26 55 58 70 78 84 85
15 17 18 32 39 43 55 61 62
11 14 15 20 45 57 62 80 83
13 29 35 61 65 66 82 83 85
2 16 23 24 39 41 65 82 86
4 14 18 22 36 64 67 68 86
7 16 19 21 25 27 56 77 78
13 20 31 38 42 56 69 78 79
1 4 7 24 40 58 63 64 69
2 17 19 35 48 54 64 72 83
9 30 32 49 63 68 77 79 82
1 12 13 15 21 46 47 70 73
2 6 9 11 19 20 47 52 69
5 6 8 35 47 50 56 60 65
0 20 22 23 26 27 31 60 81
24 30 36 50 51 54 73 75 78
10 26 38 42 52 57 65 68 71
0 6 12 18 25 35 36 49 62
3 7 19 32 33 34 75 80 86
21 22 25 28 41 43 49 54 56
6 18 34 39 42 57 70 76 79
9 13 14 19 22 46 71 75 81
2 4 31 46 49 61 70 77 80
0 5 16 22 33 37 67 72 79
1 18 27 28 44 55 69 71 74
3 10 14 23 25 35 53 55 58
8 13 15 23 48 51 52 63 77
28 34 36 45 46 56 58 61 82
17 29 30 34 37 49 58 60 69
4 10 11 21 31 37 43 48 76
21 32 35 44 50 52 59 72 85
4 12 23 32 45 49 71 75 84
0 7 42 43 46 63 65 66 75
8 18 19 24 38 43 46 54 67
1 18 26 33 47 48 49 56 66
7 9 55 56 73 76 77 83 86
7 22 29 34 41 45 51 66 68
17 43 47 53 70 79 80 85 86
1 20 25 29 50 61 81 84 86
2 7 26 44 45 62 67 73 79
8 12 29 31 53 67 71 78 82
4 15 16 17 36 41 52 75 85
8 9 26 28 50 57 62 63 86
24 35 43 45 59 60 74 78 86
8 14 22 30 40 49 55 65 70
2 12 33 36 54 57 58 60 77
3 12 20 24 26 36 66 70 72
12 25 32 65 68 69 74 76 81
6 21 24 33 41 61 62 69 71
1 11 15 16 31 35 51 64 79
10 13 17 27 34 59 62 67 84
5 14 19 28 29 41 48 70 73
0 2 3 11 17 40 46 52 78
6 9 23 42 45 49 64 74 85
9 15 17 25 26 37 50 74 82
23 34 36 37 44 47 63 78 83
4 27 31 32 44 51 57 66 86
13 14 24 26 32 51 58 72 76
0 11 12 27 30 42 54 82 86
5 11 18 23 29 38 50 59 77
5 12 34 52 54 55 64 66 81
27 39 47 57 61 68 72 74 75
20 27 35 37 40 41 46 47 77
3 7 10 15 22 28 60 69 85
4 5 10 24 25 33 46 79 83
0 8 20 33 41 53 64 76 84
2 19 21 22 35 42 58 68 84
3 5 17 23 28 31 54 68 76
11 25 32 46 48 60 64 71 73
11 28 47 60 65 67 72 75 84
3 4 9 44 48 59 65 79 81
14 38 39 51 64 65 74 77 84
18 21 26 40 60 68 80 81 83
0 13 41 44 50 64 70 80 82
4 6 12 28 38 52 53 63 85
14 33 54 61 63 73 74 78 85
1 12 22 29 30 39 43 52 83
3 27 42 43 49 50 73 83 84
7 8 47 54 58 71 74 79 80
15 18 27 30 53 64 71 72 78
0 19 50 53 55 57 60 61 68
5 16 40 43 45 48 57 69 82
1 16 36 39 42 60 62 70 76
0 25 30 31 39 45 47 59 85
6 15 16 38 46 55 72 83 86
3 5 8 25 37 42 51 61 75
23 34 35 39 66 67 69 73 80
36 37 38 40 49 61 71 73 86
14 32 37 42 52 56 59 64 80
1 2 20 28 30 32 38 62 66
