8 46 49 65
10 48 51 67
12 50 53 69
14 52 55 71
16 54 57 73
18 56 59 75
20 58 61 77
22 60 63 79
24 62 65 81
26 64 67 83
28 66 69 85
1 30 68 71
3 32 70 73
5 34 72 75
7 36 74 77
9 38 76 79
11 40 78 81
13 42 80 83
15 44 82 85
1 17 46 84
0 3 19 48
2 5 21 50
4 7 23 52
6 9 25 54
8 11 27 56
10 13 29 58
12 15 31 60
14 17 33 62
16 19 35 64
18 21 37 66
20 23 39 68
22 25 41 70
24 27 43 72
26 29 45 74
28 31 47 76
30 33 49 78
32 35 51 80
34 37 53 82
36 39 55 84
0 38 41 57
2 40 43 59
4 42 45 61
6 44 47 63
0 16 67 74
2 18 69 76
4 20 71 78
6 22 73 80
8 24 75 82
10 26 77 84
0 12 28 79
2 14 30 81
4 16 32 83
6 18 34 85
1 8 20 36
3 10 22 38
5 12 24 40
7 14 26 42
9 16 28 44
11 18 30 46
13 20 32 48
15 22 34 50
17 24 36 52
19 26 38 54
21 28 40 56
23 30 42 58
25 32 44 60
27 34 46 62
29 36 48 64
31 38 50 66
33 40 52 68
35 42 54 70
37 44 56 72
39 46 58 74
41 48 60 76
43 50 62 78
45 52 64 80
47 54 66 82
49 56 68 84
0 51 58 70
2 53 60 72
4 55 62 74
6 57 64 76
8 59 66 78
10 61 68 80
12 63 70 82
14 65 72 84
13 34 49 73
15 36 51 75
17 38 53 77
19 40 55 79
21 42 57 81
23 44 59 83
25 46 61 85
1 27 48 63
3 29 50 65
5 31 52 67
7 33 54 69
9 35 56 71
11 37 58 73
13 39 60 75
15 41 62 77
17 43 64 79
19 45 66 81
21 47 68 83
23 49 70 85
1 25 51 72
3 27 53 74
5 29 55 76
7 31 57 78
9 33 59 80
11 35 61 82
13 37 63 84
0 15 39 65
2 17 41 67
4 19 43 69
6 21 45 71
8 23 47 73
10 25 49 75
12 27 51 77
14 29 53 79
16 31 55 81
18 33 57 83
20 35 59 85
1 22 37 61
3 24 39 63
5 26 41 65
7 28 43 67
9 30 45 69
11 32 47 71
22 26 55 85
1 24 28 57
3 26 30 59
5 28 32 61
7 30 34 63
9 32 36 65
11 34 38 67
13 36 40 69
15 38 42 71
17 40 44 73
19 42 46 75
21 44 48 77
23 46 50 79
25 48 52 81
27 50 54 83
29 52 56 85
1 31 54 58
3 33 56 60
5 35 58 62
7 37 60 64
9 39 62 66
11 41 64 68
13 43 66 70
15 45 68 72
17 47 70 74
19 49 72 76
21 51 74 78
23 53 76 80
25 55 78 82
27 57 80 84
0 29 59 82
2 31 61 84
0 4 33 63
2 6 35 65
4 8 37 67
6 10 39 69
8 12 41 71
10 14 43 73
12 16 45 75
14 18 47 77
16 20 49 79
18 22 51 81
20 24 53 83
13 21 30 72
15 23 32 74
17 25 34 76
19 27 36 78
21 29 38 80
23 31 40 82
25 33 42 84
0 27 35 44
2 29 37 46
4 31 39 48
6 33 41 50
8 35 43 52
10 37 45 54
12 39 47 56
14 41 49 58
16 43 51 60
18 45 53 62
20 47 55 64
22 49 57 66
24 51 59 68
26 53 61 70
28 55 63 72
30 57 65 74
32 59 67 76
34 61 69 78
36 63 71 80
38 65 73 82
40 67 75 84
0 42 69 77
2 44 71 79
4 46 73 81
6 48 75 83
8 50 77 85
1 10 52 79
3 12 54 81
5 14 56 83
7 16 58 85
1 9 18 60
3 11 20 62
5 13 22 64
7 15 24 66
9 17 26 68
11 19 28 70
32 49 50 52
34 51 52 54
36 53 54 56
38 55 56 58
40 57 58 60
42 59 60 62
44 61 62 64
46 63 64 66
48 65 66 68
50 67 68 70
52 69 70 72
54 71 72 74
56 73 74 76
58 75 76 78
60 77 78 80
62 79 80 82
64 81 82 84
0 66 83 84
0 2 68 85
1 2 4 70
3 4 6 72
5 6 8 74
7 8 10 76
9 10 12 78
11 12 14 80
13 14 16 82
15 16 18 84
0 17 18 20
2 19 20 22
4 21 22 24
6 23 24 26
8 25 26 28
10 27 28 30
12 29 30 32
14 31 32 34
16 33 34 36
18 35 36 38
20 37 38 40
22 39 40 42
24 41 42 44
26 43 44 46
28 45 46 48
30 47 48 50
3 5 42 78
5 7 44 80
7 9 46 82
9 11 48 84
0 11 13 50
2 13 15 52
4 15 17 54
6 17 19 56
8 19 21 58
10 21 23 60
12 23 25 62
14 25 27 64
16 27 29 66
18 29 31 68
20 31 33 70
22 33 35 72
24 35 37 74
26 37 39 76
28 39 41 78
30 41 43 80
32 43 45 82
34 45 47 84
0 36 47 49
2 38 49 51
4 40 51 53
6 42 53 55
8 44 55 57
10 46 57 59
12 48 59 61
14 50 61 63
16 52 63 65
18 54 65 67
20 56 67 69
22 58 69 71
24 60 71 73
26 62 73 75
28 64 75 77
30 66 77 79
32 68 79 81
34 70 81 83
36 72 83 85
1 38 74 85
1 3 40 76
13 71 76 86
15 73 78 86
17 75 80 86
19 77 82 86
21 79 84 86
0 23 81 86
2 25 83 86
4 27 85 86
1 6 29 86
3 8 31 86
5 10 33 86
7 12 35 86
9 14 37 86
11 16 39 86
13 18 41 86
15 20 43 86
17 22 45 86
19 24 47 86
21 26 49 86
23 28 51 86
25 30 53 86
27 32 55 86
29 34 57 86
31 36 59 86
33 38 61 86
35 40 63 86
37 42 65 86
39 44 67 86
41 46 69 86
43 48 71 86
45 50 73 86
47 52 75 86
49 54 77 86
51 56 79 86
53 58 81 86
55 60 83 86
57 62 85 86
1 59 64 86
3 61 66 86
5 63 68 86
7 65 70 86
9 67 72 86
11 69 74 86
26 33 48 79
28 35 50 81
30 37 52 83
32 39 54 85
1 34 41 56
3 36 43 58
5 38 45 60
7 40 47 62
9 42 49 64
11 44 51 66
13 46 53 68
15 48 55 70
17 50 57 72
19 52 59 74
21 54 61 76
23 56 63 78
25 58 65 80
27 60 67 82
29 62 69 84
0 31 64 71
2 33 66 73
4 35 68 75
6 37 70 77
8 39 72 79
10 41 74 81
12 43 76 83
14 45 78 85
1 16 47 80
3 18 49 82
5 20 51 84
0 7 22 53
2 9 24 55
4 11 26 57
6 13 28 59
8 15 30 61
10 17 32 63
12 19 34 65
14 21 36 67
16 23 38 69
18 25 40 71
20 27 42 73
22 29 44 75
24 31 46 77
30 39 51 73
32 41 53 75
34 43 55 77
36 45 57 79
38 47 59 81
40 49 61 83
42 51 63 85
1 44 53 65
3 46 55 67
5 48 57 69
7 50 59 71
9 52 61 73
11 54 63 75
13 56 65 77
15 58 67 79
17 60 69 81
19 62 71 83
21 64 73 85
1 23 66 75
3 25 68 77
5 27 70 79
7 29 72 81
9 31 74 83
11 33 76 85
1 13 35 78
3 15 37 80
5 17 39 82
7 19 41 84
0 9 21 43
2 11 23 45
4 13 25 47
6 15 27 49
8 17 29 51
10 19 31 53
12 21 33 55
14 23 35 57
16 25 37 59
18 27 39 61
20 29 41 63
22 31 43 65
24 33 45 67
26 35 47 69
28 37 49 71
3 9 47 57
5 11 49 59
7 13 51 61
9 15 53 63
11 17 55 65
13 19 57 67
15 21 59 69
17 23 61 71
19 25 63 73
21 27 65 75
23 29 67 77
25 31 69 79
27 33 71 81
29 35 73 83
31 37 75 85
1 33 39 77
3 35 41 79
5 37 43 81
7 39 45 83
9 41 47 85
1 11 43 49
3 13 45 51
5 15 47 53
7 17 49 55
9 19 51 57
11 21 53 59
13 23 55 61
15 25 57 63
17 27 59 65
19 29 61 67
21 31 63 69
23 33 65 71
25 35 67 73
27 37 69 75
29 39 71 77
31 41 73 79
33 43 75 81
35 45 77 83
37 47 79 85
1 39 49 81
3 41 51 83
5 43 53 85
1 7 45 55
15 28 29 33
17 30 31 35
19 32 33 37
21 34 35 39
23 36 37 41
25 38 39 43
27 40 41 45
29 42 43 47
31 44 45 49
33 46 47 51
35 48 49 53
37 50 51 55
39 52 53 57
41 54 55 59
43 56 57 61
45 58 59 63
47 60 61 65
49 62 63 67
51 64 65 69
53 66 67 71
55 68 69 73
57 70 71 75
59 72 73 77
61 74 75 79
63 76 77 81
65 78 79 83
67 80 81 85
1 69 82 83
3 71 84 85
0 1 5 73
2 3 7 75
4 5 9 77
6 7 11 79
8 9 13 81
10 11 15 83
12 13 17 85
1 14 15 19
3 16 17 21
5 18 19 23
7 20 21 25
9 22 23 27
11 24 25 29
13 26 27 31
9 29 40 70
11 31 42 72
13 33 44 74
15 35 46 76
17 37 48 78
19 39 50 80
21 41 52 82
23 43 54 84
0 25 45 56
2 27 47 58
4 29 49 60
6 31 51 62
8 33 53 64
10 35 55 66
12 37 57 68
14 39 59 70
16 41 61 72
18 43 63 74
20 45 65 76
22 47 67 78
24 49 69 80
26 51 71 82
28 53 73 84
0 30 55 75
2 32 57 77
4 34 59 79
6 36 61 81
8 38 63 83
10 40 65 85
1 12 42 67
3 14 44 69
5 16 46 71
7 18 48 73
9 20 50 75
11 22 52 77
13 24 54 79
15 26 56 81
17 28 58 83
19 30 60 85
1 21 32 62
3 23 34 64
5 25 36 66
7 27 38 68
10 16 62 70
12 18 64 72
14 20 66 74
16 22 68 76
18 24 70 78
20 26 72 80
22 28 74 82
24 30 76 84
0 26 32 78
2 28 34 80
4 30 36 82
6 32 38 84
0 8 34 40
2 10 36 42
4 12 38 44
6 14 40 46
8 16 42 48
10 18 44 50
12 20 46 52
14 22 48 54
16 24 50 56
18 26 52 58
20 28 54 60
22 30 56 62
24 32 58 64
26 34 60 66
28 36 62 68
30 38 64 70
32 40 66 72
34 42 68 74
36 44 70 76
38 46 72 78
40 48 74 80
42 50 76 82
44 52 78 84
0 46 54 80
2 48 56 82
4 50 58 84
0 6 52 60
2 8 54 62
4 10 56 64
6 12 58 66
8 14 60 68
2 16 26 63
4 18 28 65
6 20 30 67
8 22 32 69
10 24 34 71
12 26 36 73
14 28 38 75
16 30 40 77
18 32 42 79
20 34 44 81
22 36 46 83
24 38 48 85
1 26 40 50
3 28 42 52
5 30 44 54
7 32 46 56
9 34 48 58
11 36 50 60
13 38 52 62
15 40 54 64
17 42 56 66
19 44 58 68
21 46 60 70
23 48 62 72
25 50 64 74
27 52 66 76
29 54 68 78
31 56 70 80
33 58 72 82
35 60 74 84
0 37 62 76
2 39 64 78
4 41 66 80
6 43 68 82
8 45 70 84
0 10 47 72
2 12 49 74
4 14 51 76
6 16 53 78
8 18 55 80
10 20 57 82
12 22 59 84
0 14 24 61
