4 42 51 54 79
7 45 54 57 82
10 48 57 60 85
1 13 51 60 63
4 16 54 63 66
7 19 57 66 69
10 22 60 69 72
13 25 63 72 75
16 28 66 75 78
19 31 69 78 81
22 34 72 81 84
0 25 37 75 84
0 3 28 40 78
3 6 31 43 81
6 9 34 46 84
0 9 12 37 49
3 12 15 40 52
6 15 18 43 55
9 18 21 46 58
12 21 24 49 61
15 24 27 52 64
18 27 30 55 67
21 30 33 58 70
24 33 36 61 73
27 36 39 64 76
30 39 42 67 79
33 42 45 70 82
36 45 48 73 85
1 39 48 51 76
2 20 34 46 75
5 23 37 49 78
8 26 40 52 81
11 29 43 55 84
0 14 32 46 58
3 17 35 49 61
6 20 38 52 64
9 23 41 55 67
12 26 44 58 70
15 29 47 61 73
18 32 50 64 76
21 35 53 67 79
24 38 56 70 82
27 41 59 73 85
1 30 44 62 76
4 33 47 65 79
7 36 50 68 82
10 39 53 71 85
1 13 42 56 74
4 16 45 59 77
7 19 48 62 80
10 22 51 65 83
13 25 54 68 86
2 16 28 57 71
5 19 31 60 74
8 22 34 63 77
11 25 37 66 80
14 28 40 69 83
17 31 43 72 86
5 27 38 58 77
8 30 41 61 80
11 33 44 64 83
14 36 47 67 86
2 17 39 50 70
5 20 42 53 73
8 23 45 56 76
11 26 48 59 79
14 29 51 62 82
17 32 54 65 85
1 20 35 57 68
4 23 38 60 71
7 26 41 63 74
10 29 44 66 77
13 32 47 69 80
16 35 50 72 83
19 38 53 75 86
2 22 41 56 78
5 25 44 59 81
8 28 47 62 84
0 11 31 50 65
3 14 34 53 68
6 17 37 56 71
9 20 40 59 74
12 23 43 62 77
15 26 46 65 80
18 29 49 68 83
21 32 52 71 86
2 24 35 55 74
35 36 52 54 71
38 39 55 57 74
41 42 58 60 77
44 45 61 63 80
47 48 64 66 83
50 51 67 69 86
2 53 54 70 72
5 56 57 73 75
8 59 60 76 78
11 62 63 79 81
14 65 66 82 84
0 17 68 69 85
1 3 20 71 72
4 6 23 74 75
7 9 26 77 78
10 12 29 80 81
13 15 32 83 84
0 16 18 35 86
2 3 19 21 38
5 6 22 24 41
8 9 25 27 44
11 12 28 30 47
14 15 31 33 50
17 18 34 36 53
20 21 37 39 56
23 24 40 42 59
26 27 43 45 62
29 30 46 48 65
32 33 49 51 68
6 49 54 69 70
9 52 57 72 73
12 55 60 75 76
15 58 63 78 79
18 61 66 81 82
21 64 69 84 85
0 1 24 67 72
3 4 27 70 75
6 7 30 73 78
9 10 33 76 81
12 13 36 79 84
0 15 16 39 82
3 18 19 42 85
1 6 21 22 45
4 9 24 25 48
7 12 27 28 51
10 15 30 31 54
13 18 33 34 57
16 21 36 37 60
19 24 39 40 63
22 27 42 43 66
25 30 45 46 69
28 33 48 49 72
31 36 51 52 75
34 39 54 55 78
37 42 57 58 81
40 45 60 61 84
0 43 48 63 64
3 46 51 66 67
19 26 44 52 68
22 29 47 55 71
25 32 50 58 74
28 35 53 61 77
31 38 56 64 80
34 41 59 67 83
37 44 62 70 86
2 40 47 65 73
5 43 50 68 76
8 46 53 71 79
11 49 56 74 82
14 52 59 77 85
1 17 55 62 80
4 20 58 65 83
7 23 61 68 86
2 10 26 64 71
5 13 29 67 74
8 16 32 70 77
11 19 35 73 80
14 22 38 76 83
17 25 41 79 86
2 20 28 44 82
5 23 31 47 85
1 8 26 34 50
4 11 29 37 53
7 14 32 40 56
10 17 35 43 59
13 20 38 46 62
16 23 41 49 65
5 11 14 63 71
8 14 17 66 74
11 17 20 69 77
14 20 23 72 80
17 23 26 75 83
20 26 29 78 86
2 23 29 32 81
5 26 32 35 84
0 8 29 35 38
3 11 32 38 41
6 14 35 41 44
9 17 38 44 47
12 20 41 47 50
15 23 44 50 53
18 26 47 53 56
21 29 50 56 59
24 32 53 59 62
27 35 56 62 65
30 38 59 65 68
33 41 62 68 71
36 44 65 71 74
39 47 68 74 77
42 50 71 77 80
45 53 74 80 83
48 56 77 83 86
2 51 59 80 86
2 5 54 62 83
5 8 57 65 86
2 8 11 60 68
3 26 55 69 87
6 29 58 72 87
9 32 61 75 87
12 35 64 78 87
15 38 67 81 87
18 41 70 84 87
0 21 44 73 87
3 24 47 76 87
6 27 50 79 87
9 30 53 82 87
12 33 56 85 87
1 15 36 59 87
4 18 39 62 87
7 21 42 65 87
10 24 45 68 87
13 27 48 71 87
16 30 51 74 87
19 33 54 77 87
22 36 57 80 87
25 39 60 83 87
28 42 63 86 87
2 31 45 66 87
5 34 48 69 87
8 37 51 72 87
11 40 54 75 87
14 43 57 78 87
17 46 60 81 87
20 49 63 84 87
0 23 52 66 87
3 60 64 79 82
6 63 67 82 85
1 9 66 70 85
1 4 12 69 73
4 7 15 72 76
7 10 18 75 79
10 13 21 78 82
13 16 24 81 85
1 16 19 27 84
0 4 19 22 30
3 7 22 25 33
6 10 25 28 36
9 13 28 31 39
12 16 31 34 42
15 19 34 37 45
18 22 37 40 48
21 25 40 43 51
24 28 43 46 54
27 31 46 49 57
30 34 49 52 60
33 37 52 55 63
36 40 55 58 66
39 43 58 61 69
42 46 61 64 72
45 49 64 67 75
48 52 67 70 78
51 55 70 73 81
54 58 73 76 84
0 57 61 76 79
11 15 21 41 57
14 18 24 44 60
17 21 27 47 63
20 24 30 50 66
23 27 33 53 69
26 30 36 56 72
29 33 39 59 75
32 36 42 62 78
35 39 45 65 81
38 42 48 68 84
0 41 45 51 71
3 44 48 54 74
6 47 51 57 77
9 50 54 60 80
12 53 57 63 83
15 56 60 66 86
2 18 59 63 69
5 21 62 66 72
8 24 65 69 75
11 27 68 72 78
14 30 71 75 81
17 33 74 78 84
0 20 36 77 81
3 23 39 80 84
0 6 26 42 83
3 9 29 45 86
2 6 12 32 48
5 9 15 35 51
8 12 18 38 54
5 10 33 38 40
8 13 36 41 43
11 16 39 44 46
14 19 42 47 49
17 22 45 50 52
20 25 48 53 55
23 28 51 56 58
26 31 54 59 61
29 34 57 62 64
32 37 60 65 67
35 40 63 68 70
38 43 66 71 73
41 46 69 74 76
44 49 72 77 79
47 52 75 80 82
50 55 78 83 85
1 53 58 81 86
2 4 56 61 84
0 5 7 59 64
3 8 10 62 67
6 11 13 65 70
9 14 16 68 73
12 17 19 71 76
15 20 22 74 79
18 23 25 77 82
21 26 28 80 85
1 24 29 31 83
4 27 32 34 86
2 7 30 35 37
9 16 22 53 64
12 19 25 56 67
15 22 28 59 70
18 25 31 62 73
21 28 34 65 76
24 31 37 68 79
27 34 40 71 82
30 37 43 74 85
1 33 40 46 77
4 36 43 49 80
7 39 46 52 83
10 42 49 55 86
2 13 45 52 58
5 16 48 55 61
8 19 51 58 64
11 22 54 61 67
14 25 57 64 70
17 28 60 67 73
20 31 63 70 76
23 34 66 73 79
26 37 69 76 82
29 40 72 79 85
1 32 43 75 82
4 35 46 78 85
1 7 38 49 81
4 10 41 52 84
0 7 13 44 55
3 10 16 47 58
6 13 19 50 61
31 35 48 58 82
34 38 51 61 85
1 37 41 54 64
4 40 44 57 67
7 43 47 60 70
10 46 50 63 73
13 49 53 66 76
16 52 56 69 79
19 55 59 72 82
22 58 62 75 85
1 25 61 65 78
4 28 64 68 81
7 31 67 71 84
0 10 34 70 74
3 13 37 73 77
6 16 40 76 80
9 19 43 79 83
12 22 46 82 86
2 15 25 49 85
1 5 18 28 52
4 8 21 31 55
7 11 24 34 58
10 14 27 37 61
13 17 30 40 64
16 20 33 43 67
19 23 36 46 70
22 26 39 49 73
25 29 42 52 76
28 32 45 55 79
1 37 46 47 59
4 40 49 50 62
7 43 52 53 65
10 46 55 56 68
13 49 58 59 71
16 52 61 62 74
19 55 64 65 77
22 58 67 68 80
25 61 70 71 83
28 64 73 74 86
2 31 67 76 77
5 34 70 79 80
8 37 73 82 83
11 40 76 85 86
1 2 14 43 79
4 5 17 46 82
7 8 20 49 85
1 10 11 23 52
4 13 14 26 55
7 16 17 29 58
10 19 20 32 61
13 22 23 35 64
16 25 26 38 67
19 28 29 41 70
22 31 32 44 73
25 34 35 47 76
28 37 38 50 79
31 40 41 53 82
34 43 44 56 85
0 6 53 60 62
3 9 56 63 65
6 12 59 66 68
9 15 62 69 71
12 18 65 72 74
15 21 68 75 77
18 24 71 78 80
21 27 74 81 83
24 30 77 84 86
0 2 27 33 80
3 5 30 36 83
6 8 33 39 86
2 9 11 36 42
5 12 14 39 45
8 15 17 42 48
11 18 20 45 51
14 21 23 48 54
17 24 26 51 57
20 27 29 54 60
23 30 32 57 63
26 33 35 60 66
29 36 38 63 69
32 39 41 66 72
35 42 44 69 75
38 45 47 72 78
41 48 50 75 81
44 51 53 78 84
0 47 54 56 81
3 50 57 59 84
