0 5 15 27 32 39 41 68 73
1 13 19 36 43 70 75 80 81
1 2 6 12 32 45 51 65 85
2 3 8 30 43 49 67 78 83
7 17 35 47 51 56 67 69 76
0 9 18 36 38 58 62 63 85
10 12 15 20 24 31 38 57 70
5 11 19 40 44 46 51 71 72
14 26 29 40 49 53 68 74 84
16 21 40 45 52 62 67 77 79
12 22 28 53 57 63 66 80 83
1 23 26 46 48 55 58 63 77
4 33 42 47 50 60 61 64 79
18 21 25 32 58 70 71 74 87
8 10 27 37 54 55 61 72 81
22 24 30 31 45 68 82 86 87
4 17 23 25 37 59 65 66 86
7 19 29 43 48 52 57 61 86
3 26 32 34 35 38 59 79 82
6 11 12 27 50 77 78 79 80
9 11 16 31 39 56 58 64 84
3 13 14 19 31 37 60 73 85
9 15 22 33 44 48 59 74 75
2 18 48 54 56 66 68 71 79
20 23 41 52 64 67 71 80 85
4 6 7 15 37 40 49 58 81
0 6 20 29 33 37 56 83 87
8 23 31 39 44 53 70 76 79
7 10 36 53 64 65 68 78 83
8 9 12 13 25 47 52 68 82
11 14 23 30 32 47 62 81 83
6 17 18 26 30 52 72 73 75
5 12 21 43 59 60 76 77 84
7 12 34 41 50 55 62 66 74
0 13 24 30 35 44 61 65 77
14 18 20 34 42 43 48 76 78
2 21 23 28 29 31 50 69 75
10 16 17 22 42 49 63 71 81
4 29 34 44 54 59 63 64 73
3 15 20 36 45 47 66 72 84
19 26 33 39 43 65 66 69 81
2 25 33 36 41 46 49 57 76
2 5 14 35 39 50 52 63 87
9 21 24 26 37 41 51 78 81
6 22 25 34 60 61 62 69 84
16 24 28 34 46 47 68 85 87
0 16 23 29 51 54 57 74 82
1 3 24 27 40 52 53 56 59
1 4 14 22 41 43 58 72 79
0 17 19 34 35 45 50 58 80
10 25 29 30 39 42 59 77 85
0 4 10 11 13 21 48 53 67
8 18 35 40 44 50 60 81 86
1 38 42 73 74 76 77 83 86
8 17 21 31 33 34 36 51 77
13 15 28 30 34 49 51 64 70
35 38 45 55 65 71 75 78 84
27 36 42 44 57 67 73 84 87
43 46 48 50 53 56 73 81 82
7 9 32 60 63 66 67 70 72
4 12 16 26 36 39 61 71 83
13 15 26 50 57 62 68 76 85
11 15 24 25 29 35 36 55 79
1 14 16 37 44 68 69 80 83
18 31 47 49 51 53 59 61 80
13 17 32 40 42 46 54 69 78
1 4 9 19 20 28 35 68 77
5 45 56 61 70 74 78 81 85
29 31 48 54 62 65 72 80 87
3 11 28 40 41 61 65 76 87
1 14 15 17 21 55 61 67 82
20 32 44 49 58 60 61 66 75
30 37 47 53 57 58 69 71 77
12 18 19 22 27 29 38 46 67
10 23 27 35 43 45 46 62 84
19 25 47 63 75 78 79 83 87
13 20 22 39 40 51 55 79 86
2 11 34 37 42 52 55 68 70
10 19 28 32 41 48 56 84 86
3 5 7 24 25 39 54 75 80
5 6 9 14 55 57 64 65 69
3 12 33 42 51 58 62 68 87
8 14 16 25 38 48 51 66 73
21 22 35 49 52 54 73 83 85
15 18 41 50 54 70 77 83 84
10 28 31 44 52 58 73 78 82
15 16 23 56 61 63 69 72 78
9 30 46 63 65 73 74 79 80
0 22 25 26 31 40 43 47 64
11 17 38 43 44 66 71 85 87
22 30 32 36 37 40 48 50 76
6 13 21 27 63 64 66 76 82
37 38 39 49 62 67 75 77 82
4 8 16 32 33 52 76 80 84
0 1 7 9 13 23 49 84 87
2 10 15 16 26 43 53 60 87
6 17 24 28 38 39 48 64 74
13 16 29 41 47 55 59 71 73
4 8 14 41 46 56 70 75 87
2 21 24 38 47 72 80 81 84
6 7 16 31 35 41 42 46 66
8 11 20 26 29 42 45 63 69
19 23 24 36 42 49 56 65 82
5 12 48 49 69 79 81 85 86
2 9 17 27 29 34 40 58 83
1 5 10 29 30 33 47 66 78
5 14 26 36 54 58 59 67 86
3 4 9 10 24 44 50 69 71
1 7 8 15 19 62 64 71 76
0 11 12 35 37 64 72 74 75
16 18 25 27 28 33 67 72 81
0 3 15 21 42 46 55 80 86
17 20 30 41 60 79 81 82 84
4 24 32 37 43 51 63 84 85
13 36 38 41 52 60 69 72 74
4 21 34 39 56 57 65 72 78
0 2 6 10 14 19 59 76 79
9 12 23 33 38 40 45 61 73
3 16 20 27 35 47 48 65 70
7 18 28 37 45 46 57 59 79
12 19 30 33 35 53 54 55 85
2 6 8 22 44 47 56 77 86
15 29 39 46 51 52 60 65 83
6 23 31 34 60 67 68 71 81
3 29 32 55 64 76 77 81 87
5 7 16 19 20 21 30 44 74
1 11 27 31 35 49 54 57 60
13 24 33 45 48 58 60 76 83
12 14 17 25 26 28 44 56 62
0 52 57 59 66 69 77 81 87
10 16 27 50 51 69 74 75 86
8 21 40 57 61 63 68 75 85
10 26 40 55 56 60 70 80 82
2 20 46 61 62 64 71 73 86
3 17 31 32 41 53 57 63 67
4 14 18 24 40 45 49 62 66
7 11 18 22 65 69 70 73 82
1 20 25 34 38 45 50 53 54
3 5 10 13 18 22 23 34 37
9 34 42 53 54 72 75 76 86
5 6 17 29 38 53 62 68 70
3 6 9 28 36 43 47 54 74
7 14 27 33 71 72 77 82 85
1 18 39 41 44 45 47 55 64
2 4 5 28 31 55 74 82 83
8 24 50 58 59 65 67 73 74
20 43 49 50 55 59 68 72 83
0 11 33 59 62 63 70 78 86
0 5 8 22 28 42 60 71 78
2 4 7 13 26 27 30 38 56
