8 50 56 82
10 52 58 84
12 54 60 86
0 14 56 62
2 16 58 64
4 18 60 66
6 20 62 68
8 22 64 70
10 24 66 72
12 26 68 74
14 28 70 76
16 30 72 78
18 32 74 80
20 34 76 82
22 36 78 84
24 38 80 86
0 26 40 82
2 28 42 84
4 30 44 86
0 6 32 46
2 8 34 48
4 10 36 50
6 12 38 52
8 14 40 54
10 16 42 56
12 18 44 58
14 20 46 60
16 22 48 62
18 24 50 64
20 26 52 66
22 28 54 68
24 30 56 70
26 32 58 72
28 34 60 74
30 36 62 76
32 38 64 78
34 40 66 80
36 42 68 82
38 44 70 84
40 46 72 86
0 42 48 74
2 44 50 76
4 46 52 78
6 48 54 80
9 25 42 45
11 27 44 47
13 29 46 49
15 31 48 51
17 33 50 53
19 35 52 55
21 37 54 57
23 39 56 59
25 41 58 61
27 43 60 63
29 45 62 65
31 47 64 67
33 49 66 69
35 51 68 71
37 53 70 73
39 55 72 75
41 57 74 77
43 59 76 79
45 61 78 81
47 63 80 83
49 65 82 85
51 67 84 87
1 53 69 86
0 3 55 71
2 5 57 73
4 7 59 75
6 9 61 77
8 11 63 79
10 13 65 81
12 15 67 83
14 17 69 85
16 19 71 87
1 18 21 73
3 20 23 75
5 22 25 77
7 24 27 79
9 26 29 81
11 28 31 83
13 30 33 85
15 32 35 87
1 17 34 37
3 19 36 39
5 21 38 41
7 23 40 43
12 27 33 41
14 29 35 43
16 31 37 45
18 33 39 47
20 35 41 49
22 37 43 51
24 39 45 53
26 41 47 55
28 43 49 57
30 45 51 59
32 47 53 61
34 49 55 63
36 51 57 65
38 53 59 67
40 55 61 69
42 57 63 71
44 59 65 73
46 61 67 75
48 63 69 77
50 65 71 79
52 67 73 81
54 69 75 83
56 71 77 85
58 73 79 87
1 60 75 81
3 62 77 83
5 64 79 85
7 66 81 87
1 9 68 83
3 11 70 85
5 13 72 87
1 7 15 74
3 9 17 76
5 11 19 78
7 13 21 80
9 15 23 82
11 17 25 84
13 19 27 86
0 15 21 29
2 17 23 31
4 19 25 33
6 21 27 35
8 23 29 37
10 25 31 39
10 54 59 71
12 56 61 73
14 58 63 75
16 60 65 77
18 62 67 79
20 64 69 81
22 66 71 83
24 68 73 85
26 70 75 87
1 28 72 77
3 30 74 79
5 32 76 81
7 34 78 83
9 36 80 85
11 38 82 87
1 13 40 84
3 15 42 86
0 5 17 44
2 7 19 46
4 9 21 48
6 11 23 50
8 13 25 52
10 15 27 54
12 17 29 56
14 19 31 58
16 21 33 60
18 23 35 62
20 25 37 64
22 27 39 66
24 29 41 68
26 31 43 70
28 33 45 72
30 35 47 74
32 37 49 76
34 39 51 78
36 41 53 80
38 43 55 82
40 45 57 84
42 47 59 86
0 44 49 61
2 46 51 63
4 48 53 65
6 50 55 67
8 52 57 69
26 34 62 69
28 36 64 71
30 38 66 73
32 40 68 75
34 42 70 77
36 44 72 79
38 46 74 81
40 48 76 83
42 50 78 85
44 52 80 87
1 46 54 82
3 48 56 84
5 50 58 86
0 7 52 60
2 9 54 62
4 11 56 64
6 13 58 66
8 15 60 68
10 17 62 70
12 19 64 72
14 21 66 74
16 23 68 76
18 25 70 78
20 27 72 80
22 29 74 82
24 31 76 84
26 33 78 86
0 28 35 80
2 30 37 82
4 32 39 84
6 34 41 86
0 8 36 43
2 10 38 45
4 12 40 47
6 14 42 49
8 16 44 51
10 18 46 53
12 20 48 55
14 22 50 57
16 24 52 59
18 26 54 61
20 28 56 63
22 30 58 65
24 32 60 67
2 4 55 68
4 6 57 70
6 8 59 72
8 10 61 74
10 12 63 76
12 14 65 78
14 16 67 80
16 18 69 82
18 20 71 84
20 22 73 86
0 22 24 75
2 24 26 77
4 26 28 79
6 28 30 81
8 30 32 83
10 32 34 85
12 34 36 87
1 14 36 38
3 16 38 40
5 18 40 42
7 20 42 44
9 22 44 46
11 24 46 48
13 26 48 50
15 28 50 52
17 30 52 54
19 32 54 56
21 34 56 58
23 36 58 60
25 38 60 62
27 40 62 64
29 42 64 66
31 44 66 68
33 46 68 70
35 48 70 72
37 50 72 74
39 52 74 76
41 54 76 78
43 56 78 80
45 58 80 82
47 60 82 84
49 62 84 86
0 51 64 86
0 2 53 66
5 10 28 47
7 12 30 49
9 14 32 51
11 16 34 53
13 18 36 55
15 20 38 57
17 22 40 59
19 24 42 61
21 26 44 63
23 28 46 65
25 30 48 67
27 32 50 69
29 34 52 71
31 36 54 73
33 38 56 75
35 40 58 77
37 42 60 79
39 44 62 81
41 46 64 83
43 48 66 85
45 50 68 87
1 47 52 70
3 49 54 72
5 51 56 74
7 53 58 76
9 55 60 78
11 57 62 80
13 59 64 82
15 61 66 84
17 63 68 86
0 19 65 70
2 21 67 72
4 23 69 74
6 25 71 76
8 27 73 78
10 29 75 80
12 31 77 82
14 33 79 84
16 35 81 86
0 18 37 83
2 20 39 85
4 22 41 87
1 6 24 43
3 8 26 45
56 66 67 86
0 58 68 69
2 60 70 71
4 62 72 73
6 64 74 75
8 66 76 77
10 68 78 79
12 70 80 81
14 72 82 83
16 74 84 85
18 76 86 87
0 1 20 78
2 3 22 80
4 5 24 82
6 7 26 84
8 9 28 86
0 10 11 30
2 12 13 32
4 14 15 34
6 16 17 36
8 18 19 38
10 20 21 40
12 22 23 42
14 24 25 44
16 26 27 46
18 28 29 48
20 30 31 50
22 32 33 52
24 34 35 54
26 36 37 56
28 38 39 58
30 40 41 60
32 42 43 62
34 44 45 64
36 46 47 66
38 48 49 68
40 50 51 70
42 52 53 72
44 54 55 74
46 56 57 76
48 58 59 78
50 60 61 80
52 62 63 82
54 64 65 84
17 20 58 74
19 22 60 76
21 24 62 78
23 26 64 80
25 28 66 82
27 30 68 84
29 32 70 86
0 31 34 72
2 33 36 74
4 35 38 76
6 37 40 78
8 39 42 80
10 41 44 82
12 43 46 84
14 45 48 86
0 16 47 50
2 18 49 52
4 20 51 54
6 22 53 56
8 24 55 58
10 26 57 60
12 28 59 62
14 30 61 64
16 32 63 66
18 34 65 68
20 36 67 70
22 38 69 72
24 40 71 74
26 42 73 76
28 44 75 78
30 46 77 80
32 48 79 82
34 50 81 84
36 52 83 86
0 38 54 85
2 40 56 87
1 4 42 58
3 6 44 60
5 8 46 62
7 10 48 64
9 12 50 66
11 14 52 68
13 16 54 70
15 18 56 72
21 61 70 82
23 63 72 84
25 65 74 86
0 27 67 76
2 29 69 78
4 31 71 80
6 33 73 82
8 35 75 84
10 37 77 86
0 12 39 79
2 14 41 81
4 16 43 83
6 18 45 85
8 20 47 87
1 10 22 49
3 12 24 51
5 14 26 53
7 16 28 55
9 18 30 57
11 20 32 59
13 22 34 61
15 24 36 63
17 26 38 65
19 28 40 67
21 30 42 69
23 32 44 71
25 34 46 73
27 36 48 75
29 38 50 77
31 40 52 79
33 42 54 81
35 44 56 83
37 46 58 85
39 48 60 87
1 41 50 62
3 43 52 64
5 45 54 66
7 47 56 68
9 49 58 70
11 51 60 72
13 53 62 74
15 55 64 76
17 57 66 78
19 59 68 80
18 22 63 81
20 24 65 83
22 26 67 85
24 28 69 87
1 26 30 71
3 28 32 73
5 30 34 75
7 32 36 77
9 34 38 79
11 36 40 81
13 38 42 83
15 40 44 85
17 42 46 87
1 19 44 48
3 21 46 50
5 23 48 52
7 25 50 54
9 27 52 56
11 29 54 58
13 31 56 60
15 33 58 62
17 35 60 64
19 37 62 66
21 39 64 68
23 41 66 70
25 43 68 72
27 45 70 74
29 47 72 76
31 49 74 78
33 51 76 80
35 53 78 82
37 55 80 84
39 57 82 86
0 41 59 84
2 43 61 86
0 4 45 63
2 6 47 65
4 8 49 67
6 10 51 69
8 12 53 71
10 14 55 73
12 16 57 75
14 18 59 77
16 20 61 79
11 39 61 65
13 41 63 67
15 43 65 69
17 45 67 71
19 47 69 73
21 49 71 75
23 51 73 77
25 53 75 79
27 55 77 81
29 57 79 83
31 59 81 85
33 61 83 87
1 35 63 85
3 37 65 87
1 5 39 67
3 7 41 69
5 9 43 71
7 11 45 73
9 13 47 75
11 15 49 77
13 17 51 79
15 19 53 81
17 21 55 83
19 23 57 85
21 25 59 87
1 23 27 61
3 25 29 63
5 27 31 65
7 29 33 67
9 31 35 69
11 33 37 71
13 35 39 73
15 37 41 75
17 39 43 77
19 41 45 79
21 43 47 81
23 45 49 83
25 47 51 85
27 49 53 87
1 29 51 55
3 31 53 57
5 33 55 59
7 35 57 61
9 37 59 63
35 42 65 67
37 44 67 69
39 46 69 71
41 48 71 73
43 50 73 75
45 52 75 77
47 54 77 79
49 56 79 81
51 58 81 83
53 60 83 85
55 62 85 87
1 57 64 87
1 3 59 66
3 5 61 68
5 7 63 70
7 9 65 72
9 11 67 74
11 13 69 76
13 15 71 78
15 17 73 80
17 19 75 82
19 21 77 84
21 23 79 86
0 23 25 81
2 25 27 83
4 27 29 85
6 29 31 87
1 8 31 33
3 10 33 35
5 12 35 37
7 14 37 39
9 16 39 41
11 18 41 43
13 20 43 45
15 22 45 47
17 24 47 49
19 26 49 51
21 28 51 53
23 30 53 55
25 32 55 57
27 34 57 59
29 36 59 61
31 38 61 63
33 40 63 65
33 47 48 57
35 49 50 59
37 51 52 61
39 53 54 63
41 55 56 65
43 57 58 67
45 59 60 69
47 61 62 71
49 63 64 73
51 65 66 75
53 67 68 77
55 69 70 79
57 71 72 81
59 73 74 83
61 75 76 85
63 77 78 87
1 65 79 80
3 67 81 82
5 69 83 84
7 71 85 86
0 9 73 87
1 2 11 75
3 4 13 77
5 6 15 79
7 8 17 81
9 10 19 83
11 12 21 85
13 14 23 87
1 15 16 25
3 17 18 27
5 19 20 29
7 21 22 31
9 23 24 33
11 25 26 35
13 27 28 37
15 29 30 39
17 31 32 41
19 33 34 43
21 35 36 45
23 37 38 47
25 39 40 49
27 41 42 51
29 43 44 53
31 45 46 55
10 30 43 87
1 12 32 45
3 14 34 47
5 16 36 49
7 18 38 51
9 20 40 53
11 22 42 55
13 24 44 57
15 26 46 59
17 28 48 61
19 30 50 63
21 32 52 65
23 34 54 67
25 36 56 69
27 38 58 71
29 40 60 73
31 42 62 75
33 44 64 77
35 46 66 79
37 48 68 81
39 50 70 83
41 52 72 85
43 54 74 87
1 45 56 76
3 47 58 78
5 49 60 80
7 51 62 82
9 53 64 84
11 55 66 86
0 13 57 68
2 15 59 70
4 17 61 72
6 19 63 74
8 21 65 76
10 23 67 78
12 25 69 80
14 27 71 82
16 29 73 84
18 31 75 86
0 20 33 77
2 22 35 79
4 24 37 81
6 26 39 83
8 28 41 85
