7 19 51 62 66 72 81
9 21 53 64 68 74 83
11 23 55 66 70 76 85
13 25 57 68 72 78 87
1 15 27 59 70 74 80
3 17 29 61 72 76 82
5 19 31 63 74 78 84
7 21 33 65 76 80 86
0 9 23 35 67 78 82
2 11 25 37 69 80 84
4 13 27 39 71 82 86
0 6 15 29 41 73 84
2 8 17 31 43 75 86
0 4 10 19 33 45 77
2 6 12 21 35 47 79
4 8 14 23 37 49 81
6 10 16 25 39 51 83
8 12 18 27 41 53 85
10 14 20 29 43 55 87
1 12 16 22 31 45 57
3 14 18 24 33 47 59
5 16 20 26 35 49 61
7 18 22 28 37 51 63
9 20 24 30 39 53 65
11 22 26 32 41 55 67
13 24 28 34 43 57 69
15 26 30 36 45 59 71
17 28 32 38 47 61 73
19 30 34 40 49 63 75
21 32 36 42 51 65 77
23 34 38 44 53 67 79
25 36 40 46 55 69 81
27 38 42 48 57 71 83
29 40 44 50 59 73 85
31 42 46 52 61 75 87
1 33 44 48 54 63 77
3 35 46 50 56 65 79
5 37 48 52 58 67 81
7 39 50 54 60 69 83
9 41 52 56 62 71 85
11 43 54 58 64 73 87
1 13 45 56 60 66 75
3 15 47 58 62 68 77
5 17 49 60 64 70 79
6 24 29 37 60 68 80
8 26 31 39 62 70 82
10 28 33 41 64 72 84
12 30 35 43 66 74 86
0 14 32 37 45 68 76
2 16 34 39 47 70 78
4 18 36 41 49 72 80
6 20 38 43 51 74 82
8 22 40 45 53 76 84
10 24 42 47 55 78 86
0 12 26 44 49 57 80
2 14 28 46 51 59 82
4 16 30 48 53 61 84
6 18 32 50 55 63 86
0 8 20 34 52 57 65
2 10 22 36 54 59 67
4 12 24 38 56 61 69
6 14 26 40 58 63 71
8 16 28 42 60 65 73
10 18 30 44 62 67 75
12 20 32 46 64 69 77
14 22 34 48 66 71 79
16 24 36 50 68 73 81
18 26 38 52 70 75 83
20 28 40 54 72 77 85
22 30 42 56 74 79 87
1 24 32 44 58 76 81
3 26 34 46 60 78 83
5 28 36 48 62 80 85
7 30 38 50 64 82 87
1 9 32 40 52 66 84
3 11 34 42 54 68 86
0 5 13 36 44 56 70
2 7 15 38 46 58 72
4 9 17 40 48 60 74
6 11 19 42 50 62 76
8 13 21 44 52 64 78
10 15 23 46 54 66 80
12 17 25 48 56 68 82
14 19 27 50 58 70 84
16 21 29 52 60 72 86
0 18 23 31 54 62 74
2 20 25 33 56 64 76
4 22 27 35 58 66 78
17 23 25 38 42 45 63
19 25 27 40 44 47 65
21 27 29 42 46 49 67
23 29 31 44 48 51 69
25 31 33 46 50 53 71
27 33 35 48 52 55 73
29 35 37 50 54 57 75
31 37 39 52 56 59 77
33 39 41 54 58 61 79
35 41 43 56 60 63 81
37 43 45 58 62 65 83
39 45 47 60 64 67 85
41 47 49 62 66 69 87
1 43 49 51 64 68 71
3 45 51 53 66 70 73
5 47 53 55 68 72 75
7 49 55 57 70 74 77
9 51 57 59 72 76 79
11 53 59 61 74 78 81
13 55 61 63 76 80 83
15 57 63 65 78 82 85
17 59 65 67 80 84 87
1 19 61 67 69 82 86
0 3 21 63 69 71 84
2 5 23 65 71 73 86
0 4 7 25 67 73 75
2 6 9 27 69 75 77
4 8 11 29 71 77 79
6 10 13 31 73 79 81
8 12 15 33 75 81 83
10 14 17 35 77 83 85
12 16 19 37 79 85 87
1 14 18 21 39 81 87
1 3 16 20 23 41 83
3 5 18 22 25 43 85
5 7 20 24 27 45 87
1 7 9 22 26 29 47
3 9 11 24 28 31 49
5 11 13 26 30 33 51
7 13 15 28 32 35 53
9 15 17 30 34 37 55
11 17 19 32 36 39 57
13 19 21 34 38 41 59
15 21 23 36 40 43 61
28 41 45 46 48 70 86
0 30 43 47 48 50 72
2 32 45 49 50 52 74
4 34 47 51 52 54 76
6 36 49 53 54 56 78
8 38 51 55 56 58 80
10 40 53 57 58 60 82
12 42 55 59 60 62 84
14 44 57 61 62 64 86
0 16 46 59 63 64 66
2 18 48 61 65 66 68
4 20 50 63 67 68 70
6 22 52 65 69 70 72
8 24 54 67 71 72 74
10 26 56 69 73 74 76
12 28 58 71 75 76 78
14 30 60 73 77 78 80
16 32 62 75 79 80 82
18 34 64 77 81 82 84
20 36 66 79 83 84 86
0 22 38 68 81 85 86
0 2 24 40 70 83 87
1 2 4 26 42 72 85
3 4 6 28 44 74 87
1 5 6 8 30 46 76
3 7 8 10 32 48 78
5 9 10 12 34 50 80
7 11 12 14 36 52 82
9 13 14 16 38 54 84
11 15 16 18 40 56 86
0 13 17 18 20 42 58
2 15 19 20 22 44 60
4 17 21 22 24 46 62
6 19 23 24 26 48 64
8 21 25 26 28 50 66
10 23 27 28 30 52 68
12 25 29 30 32 54 70
14 27 31 32 34 56 72
16 29 33 34 36 58 74
18 31 35 36 38 60 76
20 33 37 38 40 62 78
22 35 39 40 42 64 80
24 37 41 42 44 66 82
26 39 43 44 46 68 84
9 18 19 46 57 71 73
11 20 21 48 59 73 75
13 22 23 50 61 75 77
15 24 25 52 63 77 79
17 26 27 54 65 79 81
19 28 29 56 67 81 83
21 30 31 58 69 83 85
23 32 33 60 71 85 87
1 25 34 35 62 73 87
1 3 27 36 37 64 75
3 5 29 38 39 66 77
5 7 31 40 41 68 79
7 9 33 42 43 70 81
9 11 35 44 45 72 83
11 13 37 46 47 74 85
13 15 39 48 49 76 87
1 15 17 41 50 51 78
3 17 19 43 52 53 80
5 19 21 45 54 55 82
7 21 23 47 56 57 84
9 23 25 49 58 59 86
0 11 25 27 51 60 61
2 13 27 29 53 62 63
4 15 29 31 55 64 65
6 17 31 33 57 66 67
8 19 33 35 59 68 69
10 21 35 37 61 70 71
12 23 37 39 63 72 73
14 25 39 41 65 74 75
16 27 41 43 67 76 77
18 29 43 45 69 78 79
20 31 45 47 71 80 81
22 33 47 49 73 82 83
24 35 49 51 75 84 85
26 37 51 53 77 86 87
0 1 28 39 53 55 79
2 3 30 41 55 57 81
4 5 32 43 57 59 83
6 7 34 45 59 61 85
8 9 36 47 61 63 87
1 10 11 38 49 63 65
3 12 13 40 51 65 67
5 14 15 42 53 67 69
7 16 17 44 55 69 71
