45 61 70
46 62 71
47 63 72
48 64 73
49 65 74
50 66 75
51 67 76
52 68 77
53 69 78
54 70 79
55 71 80
56 72 81
57 73 82
58 74 83
59 75 84
60 76 85
61 77 86
0 62 78
1 63 79
2 64 80
3 65 81
4 66 82
5 67 83
6 68 84
7 69 85
8 70 86
0 9 71
1 10 72
2 11 73
3 12 74
4 13 75
5 14 76
6 15 77
7 16 78
8 17 79
9 18 80
10 19 81
11 20 82
12 21 83
13 22 84
14 23 85
15 24 86
0 16 25
1 17 26
2 18 27
3 19 28
4 20 29
5 21 30
6 22 31
7 23 32
8 24 33
9 25 34
10 26 35
11 27 36
12 28 37
13 29 38
14 30 39
15 31 40
16 32 41
17 33 42
18 34 43
19 35 44
20 36 45
21 37 46
22 38 47
23 39 48
24 40 49
25 41 50
26 42 51
27 43 52
28 44 53
29 45 54
30 46 55
31 47 56
32 48 57
33 49 58
34 50 59
35 51 60
36 52 61
37 53 62
38 54 63
39 55 64
40 56 65
41 57 66
42 58 67
43 59 68
44 60 69
41 69 72
42 70 73
43 71 74
44 72 75
45 73 76
46 74 77
47 75 78
48 76 79
49 77 80
50 78 81
51 79 82
52 80 83
53 81 84
54 82 85
55 83 86
0 56 84
1 57 85
2 58 86
0 3 59
1 4 60
2 5 61
3 6 62
4 7 63
5 8 64
6 9 65
7 10 66
8 11 67
9 12 68
10 13 69
11 14 70
12 15 71
13 16 72
14 17 73
15 18 74
16 19 75
17 20 76
18 21 77
19 22 78
20 23 79
21 24 80
22 25 81
23 26 82
24 27 83
25 28 84
26 29 85
27 30 86
0 28 31
1 29 32
2 30 33
3 31 34
4 32 35
5 33 36
6 34 37
7 35 38
8 36 39
9 37 40
10 38 41
11 39 42
12 40 43
13 41 44
14 42 45
15 43 46
16 44 47
17 45 48
18 46 49
19 47 50
20 48 51
21 49 52
22 50 53
23 51 54
24 52 55
25 53 56
26 54 57
27 55 58
28 56 59
29 57 60
30 58 61
31 59 62
32 60 63
33 61 64
34 62 65
35 63 66
36 64 67
37 65 68
38 66 69
39 67 70
40 68 71
55 60 62
56 61 63
57 62 64
58 63 65
59 64 66
60 65 67
61 66 68
62 67 69
63 68 70
64 69 71
65 70 72
66 71 73
67 72 74
68 73 75
69 74 76
70 75 77
71 76 78
72 77 79
73 78 80
74 79 81
75 80 82
76 81 83
77 82 84
78 83 85
79 84 86
0 80 85
1 81 86
0 2 82
1 3 83
2 4 84
3 5 85
4 6 86
0 5 7
1 6 8
2 7 9
3 8 10
4 9 11
5 10 12
6 11 13
7 12 14
8 13 15
9 14 16
10 15 17
11 16 18
12 17 19
13 18 20
14 19 21
15 20 22
16 21 23
17 22 24
18 23 25
19 24 26
20 25 27
21 26 28
22 27 29
23 28 30
24 29 31
25 30 32
26 31 33
27 32 34
28 33 35
29 34 36
30 35 37
31 36 38
32 37 39
33 38 40
34 39 41
35 40 42
36 41 43
37 42 44
38 43 45
39 44 46
40 45 47
41 46 48
42 47 49
43 48 50
44 49 51
45 50 52
46 51 53
47 52 54
48 53 55
49 54 56
50 55 57
51 56 58
52 57 59
53 58 60
54 59 61
3 18 51
4 19 52
5 20 53
6 21 54
7 22 55
8 23 56
9 24 57
10 25 58
11 26 59
12 27 60
13 28 61
14 29 62
15 30 63
16 31 64
17 32 65
18 33 66
19 34 67
20 35 68
21 36 69
22 37 70
23 38 71
24 39 72
25 40 73
26 41 74
27 42 75
28 43 76
29 44 77
30 45 78
31 46 79
32 47 80
33 48 81
34 49 82
35 50 83
36 51 84
37 52 85
38 53 86
0 39 54
1 40 55
2 41 56
3 42 57
4 43 58
5 44 59
6 45 60
7 46 61
8 47 62
9 48 63
10 49 64
11 50 65
12 51 66
13 52 67
14 53 68
15 54 69
16 55 70
17 56 71
18 57 72
19 58 73
20 59 74
21 60 75
22 61 76
23 62 77
24 63 78
25 64 79
26 65 80
27 66 81
28 67 82
29 68 83
30 69 84
31 70 85
32 71 86
0 33 72
1 34 73
2 35 74
3 36 75
4 37 76
5 38 77
6 39 78
7 40 79
8 41 80
9 42 81
10 43 82
11 44 83
12 45 84
13 46 85
14 47 86
0 15 48
1 16 49
2 17 50
10 48 75
11 49 76
12 50 77
13 51 78
14 52 79
15 53 80
16 54 81
17 55 82
18 56 83
19 57 84
20 58 85
21 59 86
0 22 60
1 23 61
2 24 62
3 25 63
4 26 64
5 27 65
6 28 66
7 29 67
8 30 68
9 31 69
10 32 70
11 33 71
12 34 72
13 35 73
14 36 74
15 37 75
16 38 76
17 39 77
18 40 78
19 41 79
20 42 80
21 43 81
22 44 82
23 45 83
24 46 84
25 47 85
26 48 86
0 27 49
1 28 50
2 29 51
3 30 52
4 31 53
5 32 54
6 33 55
7 34 56
8 35 57
9 36 58
10 37 59
11 38 60
12 39 61
13 40 62
14 41 63
15 42 64
16 43 65
17 44 66
18 45 67
19 46 68
20 47 69
21 48 70
22 49 71
23 50 72
24 51 73
25 52 74
26 53 75
27 54 76
28 55 77
29 56 78
30 57 79
31 58 80
32 59 81
33 60 82
34 61 83
35 62 84
36 63 85
37 64 86
0 38 65
1 39 66
2 40 67
3 41 68
4 42 69
5 43 70
6 44 71
7 45 72
8 46 73
9 47 74
4 28 80
5 29 81
6 30 82
7 31 83
8 32 84
9 33 85
10 34 86
0 11 35
1 12 36
2 13 37
3 14 38
4 15 39
5 16 40
6 17 41
7 18 42
8 19 43
9 20 44
10 21 45
11 22 46
12 23 47
13 24 48
14 25 49
15 26 50
16 27 51
17 28 52
18 29 53
19 30 54
20 31 55
21 32 56
22 33 57
23 34 58
24 35 59
25 36 60
26 37 61
27 38 62
28 39 63
29 40 64
30 41 65
31 42 66
32 43 67
33 44 68
34 45 69
35 46 70
36 47 71
37 48 72
38 49 73
39 50 74
40 51 75
41 52 76
42 53 77
43 54 78
44 55 79
45 56 80
46 57 81
47 58 82
48 59 83
49 60 84
50 61 85
51 62 86
0 52 63
1 53 64
2 54 65
3 55 66
4 56 67
5 57 68
6 58 69
7 59 70
8 60 71
9 61 72
10 62 73
11 63 74
12 64 75
13 65 76
14 66 77
15 67 78
16 68 79
17 69 80
18 70 81
19 71 82
20 72 83
21 73 84
22 74 85
23 75 86
0 24 76
1 25 77
2 26 78
3 27 79
30 51 80
31 52 81
32 53 82
33 54 83
34 55 84
35 56 85
36 57 86
0 37 58
1 38 59
2 39 60
3 40 61
4 41 62
5 42 63
6 43 64
7 44 65
8 45 66
9 46 67
10 47 68
11 48 69
12 49 70
13 50 71
14 51 72
15 52 73
16 53 74
17 54 75
18 55 76
19 56 77
20 57 78
21 58 79
22 59 80
23 60 81
24 61 82
25 62 83
26 63 84
27 64 85
28 65 86
0 29 66
1 30 67
2 31 68
3 32 69
4 33 70
5 34 71
6 35 72
7 36 73
8 37 74
9 38 75
10 39 76
11 40 77
12 41 78
13 42 79
14 43 80
15 44 81
16 45 82
17 46 83
18 47 84
19 48 85
20 49 86
0 21 50
1 22 51
2 23 52
3 24 53
4 25 54
5 26 55
6 27 56
7 28 57
8 29 58
9 30 59
10 31 60
11 32 61
12 33 62
13 34 63
14 35 64
15 36 65
16 37 66
17 38 67
18 39 68
19 40 69
20 41 70
21 42 71
22 43 72
23 44 73
24 45 74
25 46 75
26 47 76
27 48 77
28 49 78
29 50 79
7 39 87
8 40 87
9 41 87
10 42 87
11 43 87
12 44 87
13 45 87
14 46 87
15 47 87
16 48 87
17 49 87
18 50 87
19 51 87
20 52 87
21 53 87
22 54 87
23 55 87
24 56 87
25 57 87
26 58 87
27 59 87
28 60 87
29 61 87
30 62 87
31 63 87
32 64 87
33 65 87
34 66 87
35 67 87
36 68 87
37 69 87
38 70 87
39 71 87
40 72 87
41 73 87
42 74 87
43 75 87
44 76 87
45 77 87
46 78 87
47 79 87
48 80 87
49 81 87
50 82 87
51 83 87
52 84 87
53 85 87
54 86 87
0 55 87
1 56 87
2 57 87
3 58 87
4 59 87
5 60 87
6 61 87
7 62 87
8 63 87
9 64 87
10 65 87
11 66 87
12 67 87
13 68 87
14 69 87
15 70 87
16 71 87
17 72 87
18 73 87
19 74 87
20 75 87
21 76 87
22 77 87
23 78 87
24 79 87
25 80 87
26 81 87
27 82 87
28 83 87
29 84 87
30 85 87
31 86 87
0 32 87
1 33 87
2 34 87
3 35 87
4 36 87
5 37 87
6 38 87
6 10 74
7 11 75
8 12 76
9 13 77
10 14 78
11 15 79
12 16 80
13 17 81
14 18 82
15 19 83
16 20 84
17 21 85
18 22 86
0 19 23
1 20 24
2 21 25
3 22 26
4 23 27
5 24 28
6 25 29
7 26 30
8 27 31
9 28 32
10 29 33
11 30 34
12 31 35
13 32 36
14 33 37
15 34 38
16 35 39
17 36 40
18 37 41
19 38 42
20 39 43
21 40 44
22 41 45
23 42 46
24 43 47
25 44 48
26 45 49
27 46 50
28 47 51
29 48 52
30 49 53
31 50 54
32 51 55
33 52 56
34 53 57
35 54 58
36 55 59
37 56 60
38 57 61
39 58 62
40 59 63
41 60 64
42 61 65
43 62 66
44 63 67
45 64 68
46 65 69
47 66 70
48 67 71
49 68 72
50 69 73
51 70 74
52 71 75
53 72 76
54 73 77
55 74 78
56 75 79
57 76 80
58 77 81
59 78 82
60 79 83
61 80 84
62 81 85
63 82 86
0 64 83
1 65 84
2 66 85
3 67 86
0 4 68
1 5 69
2 6 70
3 7 71
4 8 72
5 9 73
2 47 55
3 48 56
4 49 57
5 50 58
6 51 59
7 52 60
8 53 61
9 54 62
10 55 63
11 56 64
12 57 65
13 58 66
14 59 67
15 60 68
16 61 69
17 62 70
18 63 71
19 64 72
20 65 73
21 66 74
22 67 75
23 68 76
24 69 77
25 70 78
26 71 79
27 72 80
28 73 81
29 74 82
30 75 83
31 76 84
32 77 85
33 78 86
0 34 79
1 35 80
2 36 81
3 37 82
4 38 83
5 39 84
6 40 85
7 41 86
0 8 42
1 9 43
2 10 44
3 11 45
4 12 46
5 13 47
6 14 48
7 15 49
8 16 50
9 17 51
10 18 52
11 19 53
12 20 54
13 21 55
14 22 56
15 23 57
16 24 58
17 25 59
18 26 60
19 27 61
20 28 62
21 29 63
22 30 64
23 31 65
24 32 66
25 33 67
26 34 68
27 35 69
28 36 70
29 37 71
30 38 72
31 39 73
32 40 74
33 41 75
34 42 76
35 43 77
36 44 78
37 45 79
38 46 80
39 47 81
40 48 82
41 49 83
42 50 84
43 51 85
44 52 86
0 45 53
1 46 54
34 64 81
35 65 82
36 66 83
37 67 84
38 68 85
39 69 86
0 40 70
1 41 71
2 42 72
3 43 73
4 44 74
5 45 75
6 46 76
7 47 77
8 48 78
9 49 79
10 50 80
11 51 81
12 52 82
13 53 83
14 54 84
15 55 85
16 56 86
0 17 57
1 18 58
2 19 59
3 20 60
4 21 61
5 22 62
6 23 63
7 24 64
8 25 65
9 26 66
10 27 67
11 28 68
12 29 69
13 30 70
14 31 71
15 32 72
16 33 73
17 34 74
18 35 75
19 36 76
20 37 77
21 38 78
22 39 79
23 40 80
24 41 81
25 42 82
26 43 83
27 44 84
28 45 85
29 46 86
0 30 47
1 31 48
2 32 49
3 33 50
4 34 51
5 35 52
6 36 53
7 37 54
8 38 55
9 39 56
10 40 57
11 41 58
12 42 59
13 43 60
14 44 61
15 45 62
16 46 63
17 47 64
18 48 65
19 49 66
20 50 67
21 51 68
22 52 69
23 53 70
24 54 71
25 55 72
26 56 73
27 57 74
28 58 75
29 59 76
30 60 77
31 61 78
32 62 79
33 63 80
16 59 85
17 60 86
0 18 61
1 19 62
2 20 63
3 21 64
4 22 65
5 23 66
6 24 67
7 25 68
8 26 69
9 27 70
10 28 71
11 29 72
12 30 73
13 31 74
14 32 75
15 33 76
16 34 77
17 35 78
18 36 79
19 37 80
20 38 81
21 39 82
22 40 83
23 41 84
24 42 85
25 43 86
0 26 44
1 27 45
2 28 46
3 29 47
4 30 48
5 31 49
6 32 50
7 33 51
8 34 52
9 35 53
10 36 54
11 37 55
12 38 56
13 39 57
14 40 58
15 41 59
16 42 60
17 43 61
18 44 62
19 45 63
20 46 64
21 47 65
22 48 66
23 49 67
24 50 68
25 51 69
26 52 70
27 53 71
28 54 72
29 55 73
30 56 74
31 57 75
32 58 76
33 59 77
34 60 78
35 61 79
36 62 80
37 63 81
38 64 82
39 65 83
40 66 84
41 67 85
42 68 86
0 43 69
1 44 70
2 45 71
3 46 72
4 47 73
5 48 74
6 49 75
7 50 76
8 51 77
9 52 78
10 53 79
11 54 80
12 55 81
13 56 82
14 57 83
15 58 84
11 12 86
0 12 13
1 13 14
2 14 15
3 15 16
4 16 17
5 17 18
6 18 19
7 19 20
8 20 21
9 21 22
10 22 23
11 23 24
12 24 25
13 25 26
14 26 27
15 27 28
16 28 29
17 29 30
18 30 31
19 31 32
20 32 33
21 33 34
22 34 35
23 35 36
24 36 37
25 37 38
26 38 39
27 39 40
28 40 41
29 41 42
30 42 43
31 43 44
32 44 45
33 45 46
34 46 47
35 47 48
36 48 49
37 49 50
38 50 51
39 51 52
40 52 53
41 53 54
42 54 55
43 55 56
44 56 57
45 57 58
46 58 59
47 59 60
48 60 61
49 61 62
50 62 63
51 63 64
52 64 65
53 65 66
54 66 67
55 67 68
56 68 69
57 69 70
58 70 71
59 71 72
60 72 73
61 73 74
62 74 75
63 75 76
64 76 77
65 77 78
66 78 79
67 79 80
68 80 81
69 81 82
70 82 83
71 83 84
72 84 85
73 85 86
0 74 86
0 1 75
1 2 76
2 3 77
3 4 78
4 5 79
5 6 80
6 7 81
7 8 82
8 9 83
9 10 84
10 11 85
9 45 86
0 10 46
1 11 47
2 12 48
3 13 49
4 14 50
5 15 51
6 16 52
7 17 53
8 18 54
9 19 55
10 20 56
11 21 57
12 22 58
13 23 59
14 24 60
15 25 61
16 26 62
17 27 63
18 28 64
19 29 65
20 30 66
21 31 67
22 32 68
23 33 69
24 34 70
25 35 71
26 36 72
27 37 73
28 38 74
29 39 75
30 40 76
31 41 77
32 42 78
33 43 79
34 44 80
35 45 81
36 46 82
37 47 83
38 48 84
39 49 85
40 50 86
0 41 51
1 42 52
2 43 53
3 44 54
4 45 55
5 46 56
6 47 57
7 48 58
8 49 59
9 50 60
10 51 61
11 52 62
12 53 63
13 54 64
14 55 65
15 56 66
16 57 67
17 58 68
18 59 69
19 60 70
20 61 71
21 62 72
22 63 73
23 64 74
24 65 75
25 66 76
26 67 77
27 68 78
28 69 79
29 70 80
30 71 81
31 72 82
32 73 83
33 74 84
34 75 85
35 76 86
0 36 77
1 37 78
2 38 79
3 39 80
4 40 81
5 41 82
6 42 83
7 43 84
8 44 85
61 75 81
62 76 82
63 77 83
64 78 84
65 79 85
66 80 86
0 67 81
1 68 82
2 69 83
3 70 84
4 71 85
5 72 86
0 6 73
1 7 74
2 8 75
3 9 76
4 10 77
5 11 78
6 12 79
7 13 80
8 14 81
9 15 82
10 16 83
11 17 84
12 18 85
13 19 86
0 14 20
1 15 21
2 16 22
3 17 23
4 18 24
5 19 25
6 20 26
7 21 27
8 22 28
9 23 29
10 24 30
11 25 31
12 26 32
13 27 33
14 28 34
15 29 35
16 30 36
17 31 37
18 32 38
19 33 39
20 34 40
21 35 41
22 36 42
23 37 43
24 38 44
25 39 45
26 40 46
27 41 47
28 42 48
29 43 49
30 44 50
31 45 51
32 46 52
33 47 53
34 48 54
35 49 55
36 50 56
37 51 57
38 52 58
39 53 59
40 54 60
41 55 61
42 56 62
43 57 63
44 58 64
45 59 65
46 60 66
47 61 67
48 62 68
49 63 69
50 64 70
51 65 71
52 66 72
53 67 73
54 68 74
55 69 75
56 70 76
57 71 77
58 72 78
59 73 79
60 74 80
