10 17 30 45 61 72
13 20 33 48 64 75
16 23 36 51 67 78
19 26 39 54 70 81
22 29 42 57 73 84
0 25 32 45 60 76
3 28 35 48 63 79
6 31 38 51 66 82
9 34 41 54 69 85
1 12 37 44 57 72
4 15 40 47 60 75
7 18 43 50 63 78
10 21 46 53 66 81
13 24 49 56 69 84
0 16 27 52 59 72
3 19 30 55 62 75
6 22 33 58 65 78
9 25 36 61 68 81
12 28 39 64 71 84
0 15 31 42 67 74
3 18 34 45 70 77
6 21 37 48 73 80
9 24 40 51 76 83
12 27 43 54 79 86
2 15 30 46 57 82
5 18 33 49 60 85
1 8 21 36 52 63
4 11 24 39 55 66
7 14 27 42 58 69
6 20 26 42 64 87
9 23 29 45 67 87
12 26 32 48 70 87
15 29 35 51 73 87
18 32 38 54 76 87
21 35 41 57 79 87
24 38 44 60 82 87
27 41 47 63 85 87
1 30 44 50 66 87
4 33 47 53 69 87
7 36 50 56 72 87
10 39 53 59 75 87
13 42 56 62 78 87
16 45 59 65 81 87
19 48 62 68 84 87
0 22 51 65 71 87
3 25 54 68 74 87
6 28 57 71 77 87
9 31 60 74 80 87
12 34 63 77 83 87
15 37 66 80 86 87
2 18 40 69 83 87
5 21 43 72 86 87
2 8 24 46 75 87
5 11 27 49 78 87
8 14 30 52 81 87
11 17 33 55 84 87
0 14 20 36 58 87
3 17 23 39 61 87
1 2 54 55 56 80
4 5 57 58 59 83
7 8 60 61 62 86
2 10 11 63 64 65
5 13 14 66 67 68
8 16 17 69 70 71
11 19 20 72 73 74
14 22 23 75 76 77
17 25 26 78 79 80
20 28 29 81 82 83
23 31 32 84 85 86
0 1 2 26 34 35
3 4 5 29 37 38
6 7 8 32 40 41
9 10 11 35 43 44
12 13 14 38 46 47
15 16 17 41 49 50
18 19 20 44 52 53
21 22 23 47 55 56
24 25 26 50 58 59
27 28 29 53 61 62
30 31 32 56 64 65
33 34 35 59 67 68
36 37 38 62 70 71
39 40 41 65 73 74
42 43 44 68 76 77
45 46 47 71 79 80
48 49 50 74 82 83
51 52 53 77 85 86
4 23 44 62 64 74
7 26 47 65 67 77
10 29 50 68 70 80
13 32 53 71 73 83
16 35 56 74 76 86
2 19 38 59 77 79
5 22 41 62 80 82
8 25 44 65 83 85
1 11 28 47 68 86
2 4 14 31 50 71
5 7 17 34 53 74
8 10 20 37 56 77
11 13 23 40 59 80
14 16 26 43 62 83
17 19 29 46 65 86
2 20 22 32 49 68
5 23 25 35 52 71
8 26 28 38 55 74
11 29 31 41 58 77
14 32 34 44 61 80
17 35 37 47 64 83
20 38 40 50 67 86
2 23 41 43 53 70
5 26 44 46 56 73
8 29 47 49 59 76
11 32 50 52 62 79
14 35 53 55 65 82
17 38 56 58 68 85
1 20 41 59 61 71
27 33 63 76 80 81
30 36 66 79 83 84
0 33 39 69 82 86
2 3 36 42 72 85
1 5 6 39 45 75
4 8 9 42 48 78
7 11 12 45 51 81
10 14 15 48 54 84
0 13 17 18 51 57
3 16 20 21 54 60
6 19 23 24 57 63
9 22 26 27 60 66
12 25 29 30 63 69
15 28 32 33 66 72
18 31 35 36 69 75
21 34 38 39 72 78
24 37 41 42 75 81
27 40 44 45 78 84
0 30 43 47 48 81
3 33 46 50 51 84
0 6 36 49 53 54
3 9 39 52 56 57
6 12 42 55 59 60
9 15 45 58 62 63
12 18 48 61 65 66
15 21 51 64 68 69
18 24 54 67 71 72
21 27 57 70 74 75
24 30 60 73 77 78
6 50 62 69 72 76
9 53 65 72 75 79
12 56 68 75 78 82
15 59 71 78 81 85
1 18 62 74 81 84
0 4 21 65 77 84
0 3 7 24 68 80
3 6 10 27 71 83
6 9 13 30 74 86
2 9 12 16 33 77
5 12 15 19 36 80
8 15 18 22 39 83
11 18 21 25 42 86
2 14 21 24 28 45
5 17 24 27 31 48
8 20 27 30 34 51
11 23 30 33 37 54
14 26 33 36 40 57
17 29 36 39 43 60
20 32 39 42 46 63
23 35 42 45 49 66
26 38 45 48 52 69
29 41 48 51 55 72
32 44 51 54 58 75
35 47 54 57 61 78
38 50 57 60 64 81
41 53 60 63 67 84
0 44 56 63 66 70
3 47 59 66 69 73
6 11 15 44 47 70
9 14 18 47 50 73
12 17 21 50 53 76
15 20 24 53 56 79
18 23 27 56 59 82
21 26 30 59 62 85
1 24 29 33 62 65
4 27 32 36 65 68
7 30 35 39 68 71
10 33 38 42 71 74
13 36 41 45 74 77
16 39 44 48 77 80
19 42 47 51 80 83
22 45 50 54 83 86
2 25 48 53 57 86
2 5 28 51 56 60
5 8 31 54 59 63
8 11 34 57 62 66
11 14 37 60 65 69
14 17 40 63 68 72
17 20 43 66 71 75
20 23 46 69 74 78
23 26 49 72 77 81
26 29 52 75 80 84
0 29 32 55 78 83
3 32 35 58 81 86
2 6 35 38 61 84
0 5 9 38 41 64
3 8 12 41 44 67
5 10 16 24 32 47
8 13 19 27 35 50
11 16 22 30 38 53
14 19 25 33 41 56
17 22 28 36 44 59
20 25 31 39 47 62
23 28 34 42 50 65
26 31 37 45 53 68
29 34 40 48 56 71
32 37 43 51 59 74
35 40 46 54 62 77
38 43 49 57 65 80
41 46 52 60 68 83
44 49 55 63 71 86
2 47 52 58 66 74
5 50 55 61 69 77
8 53 58 64 72 80
11 56 61 67 75 83
14 59 64 70 78 86
2 17 62 67 73 81
5 20 65 70 76 84
0 8 23 68 73 79
3 11 26 71 76 82
6 14 29 74 79 85
1 9 17 32 77 82
4 12 20 35 80 85
1 7 15 23 38 83
4 10 18 26 41 86
2 7 13 21 29 44
14 39 49 51 62 79
17 42 52 54 65 82
20 45 55 57 68 85
1 23 48 58 60 71
4 26 51 61 63 74
7 29 54 64 66 77
10 32 57 67 69 80
13 35 60 70 72 83
16 38 63 73 75 86
2 19 41 66 76 78
5 22 44 69 79 81
8 25 47 72 82 84
0 11 28 50 75 85
1 3 14 31 53 78
4 6 17 34 56 81
7 9 20 37 59 84
0 10 12 23 40 62
3 13 15 26 43 65
6 16 18 29 46 68
9 19 21 32 49 71
12 22 24 35 52 74
15 25 27 38 55 77
18 28 30 41 58 80
21 31 33 44 61 83
24 34 36 47 64 86
2 27 37 39 50 67
5 30 40 42 53 70
8 33 43 45 56 73
11 36 46 48 59 76
16 25 37 40 66 85
1 19 28 40 43 69
4 22 31 43 46 72
7 25 34 46 49 75
10 28 37 49 52 78
13 31 40 52 55 81
16 34 43 55 58 84
0 19 37 46 58 61
3 22 40 49 61 64
6 25 43 52 64 67
9 28 46 55 67 70
12 31 49 58 70 73
15 34 52 61 73 76
18 37 55 64 76 79
21 40 58 67 79 82
24 43 61 70 82 85
1 27 46 64 73 85
1 4 30 49 67 76
4 7 33 52 70 79
7 10 36 55 73 82
10 13 39 58 76 85
1 13 16 42 61 79
4 16 19 45 64 82
7 19 22 48 67 85
1 10 22 25 51 70
4 13 25 28 54 73
7 16 28 31 57 76
10 19 31 34 60 79
13 22 34 37 63 82
