4 16 37 39 43 56
5 17 38 40 44 57
6 18 39 41 45 58
7 19 40 42 46 59
8 20 41 43 47 60
9 21 42 44 48 61
10 22 43 45 49 62
11 23 44 46 50 63
12 24 45 47 51 64
13 25 46 48 52 65
14 26 47 49 53 66
15 27 48 50 54 67
16 28 49 51 55 68
17 29 50 52 56 69
18 30 51 53 57 70
19 31 52 54 58 71
20 32 53 55 59 72
21 33 54 56 60 73
22 34 55 57 61 74
23 35 56 58 62 75
24 36 57 59 63 76
25 37 58 60 64 77
26 38 59 61 65 78
27 39 60 62 66 79
28 40 61 63 67 80
29 41 62 64 68 81
30 42 63 65 69 82
31 43 64 66 70 83
32 44 65 67 71 84
33 45 66 68 72 85
34 46 67 69 73 86
35 47 68 70 74 87
0 36 48 69 71 75
1 37 49 70 72 76
2 38 50 71 73 77
3 39 51 72 74 78
4 40 52 73 75 79
5 41 53 74 76 80
6 42 54 75 77 81
7 43 55 76 78 82
8 44 56 77 79 83
9 45 57 78 80 84
10 46 58 79 81 85
11 47 59 80 82 86
12 48 60 81 83 87
0 13 49 61 82 84
1 14 50 62 83 85
2 15 51 63 84 86
3 16 52 64 85 87
0 4 17 53 65 86
1 5 18 54 66 87
0 2 6 19 55 67
1 3 7 20 56 68
2 4 8 21 57 69
3 5 9 22 58 70
4 6 10 23 59 71
5 7 11 24 60 72
6 8 12 25 61 73
7 9 13 26 62 74
8 10 14 27 63 75
9 11 15 28 64 76
10 12 16 29 65 77
11 13 17 30 66 78
12 14 18 31 67 79
13 15 19 32 68 80
14 16 20 33 69 81
15 17 21 34 70 82
16 18 22 35 71 83
17 19 23 36 72 84
18 20 24 37 73 85
19 21 25 38 74 86
20 22 26 39 75 87
0 21 23 27 40 76
1 22 24 28 41 77
2 23 25 29 42 78
3 24 26 30 43 79
4 25 27 31 44 80
5 26 28 32 45 81
6 27 29 33 46 82
7 28 30 34 47 83
8 29 31 35 48 84
9 30 32 36 49 85
10 31 33 37 50 86
11 32 34 38 51 87
0 12 33 35 39 52
1 13 34 36 40 53
2 14 35 37 41 54
3 15 36 38 42 55
7 39 49 65 73 80
8 40 50 66 74 81
9 41 51 67 75 82
10 42 52 68 76 83
11 43 53 69 77 84
12 44 54 70 78 85
13 45 55 71 79 86
14 46 56 72 80 87
0 15 47 57 73 81
1 16 48 58 74 82
2 17 49 59 75 83
3 18 50 60 76 84
4 19 51 61 77 85
5 20 52 62 78 86
6 21 53 63 79 87
0 7 22 54 64 80
1 8 23 55 65 81
2 9 24 56 66 82
3 10 25 57 67 83
4 11 26 58 68 84
5 12 27 59 69 85
6 13 28 60 70 86
7 14 29 61 71 87
0 8 15 30 62 72
1 9 16 31 63 73
2 10 17 32 64 74
3 11 18 33 65 75
4 12 19 34 66 76
5 13 20 35 67 77
6 14 21 36 68 78
7 15 22 37 69 79
8 16 23 38 70 80
9 17 24 39 71 81
10 18 25 40 72 82
11 19 26 41 73 83
12 20 27 42 74 84
13 21 28 43 75 85
14 22 29 44 76 86
15 23 30 45 77 87
0 16 24 31 46 78
1 17 25 32 47 79
2 18 26 33 48 80
3 19 27 34 49 81
4 20 28 35 50 82
5 21 29 36 51 83
6 22 30 37 52 84
7 23 31 38 53 85
8 24 32 39 54 86
9 25 33 40 55 87
0 10 26 34 41 56
1 11 27 35 42 57
2 12 28 36 43 58
3 13 29 37 44 59
4 14 30 38 45 60
5 15 31 39 46 61
6 16 32 40 47 62
7 17 33 41 48 63
8 18 34 42 49 64
9 19 35 43 50 65
10 20 36 44 51 66
11 21 37 45 52 67
12 22 38 46 53 68
13 23 39 47 54 69
14 24 40 48 55 70
15 25 41 49 56 71
16 26 42 50 57 72
17 27 43 51 58 73
18 28 44 52 59 74
19 29 45 53 60 75
20 30 46 54 61 76
21 31 47 55 62 77
22 32 48 56 63 78
23 33 49 57 64 79
24 34 50 58 65 80
25 35 51 59 66 81
26 36 52 60 67 82
27 37 53 61 68 83
28 38 54 62 69 84
29 39 55 63 70 85
30 40 56 64 71 86
31 41 57 65 72 87
0 32 42 58 66 73
1 33 43 59 67 74
2 34 44 60 68 75
3 35 45 61 69 76
4 36 46 62 70 77
5 37 47 63 71 78
6 38 48 64 72 79
41 42 59 70 79 84
42 43 60 71 80 85
43 44 61 72 81 86
44 45 62 73 82 87
0 45 46 63 74 83
1 46 47 64 75 84
2 47 48 65 76 85
3 48 49 66 77 86
4 49 50 67 78 87
0 5 50 51 68 79
1 6 51 52 69 80
2 7 52 53 70 81
3 8 53 54 71 82
4 9 54 55 72 83
5 10 55 56 73 84
6 11 56 57 74 85
7 12 57 58 75 86
8 13 58 59 76 87
0 9 14 59 60 77
1 10 15 60 61 78
2 11 16 61 62 79
3 12 17 62 63 80
4 13 18 63 64 81
5 14 19 64 65 82
6 15 20 65 66 83
7 16 21 66 67 84
8 17 22 67 68 85
9 18 23 68 69 86
10 19 24 69 70 87
0 11 20 25 70 71
1 12 21 26 71 72
2 13 22 27 72 73
3 14 23 28 73 74
4 15 24 29 74 75
5 16 25 30 75 76
6 17 26 31 76 77
7 18 27 32 77 78
8 19 28 33 78 79
9 20 29 34 79 80
10 21 30 35 80 81
11 22 31 36 81 82
12 23 32 37 82 83
13 24 33 38 83 84
14 25 34 39 84 85
15 26 35 40 85 86
16 27 36 41 86 87
0 17 28 37 42 87
0 1 18 29 38 43
1 2 19 30 39 44
2 3 20 31 40 45
3 4 21 32 41 46
4 5 22 33 42 47
5 6 23 34 43 48
6 7 24 35 44 49
7 8 25 36 45 50
8 9 26 37 46 51
9 10 27 38 47 52
10 11 28 39 48 53
11 12 29 40 49 54
12 13 30 41 50 55
13 14 31 42 51 56
14 15 32 43 52 57
15 16 33 44 53 58
16 17 34 45 54 59
17 18 35 46 55 60
18 19 36 47 56 61
19 20 37 48 57 62
20 21 38 49 58 63
21 22 39 50 59 64
22 23 40 51 60 65
23 24 41 52 61 66
24 25 42 53 62 67
25 26 43 54 63 68
26 27 44 55 64 69
27 28 45 56 65 70
28 29 46 57 66 71
29 30 47 58 67 72
30 31 48 59 68 73
31 32 49 60 69 74
32 33 50 61 70 75
33 34 51 62 71 76
34 35 52 63 72 77
35 36 53 64 73 78
36 37 54 65 74 79
37 38 55 66 75 80
38 39 56 67 76 81
39 40 57 68 77 82
40 41 58 69 78 83
2 3 30 57 84 87
11 15 37 43 44 46
29 32 35 63 68 84
2 5 10 13 24 53
13 35 38 79 82 83
24 27 31 47 57 86
8 9 12 53 56 87
25 28 31 34 69 79
4 7 10 11 61 88
16 20 21 29 72 73
18 21 25 62 65 83
17 74 77 80 82 85
7 31 37 75 76 88
12 13 15 16 45 88
11 14 20 45 54 64
1 5 45 49 65 79
1 17 26 42 86 87
6 9 49 58 62 88
10 34 54 57 66 88
36 46 49 80 83 86
1 21 24 68 71 88
1 13 23 41 61 85
8 11 52 55 59 62
24 25 36 50 52 81
30 33 36 39 80 88
40 43 83 84 87 88
18 38 48 50 51 70
20 36 38 41 64 88
44 47 50 53 78 88
28 42 63 65 72 88
1 4 25 48 69 88
12 14 15 18 68 82
2 16 27 32 71 88
5 23 27 30 66 68
0 32 36 48 76 79
9 57 65 68 69 78
0 3 14 41 44 47
30 33 40 71 74 77
19 23 35 51 76 88
44 66 67 69 72 75
0 45 81 82 85 88
13 16 19 57 60 80
17 20 23 39 75 78
23 26 29 67 70 88
3 6 42 50 68 88
49 52 60 63 74 88
5 8 18 46 77 88
34 37 40 78 81 84
19 22 25 58 63 66
15 22 56 59 79 88
14 17 55 58 61 88
10 39 42 62 73 76
7 26 29 51 54 85
66 70 73 84 86 88
2 34 46 74 78 87
8 34 42 45 48 71
5 39 61 64 67 83
