19 30 61 66
21 32 63 68
23 34 65 70
25 36 67 72
27 38 69 74
29 40 71 76
31 42 73 78
33 44 75 80
35 46 77 82
37 48 79 84
39 50 81 86
0 41 52 83
2 43 54 85
4 45 56 87
1 6 47 58
3 8 49 60
5 10 51 62
7 12 53 64
9 14 55 66
11 16 57 68
13 18 59 70
15 20 61 72
17 22 63 74
19 24 65 76
21 26 67 78
23 28 69 80
25 30 71 82
27 32 73 84
29 34 75 86
0 31 36 77
2 33 38 79
4 35 40 81
6 37 42 83
8 39 44 85
10 41 46 87
1 12 43 48
3 14 45 50
5 16 47 52
7 18 49 54
9 20 51 56
11 22 53 58
13 24 55 60
15 26 57 62
17 28 59 64
5 9 58 79
7 11 60 81
9 13 62 83
11 15 64 85
13 17 66 87
1 15 19 68
3 17 21 70
5 19 23 72
7 21 25 74
9 23 27 76
11 25 29 78
13 27 31 80
15 29 33 82
17 31 35 84
19 33 37 86
0 21 35 39
2 23 37 41
4 25 39 43
6 27 41 45
8 29 43 47
10 31 45 49
12 33 47 51
14 35 49 53
16 37 51 55
18 39 53 57
20 41 55 59
22 43 57 61
24 45 59 63
26 47 61 65
28 49 63 67
30 51 65 69
32 53 67 71
34 55 69 73
36 57 71 75
38 59 73 77
40 61 75 79
42 63 77 81
44 65 79 83
46 67 81 85
48 69 83 87
1 50 71 85
3 52 73 87
1 5 54 75
3 7 56 77
1 7 40 73
3 9 42 75
5 11 44 77
7 13 46 79
9 15 48 81
11 17 50 83
13 19 52 85
15 21 54 87
1 17 23 56
3 19 25 58
5 21 27 60
7 23 29 62
9 25 31 64
11 27 33 66
13 29 35 68
15 31 37 70
17 33 39 72
19 35 41 74
21 37 43 76
23 39 45 78
25 41 47 80
27 43 49 82
29 45 51 84
31 47 53 86
0 33 49 55
2 35 51 57
4 37 53 59
6 39 55 61
8 41 57 63
10 43 59 65
12 45 61 67
14 47 63 69
16 49 65 71
18 51 67 73
20 53 69 75
22 55 71 77
24 57 73 79
26 59 75 81
28 61 77 83
30 63 79 85
32 65 81 87
1 34 67 83
3 36 69 85
5 38 71 87
42 53 81 82
44 55 83 84
46 57 85 86
0 48 59 87
1 2 50 61
3 4 52 63
5 6 54 65
7 8 56 67
9 10 58 69
11 12 60 71
13 14 62 73
15 16 64 75
17 18 66 77
19 20 68 79
21 22 70 81
23 24 72 83
25 26 74 85
27 28 76 87
1 29 30 78
3 31 32 80
5 33 34 82
7 35 36 84
9 37 38 86
0 11 39 40
2 13 41 42
4 15 43 44
6 17 45 46
8 19 47 48
10 21 49 50
12 23 51 52
14 25 53 54
16 27 55 56
18 29 57 58
20 31 59 60
22 33 61 62
24 35 63 64
26 37 65 66
28 39 67 68
30 41 69 70
32 43 71 72
34 45 73 74
36 47 75 76
38 49 77 78
40 51 79 80
37 50 60 62
39 52 62 64
41 54 64 66
43 56 66 68
45 58 68 70
47 60 70 72
49 62 72 74
51 64 74 76
53 66 76 78
55 68 78 80
57 70 80 82
59 72 82 84
61 74 84 86
0 63 76 86
0 2 65 78
2 4 67 80
4 6 69 82
6 8 71 84
8 10 73 86
0 10 12 75
2 12 14 77
4 14 16 79
6 16 18 81
8 18 20 83
10 20 22 85
12 22 24 87
1 14 24 26
3 16 26 28
5 18 28 30
7 20 30 32
9 22 32 34
11 24 34 36
13 26 36 38
15 28 38 40
17 30 40 42
19 32 42 44
21 34 44 46
23 36 46 48
25 38 48 50
27 40 50 52
29 42 52 54
31 44 54 56
33 46 56 58
35 48 58 60
11 28 43 88
13 30 45 88
15 32 47 88
17 34 49 88
19 36 51 88
21 38 53 88
23 40 55 88
25 42 57 88
27 44 59 88
29 46 61 88
31 48 63 88
33 50 65 88
35 52 67 88
37 54 69 88
39 56 71 88
41 58 73 88
43 60 75 88
45 62 77 88
47 64 79 88
49 66 81 88
51 68 83 88
53 70 85 88
55 72 87 88
1 57 74 88
3 59 76 88
5 61 78 88
7 63 80 88
9 65 82 88
11 67 84 88
13 69 86 88
0 15 71 88
2 17 73 88
4 19 75 88
6 21 77 88
8 23 79 88
10 25 81 88
12 27 83 88
14 29 85 88
16 31 87 88
1 18 33 88
3 20 35 88
5 22 37 88
7 24 39 88
9 26 41 88
5 7 57 69
7 9 59 71
9 11 61 73
11 13 63 75
13 15 65 77
15 17 67 79
17 19 69 81
19 21 71 83
21 23 73 85
23 25 75 87
1 25 27 77
3 27 29 79
5 29 31 81
7 31 33 83
9 33 35 85
11 35 37 87
1 13 37 39
3 15 39 41
5 17 41 43
7 19 43 45
9 21 45 47
11 23 47 49
13 25 49 51
15 27 51 53
17 29 53 55
19 31 55 57
21 33 57 59
23 35 59 61
25 37 61 63
27 39 63 65
29 41 65 67
31 43 67 69
33 45 69 71
35 47 71 73
37 49 73 75
39 51 75 77
41 53 77 79
43 55 79 81
45 57 81 83
47 59 83 85
49 61 85 87
1 51 63 87
1 3 53 65
3 5 55 67
20 36 44 78
22 38 46 80
24 40 48 82
26 42 50 84
28 44 52 86
0 30 46 54
2 32 48 56
4 34 50 58
6 36 52 60
8 38 54 62
10 40 56 64
12 42 58 66
14 44 60 68
16 46 62 70
18 48 64 72
20 50 66 74
22 52 68 76
24 54 70 78
26 56 72 80
28 58 74 82
30 60 76 84
32 62 78 86
0 34 64 80
2 36 66 82
4 38 68 84
6 40 70 86
0 8 42 72
2 10 44 74
4 12 46 76
6 14 48 78
8 16 50 80
10 18 52 82
12 20 54 84
14 22 56 86
0 16 24 58
2 18 26 60
4 20 28 62
6 22 30 64
8 24 32 66
10 26 34 68
12 28 36 70
14 30 38 72
16 32 40 74
18 34 42 76
31 46 68 71
33 48 70 73
35 50 72 75
37 52 74 77
39 54 76 79
41 56 78 81
43 58 80 83
45 60 82 85
47 62 84 87
1 49 64 86
0 3 51 66
2 5 53 68
4 7 55 70
6 9 57 72
8 11 59 74
10 13 61 76
12 15 63 78
14 17 65 80
16 19 67 82
18 21 69 84
20 23 71 86
0 22 25 73
2 24 27 75
4 26 29 77
6 28 31 79
8 30 33 81
10 32 35 83
12 34 37 85
14 36 39 87
1 16 38 41
3 18 40 43
5 20 42 45
7 22 44 47
9 24 46 49
11 26 48 51
13 28 50 53
15 30 52 55
17 32 54 57
19 34 56 59
21 36 58 61
23 38 60 63
25 40 62 65
27 42 64 67
29 44 66 69
1 21 28 66
3 23 30 68
5 25 32 70
7 27 34 72
9 29 36 74
11 31 38 76
13 33 40 78
15 35 42 80
17 37 44 82
19 39 46 84
21 41 48 86
0 23 43 50
2 25 45 52
4 27 47 54
6 29 49 56
8 31 51 58
10 33 53 60
12 35 55 62
14 37 57 64
16 39 59 66
18 41 61 68
20 43 63 70
22 45 65 72
24 47 67 74
26 49 69 76
28 51 71 78
30 53 73 80
32 55 75 82
34 57 77 84
36 59 79 86
0 38 61 81
2 40 63 83
4 42 65 85
6 44 67 87
1 8 46 69
3 10 48 71
5 12 50 73
7 14 52 75
9 16 54 77
11 18 56 79
13 20 58 81
15 22 60 83
17 24 62 85
19 26 64 87
4 10 11 32
6 12 13 34
8 14 15 36
10 16 17 38
12 18 19 40
14 20 21 42
16 22 23 44
18 24 25 46
20 26 27 48
22 28 29 50
24 30 31 52
26 32 33 54
28 34 35 56
30 36 37 58
32 38 39 60
34 40 41 62
36 42 43 64
38 44 45 66
40 46 47 68
42 48 49 70
44 50 51 72
46 52 53 74
48 54 55 76
50 56 57 78
52 58 59 80
54 60 61 82
56 62 63 84
58 64 65 86
0 60 66 67
2 62 68 69
4 64 70 71
6 66 72 73
8 68 74 75
10 70 76 77
12 72 78 79
14 74 80 81
16 76 82 83
18 78 84 85
20 80 86 87
0 1 22 82
2 3 24 84
4 5 26 86
0 6 7 28
2 8 9 30
24 43 77 86
0 26 45 79
2 28 47 81
4 30 49 83
6 32 51 85
8 34 53 87
1 10 36 55
3 12 38 57
5 14 40 59
7 16 42 61
9 18 44 63
11 20 46 65
13 22 48 67
15 24 50 69
17 26 52 71
19 28 54 73
21 30 56 75
23 32 58 77
25 34 60 79
27 36 62 81
29 38 64 83
31 40 66 85
33 42 68 87
1 35 44 70
3 37 46 72
5 39 48 74
7 41 50 76
9 43 52 78
11 45 54 80
13 47 56 82
15 49 58 84
17 51 60 86
0 19 53 62
2 21 55 64
4 23 57 66
6 25 59 68
8 27 61 70
10 29 63 72
12 31 65 74
14 33 67 76
16 35 69 78
18 37 71 80
20 39 73 82
22 41 75 84
54 68 72 81
56 70 74 83
58 72 76 85
60 74 78 87
1 62 76 80
3 64 78 82
5 66 80 84
7 68 82 86
0 9 70 84
2 11 72 86
0 4 13 74
2 6 15 76
4 8 17 78
6 10 19 80
8 12 21 82
10 14 23 84
12 16 25 86
0 14 18 27
2 16 20 29
4 18 22 31
6 20 24 33
8 22 26 35
10 24 28 37
12 26 30 39
14 28 32 41
16 30 34 43
18 32 36 45
20 34 38 47
22 36 40 49
24 38 42 51
26 40 44 53
28 42 46 55
30 44 48 57
32 46 50 59
34 48 52 61
36 50 54 63
38 52 56 65
40 54 58 67
42 56 60 69
44 58 62 71
46 60 64 73
48 62 66 75
50 64 68 77
52 66 70 79
0 29 32 37
2 31 34 39
4 33 36 41
6 35 38 43
8 37 40 45
10 39 42 47
12 41 44 49
14 43 46 51
16 45 48 53
18 47 50 55
20 49 52 57
22 51 54 59
24 53 56 61
26 55 58 63
28 57 60 65
30 59 62 67
32 61 64 69
34 63 66 71
36 65 68 73
38 67 70 75
40 69 72 77
42 71 74 79
44 73 76 81
46 75 78 83
48 77 80 85
50 79 82 87
1 52 81 84
3 54 83 86
0 5 56 85
2 7 58 87
1 4 9 60
3 6 11 62
5 8 13 64
7 10 15 66
9 12 17 68
11 14 19 70
13 16 21 72
15 18 23 74
17 20 25 76
19 22 27 78
21 24 29 80
23 26 31 82
25 28 33 84
27 30 35 86
26 43 73 83
28 45 75 85
30 47 77 87
1 32 49 79
3 34 51 81
5 36 53 83
7 38 55 85
9 40 57 87
1 11 42 59
3 13 44 61
5 15 46 63
7 17 48 65
9 19 50 67
11 21 52 69
13 23 54 71
15 25 56 73
17 27 58 75
19 29 60 77
21 31 62 79
23 33 64 81
25 35 66 83
27 37 68 85
29 39 70 87
1 31 41 72
3 33 43 74
5 35 45 76
7 37 47 78
9 39 49 80
11 41 51 82
13 43 53 84
15 45 55 86
0 17 47 57
2 19 49 59
4 21 51 61
6 23 53 63
8 25 55 65
10 27 57 67
12 29 59 69
14 31 61 71
16 33 63 73
18 35 65 75
20 37 67 77
22 39 69 79
24 41 71 81
7 26 51 70
24 44 64 68
34 54 55 74
4 32 52 72
0 15 49 68
8 25 76 78
16 17 36 61
8 33 52 77
4 5 24 49
14 39 58 83
12 36 56 80
12 32 37 81
21 40 65 84
10 38 58 78
31 43 50 78
26 32 46 66
16 41 60 85
15 34 59 78
18 43 62 87
14 34 62 82
10 35 54 79
10 11 30 55
1 20 45 64
6 26 31 75
23 42 67 86
7 60 61 80
0 20 40 60
3 22 47 66
19 38 63 82
9 28 53 72
16 34 64 84
6 30 50 74
8 28 48 68
1 37 56 76
2 23 50 70
2 27 46 71
4 29 48 73
2 22 42 62
0 25 44 69
18 38 66 86
6 15 34 85
13 32 57 76
