36 58 68 71 72
38 60 70 73 74
40 62 72 75 76
42 64 74 77 78
44 66 76 79 80
46 68 78 81 82
48 70 80 83 84
50 72 82 85 86
0 52 74 84 87
1 2 54 76 86
0 3 4 56 78
2 5 6 58 80
4 7 8 60 82
6 9 10 62 84
8 11 12 64 86
0 10 13 14 66
2 12 15 16 68
4 14 17 18 70
6 16 19 20 72
8 18 21 22 74
10 20 23 24 76
12 22 25 26 78
14 24 27 28 80
16 26 29 30 82
18 28 31 32 84
20 30 33 34 86
0 22 32 35 36
2 24 34 37 38
4 26 36 39 40
6 28 38 41 42
8 30 40 43 44
10 32 42 45 46
12 34 44 47 48
14 36 46 49 50
16 38 48 51 52
18 40 50 53 54
20 42 52 55 56
22 44 54 57 58
24 46 56 59 60
26 48 58 61 62
28 50 60 63 64
30 52 62 65 66
32 54 64 67 68
34 56 66 69 70
32 43 49 65 85
34 45 51 67 87
1 36 47 53 69
3 38 49 55 71
5 40 51 57 73
7 42 53 59 75
9 44 55 61 77
11 46 57 63 79
13 48 59 65 81
15 50 61 67 83
17 52 63 69 85
19 54 65 71 87
1 21 56 67 73
3 23 58 69 75
5 25 60 71 77
7 27 62 73 79
9 29 64 75 81
11 31 66 77 83
13 33 68 79 85
15 35 70 81 87
1 17 37 72 83
3 19 39 74 85
5 21 41 76 87
1 7 23 43 78
3 9 25 45 80
5 11 27 47 82
7 13 29 49 84
9 15 31 51 86
0 11 17 33 53
2 13 19 35 55
4 15 21 37 57
6 17 23 39 59
8 19 25 41 61
10 21 27 43 63
12 23 29 45 65
14 25 31 47 67
16 27 33 49 69
18 29 35 51 71
20 31 37 53 73
22 33 39 55 75
24 35 41 57 77
26 37 43 59 79
28 39 45 61 81
30 41 47 63 83
3 14 68 76 83
5 16 70 78 85
7 18 72 80 87
1 9 20 74 82
3 11 22 76 84
5 13 24 78 86
0 7 15 26 80
2 9 17 28 82
4 11 19 30 84
6 13 21 32 86
0 8 15 23 34
2 10 17 25 36
4 12 19 27 38
6 14 21 29 40
8 16 23 31 42
10 18 25 33 44
12 20 27 35 46
14 22 29 37 48
16 24 31 39 50
18 26 33 41 52
20 28 35 43 54
22 30 37 45 56
24 32 39 47 58
26 34 41 49 60
28 36 43 51 62
30 38 45 53 64
32 40 47 55 66
34 42 49 57 68
36 44 51 59 70
38 46 53 61 72
40 48 55 63 74
42 50 57 65 76
44 52 59 67 78
46 54 61 69 80
48 56 63 71 82
50 58 65 73 84
52 60 67 75 86
0 54 62 69 77
2 56 64 71 79
4 58 66 73 81
6 60 68 75 83
8 62 70 77 85
10 64 72 79 87
1 12 66 74 81
19 21 49 64 76
21 23 51 66 78
23 25 53 68 80
25 27 55 70 82
27 29 57 72 84
29 31 59 74 86
0 31 33 61 76
2 33 35 63 78
4 35 37 65 80
6 37 39 67 82
8 39 41 69 84
10 41 43 71 86
0 12 43 45 73
2 14 45 47 75
4 16 47 49 77
6 18 49 51 79
8 20 51 53 81
10 22 53 55 83
12 24 55 57 85
14 26 57 59 87
1 16 28 59 61
3 18 30 61 63
5 20 32 63 65
7 22 34 65 67
9 24 36 67 69
11 26 38 69 71
13 28 40 71 73
15 30 42 73 75
17 32 44 75 77
19 34 46 77 79
21 36 48 79 81
23 38 50 81 83
25 40 52 83 85
27 42 54 85 87
1 29 44 56 87
1 3 31 46 58
3 5 33 48 60
5 7 35 50 62
7 9 37 52 64
9 11 39 54 66
11 13 41 56 68
13 15 43 58 70
15 17 45 60 72
17 19 47 62 74
33 37 45 69 86
0 35 39 47 71
2 37 41 49 73
4 39 43 51 75
6 41 45 53 77
8 43 47 55 79
10 45 49 57 81
12 47 51 59 83
14 49 53 61 85
16 51 55 63 87
1 18 53 57 65
3 20 55 59 67
5 22 57 61 69
7 24 59 63 71
9 26 61 65 73
11 28 63 67 75
13 30 65 69 77
15 32 67 71 79
17 34 69 73 81
19 36 71 75 83
21 38 73 77 85
23 40 75 79 87
1 25 42 77 81
3 27 44 79 83
5 29 46 81 85
7 31 48 83 87
1 9 33 50 85
3 11 35 52 87
1 5 13 37 54
3 7 15 39 56
5 9 17 41 58
7 11 19 43 60
9 13 21 45 62
11 15 23 47 64
13 17 25 49 66
15 19 27 51 68
17 21 29 53 70
19 23 31 55 72
21 25 33 57 74
23 27 35 59 76
25 29 37 61 78
27 31 39 63 80
29 33 41 65 82
31 35 43 67 84
7 21 44 68 69
9 23 46 70 71
11 25 48 72 73
13 27 50 74 75
15 29 52 76 77
17 31 54 78 79
19 33 56 80 81
21 35 58 82 83
23 37 60 84 85
25 39 62 86 87
0 1 27 41 64
2 3 29 43 66
4 5 31 45 68
6 7 33 47 70
8 9 35 49 72
10 11 37 51 74
12 13 39 53 76
14 15 41 55 78
16 17 43 57 80
18 19 45 59 82
20 21 47 61 84
22 23 49 63 86
0 24 25 51 65
2 26 27 53 67
4 28 29 55 69
6 30 31 57 71
8 32 33 59 73
10 34 35 61 75
12 36 37 63 77
14 38 39 65 79
16 40 41 67 81
18 42 43 69 83
20 44 45 71 85
22 46 47 73 87
1 24 48 49 75
3 26 50 51 77
5 28 52 53 79
7 30 54 55 81
9 32 56 57 83
11 34 58 59 85
13 36 60 61 87
1 15 38 62 63
3 17 40 64 65
5 19 42 66 67
11 14 30 32 72
13 16 32 34 74
15 18 34 36 76
17 20 36 38 78
19 22 38 40 80
21 24 40 42 82
23 26 42 44 84
25 28 44 46 86
0 27 30 46 48
2 29 32 48 50
4 31 34 50 52
6 33 36 52 54
8 35 38 54 56
10 37 40 56 58
12 39 42 58 60
14 41 44 60 62
16 43 46 62 64
18 45 48 64 66
20 47 50 66 68
22 49 52 68 70
24 51 54 70 72
26 53 56 72 74
28 55 58 74 76
30 57 60 76 78
32 59 62 78 80
34 61 64 80 82
36 63 66 82 84
38 65 68 84 86
0 40 67 70 86
0 2 42 69 72
2 4 44 71 74
4 6 46 73 76
6 8 48 75 78
8 10 50 77 80
10 12 52 79 82
12 14 54 81 84
14 16 56 83 86
0 16 18 58 85
2 18 20 60 87
1 4 20 22 62
3 6 22 24 64
5 8 24 26 66
7 10 26 28 68
9 12 28 30 70
9 14 19 42 63
11 16 21 44 65
13 18 23 46 67
15 20 25 48 69
17 22 27 50 71
19 24 29 52 73
21 26 31 54 75
23 28 33 56 77
25 30 35 58 79
27 32 37 60 81
29 34 39 62 83
31 36 41 64 85
33 38 43 66 87
1 35 40 45 68
3 37 42 47 70
5 39 44 49 72
7 41 46 51 74
9 43 48 53 76
11 45 50 55 78
13 47 52 57 80
15 49 54 59 82
17 51 56 61 84
19 53 58 63 86
0 21 55 60 65
2 23 57 62 67
4 25 59 64 69
6 27 61 66 71
8 29 63 68 73
10 31 65 70 75
12 33 67 72 77
14 35 69 74 79
16 37 71 76 81
18 39 73 78 83
20 41 75 80 85
22 43 77 82 87
1 24 45 79 84
3 26 47 81 86
0 5 28 49 83
2 7 30 51 85
4 9 32 53 87
1 6 11 34 55
3 8 13 36 57
5 10 15 38 59
7 12 17 40 61
5 12 18 56 75
7 14 20 58 77
9 16 22 60 79
11 18 24 62 81
13 20 26 64 83
15 22 28 66 85
17 24 30 68 87
1 19 26 32 70
3 21 28 34 72
5 23 30 36 74
7 25 32 38 76
9 27 34 40 78
11 29 36 42 80
13 31 38 44 82
15 33 40 46 84
17 35 42 48 86
0 19 37 44 50
2 21 39 46 52
4 23 41 48 54
6 25 43 50 56
8 27 45 52 58
10 29 47 54 60
12 31 49 56 62
14 33 51 58 64
16 35 53 60 66
18 37 55 62 68
20 39 57 64 70
22 41 59 66 72
24 43 61 68 74
26 45 63 70 76
28 47 65 72 78
30 49 67 74 80
32 51 69 76 82
34 53 71 78 84
36 55 73 80 86
0 38 57 75 82
2 40 59 77 84
4 42 61 79 86
0 6 44 63 81
2 8 46 65 83
4 10 48 67 85
6 12 50 69 87
1 8 14 52 71
3 10 16 54 73
8 17 67 76 88
10 19 69 78 88
12 21 71 80 88
14 23 73 82 88
16 25 75 84 88
18 27 77 86 88
0 20 29 79 88
2 22 31 81 88
4 24 33 83 88
6 26 35 85 88
8 28 37 87 88
1 10 30 39 88
3 12 32 41 88
5 14 34 43 88
7 16 36 45 88
9 18 38 47 88
11 20 40 49 88
13 22 42 51 88
15 24 44 53 88
17 26 46 55 88
19 28 48 57 88
21 30 50 59 88
23 32 52 61 88
25 34 54 63 88
27 36 56 65 88
29 38 58 67 88
31 40 60 69 88
33 42 62 71 88
35 44 64 73 88
37 46 66 75 88
39 48 68 77 88
41 50 70 79 88
43 52 72 81 88
45 54 74 83 88
47 56 76 85 88
49 58 78 87 88
1 51 60 80 88
3 53 62 82 88
5 55 64 84 88
7 57 66 86 88
0 9 59 68 88
2 11 61 70 88
4 13 63 72 88
6 15 65 74 88
