7 19 59
8 20 60
9 21 61
10 22 62
11 23 63
12 24 64
13 25 65
14 26 66
15 27 67
16 28 68
17 29 69
18 30 70
19 31 71
20 32 72
21 33 73
22 34 74
23 35 75
24 36 76
25 37 77
26 38 78
27 39 79
28 40 80
29 41 81
30 42 82
31 43 83
32 44 84
33 45 85
34 46 86
35 47 87
36 48 88
0 37 49
1 38 50
2 39 51
3 40 52
4 41 53
5 42 54
6 43 55
7 44 56
8 45 57
9 46 58
10 47 59
11 48 60
12 49 61
13 50 62
14 51 63
15 52 64
16 53 65
17 54 66
18 55 67
19 56 68
20 57 69
21 58 70
22 59 71
23 60 72
24 61 73
25 62 74
26 63 75
27 64 76
28 65 77
29 66 78
30 67 79
31 68 80
32 69 81
33 70 82
34 71 83
35 72 84
36 73 85
37 74 86
38 75 87
39 76 88
0 40 77
1 41 78
2 42 79
3 43 80
4 44 81
5 45 82
6 46 83
7 47 84
8 48 85
9 49 86
10 50 87
11 51 88
0 12 52
1 13 53
2 14 54
3 15 55
4 16 56
5 17 57
6 18 58
24 81 88
0 25 82
1 26 83
2 27 84
3 28 85
4 29 86
5 30 87
6 31 88
0 7 32
1 8 33
2 9 34
3 10 35
4 11 36
5 12 37
6 13 38
7 14 39
8 15 40
9 16 41
10 17 42
11 18 43
12 19 44
13 20 45
14 21 46
15 22 47
16 23 48
17 24 49
18 25 50
19 26 51
20 27 52
21 28 53
22 29 54
23 30 55
24 31 56
25 32 57
26 33 58
27 34 59
28 35 60
29 36 61
30 37 62
31 38 63
32 39 64
33 40 65
34 41 66
35 42 67
36 43 68
37 44 69
38 45 70
39 46 71
40 47 72
41 48 73
42 49 74
43 50 75
44 51 76
45 52 77
46 53 78
47 54 79
48 55 80
49 56 81
50 57 82
51 58 83
52 59 84
53 60 85
54 61 86
55 62 87
56 63 88
0 57 64
1 58 65
2 59 66
3 60 67
4 61 68
5 62 69
6 63 70
7 64 71
8 65 72
9 66 73
10 67 74
11 68 75
12 69 76
13 70 77
14 71 78
15 72 79
16 73 80
17 74 81
18 75 82
19 76 83
20 77 84
21 78 85
22 79 86
23 80 87
17 70 76
18 71 77
19 72 78
20 73 79
21 74 80
22 75 81
23 76 82
24 77 83
25 78 84
26 79 85
27 80 86
28 81 87
29 82 88
0 30 83
1 31 84
2 32 85
3 33 86
4 34 87
5 35 88
0 6 36
1 7 37
2 8 38
3 9 39
4 10 40
5 11 41
6 12 42
7 13 43
8 14 44
9 15 45
10 16 46
11 17 47
12 18 48
13 19 49
14 20 50
15 21 51
16 22 52
17 23 53
18 24 54
19 25 55
20 26 56
21 27 57
22 28 58
23 29 59
24 30 60
25 31 61
26 32 62
27 33 63
28 34 64
29 35 65
30 36 66
31 37 67
32 38 68
33 39 69
34 40 70
35 41 71
36 42 72
37 43 73
38 44 74
39 45 75
40 46 76
41 47 77
42 48 78
43 49 79
44 50 80
45 51 81
46 52 82
47 53 83
48 54 84
49 55 85
50 56 86
51 57 87
52 58 88
0 53 59
1 54 60
2 55 61
3 56 62
4 57 63
5 58 64
6 59 65
7 60 66
8 61 67
9 62 68
10 63 69
11 64 70
12 65 71
13 66 72
14 67 73
15 68 74
16 69 75
67 83 88
0 68 84
1 69 85
2 70 86
3 71 87
4 72 88
0 5 73
1 6 74
2 7 75
3 8 76
4 9 77
5 10 78
6 11 79
7 12 80
8 13 81
9 14 82
10 15 83
11 16 84
12 17 85
13 18 86
14 19 87
15 20 88
0 16 21
1 17 22
2 18 23
3 19 24
4 20 25
5 21 26
6 22 27
7 23 28
8 24 29
9 25 30
10 26 31
11 27 32
12 28 33
13 29 34
14 30 35
15 31 36
16 32 37
17 33 38
18 34 39
19 35 40
20 36 41
21 37 42
22 38 43
23 39 44
24 40 45
25 41 46
26 42 47
27 43 48
28 44 49
29 45 50
30 46 51
31 47 52
32 48 53
33 49 54
34 50 55
35 51 56
36 52 57
37 53 58
38 54 59
39 55 60
40 56 61
41 57 62
42 58 63
43 59 64
44 60 65
45 61 66
46 62 67
47 63 68
48 64 69
49 65 70
50 66 71
51 67 72
52 68 73
53 69 74
54 70 75
55 71 76
56 72 77
57 73 78
58 74 79
59 75 80
60 76 81
61 77 82
62 78 83
63 79 84
64 80 85
65 81 86
66 82 87
43 54 56
44 55 57
45 56 58
46 57 59
47 58 60
48 59 61
49 60 62
50 61 63
51 62 64
52 63 65
53 64 66
54 65 67
55 66 68
56 67 69
57 68 70
58 69 71
59 70 72
60 71 73
61 72 74
62 73 75
63 74 76
64 75 77
65 76 78
66 77 79
67 78 80
68 79 81
69 80 82
70 81 83
71 82 84
72 83 85
73 84 86
74 85 87
75 86 88
0 76 87
1 77 88
0 2 78
1 3 79
2 4 80
3 5 81
4 6 82
5 7 83
6 8 84
7 9 85
8 10 86
9 11 87
10 12 88
0 11 13
1 12 14
2 13 15
3 14 16
4 15 17
5 16 18
6 17 19
7 18 20
8 19 21
9 20 22
10 21 23
11 22 24
12 23 25
13 24 26
14 25 27
15 26 28
16 27 29
17 28 30
18 29 31
19 30 32
20 31 33
21 32 34
22 33 35
23 34 36
24 35 37
25 36 38
26 37 39
27 38 40
28 39 41
29 40 42
30 41 43
31 42 44
32 43 45
33 44 46
34 45 47
35 46 48
36 47 49
37 48 50
38 49 51
39 50 52
40 51 53
41 52 54
42 53 55
32 56 87
33 57 88
0 34 58
1 35 59
2 36 60
3 37 61
4 38 62
5 39 63
6 40 64
7 41 65
8 42 66
9 43 67
10 44 68
11 45 69
12 46 70
13 47 71
14 48 72
15 49 73
16 50 74
17 51 75
18 52 76
19 53 77
20 54 78
21 55 79
22 56 80
23 57 81
24 58 82
25 59 83
26 60 84
27 61 85
28 62 86
29 63 87
30 64 88
0 31 65
1 32 66
2 33 67
3 34 68
4 35 69
5 36 70
6 37 71
7 38 72
8 39 73
9 40 74
10 41 75
11 42 76
12 43 77
13 44 78
14 45 79
15 46 80
16 47 81
17 48 82
18 49 83
19 50 84
20 51 85
21 52 86
22 53 87
23 54 88
0 24 55
1 25 56
2 26 57
3 27 58
4 28 59
5 29 60
6 30 61
7 31 62
8 32 63
9 33 64
10 34 65
11 35 66
12 36 67
13 37 68
14 38 69
15 39 70
16 40 71
17 41 72
18 42 73
19 43 74
20 44 75
21 45 76
22 46 77
23 47 78
24 48 79
25 49 80
26 50 81
27 51 82
28 52 83
29 53 84
30 54 85
31 55 86
28 37 75
29 38 76
30 39 77
31 40 78
32 41 79
33 42 80
34 43 81
35 44 82
36 45 83
37 46 84
38 47 85
39 48 86
40 49 87
41 50 88
0 42 51
1 43 52
2 44 53
3 45 54
4 46 55
5 47 56
6 48 57
7 49 58
8 50 59
9 51 60
10 52 61
11 53 62
12 54 63
13 55 64
14 56 65
15 57 66
16 58 67
17 59 68
18 60 69
19 61 70
20 62 71
21 63 72
22 64 73
23 65 74
24 66 75
25 67 76
26 68 77
27 69 78
28 70 79
29 71 80
30 72 81
31 73 82
32 74 83
33 75 84
34 76 85
35 77 86
36 78 87
37 79 88
0 38 80
1 39 81
2 40 82
3 41 83
4 42 84
5 43 85
6 44 86
7 45 87
8 46 88
0 9 47
1 10 48
2 11 49
3 12 50
4 13 51
5 14 52
6 15 53
7 16 54
8 17 55
9 18 56
10 19 57
11 20 58
12 21 59
13 22 60
14 23 61
15 24 62
16 25 63
17 26 64
18 27 65
19 28 66
20 29 67
21 30 68
22 31 69
23 32 70
24 33 71
25 34 72
26 35 73
27 36 74
3 17 84
4 18 85
5 19 86
6 20 87
7 21 88
0 8 22
1 9 23
2 10 24
3 11 25
4 12 26
5 13 27
6 14 28
7 15 29
8 16 30
9 17 31
10 18 32
11 19 33
12 20 34
13 21 35
14 22 36
15 23 37
16 24 38
17 25 39
18 26 40
19 27 41
20 28 42
21 29 43
22 30 44
23 31 45
24 32 46
25 33 47
26 34 48
27 35 49
28 36 50
29 37 51
30 38 52
31 39 53
32 40 54
33 41 55
34 42 56
35 43 57
36 44 58
37 45 59
38 46 60
39 47 61
40 48 62
41 49 63
42 50 64
43 51 65
44 52 66
45 53 67
46 54 68
47 55 69
48 56 70
49 57 71
50 58 72
51 59 73
52 60 74
53 61 75
54 62 76
55 63 77
56 64 78
57 65 79
58 66 80
59 67 81
60 68 82
61 69 83
62 70 84
63 71 85
64 72 86
65 73 87
66 74 88
0 67 75
1 68 76
2 69 77
3 70 78
4 71 79
5 72 80
6 73 81
7 74 82
8 75 83
9 76 84
10 77 85
11 78 86
12 79 87
13 80 88
0 14 81
1 15 82
2 16 83
53 56 73
54 57 74
55 58 75
56 59 76
57 60 77
58 61 78
59 62 79
60 63 80
61 64 81
62 65 82
63 66 83
64 67 84
65 68 85
66 69 86
67 70 87
68 71 88
0 69 72
1 70 73
2 71 74
3 72 75
4 73 76
5 74 77
6 75 78
7 76 79
8 77 80
9 78 81
10 79 82
11 80 83
12 81 84
13 82 85
14 83 86
15 84 87
16 85 88
0 17 86
1 18 87
2 19 88
0 3 20
1 4 21
2 5 22
3 6 23
4 7 24
5 8 25
6 9 26
7 10 27
8 11 28
9 12 29
10 13 30
11 14 31
12 15 32
13 16 33
14 17 34
15 18 35
16 19 36
17 20 37
18 21 38
19 22 39
20 23 40
21 24 41
22 25 42
23 26 43
24 27 44
25 28 45
26 29 46
27 30 47
28 31 48
29 32 49
30 33 50
31 34 51
32 35 52
33 36 53
34 37 54
35 38 55
36 39 56
37 40 57
38 41 58
39 42 59
40 43 60
41 44 61
42 45 62
43 46 63
44 47 64
45 48 65
46 49 66
47 50 67
48 51 68
49 52 69
50 53 70
51 54 71
52 55 72
7 11 61
8 12 62
9 13 63
10 14 64
11 15 65
12 16 66
13 17 67
14 18 68
15 19 69
16 20 70
17 21 71
18 22 72
19 23 73
20 24 74
21 25 75
22 26 76
23 27 77
24 28 78
25 29 79
26 30 80
27 31 81
28 32 82
29 33 83
30 34 84
31 35 85
32 36 86
33 37 87
34 38 88
0 35 39
1 36 40
2 37 41
3 38 42
4 39 43
5 40 44
6 41 45
7 42 46
8 43 47
9 44 48
10 45 49
11 46 50
12 47 51
13 48 52
14 49 53
15 50 54
16 51 55
17 52 56
18 53 57
19 54 58
20 55 59
21 56 60
22 57 61
23 58 62
24 59 63
25 60 64
26 61 65
27 62 66
28 63 67
29 64 68
30 65 69
31 66 70
32 67 71
33 68 72
34 69 73
35 70 74
36 71 75
37 72 76
38 73 77
39 74 78
40 75 79
41 76 80
42 77 81
43 78 82
44 79 83
45 80 84
46 81 85
47 82 86
48 83 87
49 84 88
0 50 85
1 51 86
2 52 87
3 53 88
0 4 54
1 5 55
2 6 56
3 7 57
4 8 58
5 9 59
6 10 60
43 67 86
44 68 87
45 69 88
0 46 70
1 47 71
2 48 72
3 49 73
4 50 74
5 51 75
6 52 76
7 53 77
8 54 78
9 55 79
10 56 80
11 57 81
12 58 82
13 59 83
14 60 84
15 61 85
16 62 86
17 63 87
18 64 88
0 19 65
1 20 66
2 21 67
3 22 68
4 23 69
5 24 70
6 25 71
7 26 72
8 27 73
9 28 74
10 29 75
11 30 76
12 31 77
13 32 78
14 33 79
15 34 80
16 35 81
17 36 82
18 37 83
19 38 84
20 39 85
21 40 86
22 41 87
23 42 88
0 24 43
1 25 44
2 26 45
3 27 46
4 28 47
5 29 48
6 30 49
7 31 50
8 32 51
9 33 52
10 34 53
11 35 54
12 36 55
13 37 56
14 38 57
15 39 58
16 40 59
17 41 60
18 42 61
19 43 62
20 44 63
21 45 64
22 46 65
23 47 66
24 48 67
25 49 68
26 50 69
27 51 70
28 52 71
29 53 72
30 54 73
31 55 74
32 56 75
33 57 76
34 58 77
35 59 78
36 60 79
37 61 80
38 62 81
39 63 82
40 64 83
41 65 84
42 66 85
12 13 41
13 14 42
14 15 43
15 16 44
16 17 45
17 18 46
18 19 47
19 20 48
20 21 49
21 22 50
22 23 51
23 24 52
24 25 53
25 26 54
26 27 55
27 28 56
28 29 57
29 30 58
30 31 59
31 32 60
32 33 61
33 34 62
34 35 63
35 36 64
36 37 65
37 38 66
38 39 67
39 40 68
40 41 69
41 42 70
42 43 71
43 44 72
44 45 73
45 46 74
46 47 75
47 48 76
48 49 77
49 50 78
50 51 79
51 52 80
52 53 81
53 54 82
54 55 83
55 56 84
56 57 85
57 58 86
58 59 87
59 60 88
0 60 61
1 61 62
2 62 63
3 63 64
4 64 65
5 65 66
6 66 67
7 67 68
8 68 69
9 69 70
10 70 71
11 71 72
12 72 73
13 73 74
14 74 75
15 75 76
16 76 77
17 77 78
18 78 79
19 79 80
20 80 81
21 81 82
22 82 83
23 83 84
24 84 85
25 85 86
26 86 87
27 87 88
0 28 88
0 1 29
1 2 30
2 3 31
3 4 32
4 5 33
5 6 34
6 7 35
7 8 36
8 9 37
9 10 38
10 11 39
11 12 40
33 59 74
34 60 75
35 61 76
36 62 77
37 63 78
38 64 79
39 65 80
40 66 81
41 67 82
42 68 83
43 69 84
44 70 85
45 71 86
46 72 87
47 73 88
0 48 74
1 49 75
2 50 76
3 51 77
4 52 78
5 53 79
6 54 80
7 55 81
8 56 82
9 57 83
10 58 84
11 59 85
12 60 86
13 61 87
14 62 88
0 15 63
1 16 64
2 17 65
3 18 66
4 19 67
5 20 68
6 21 69
7 22 70
8 23 71
9 24 72
10 25 73
11 26 74
12 27 75
13 28 76
14 29 77
15 30 78
16 31 79
17 32 80
18 33 81
19 34 82
20 35 83
21 36 84
22 37 85
23 38 86
24 39 87
25 40 88
0 26 41
1 27 42
2 28 43
3 29 44
4 30 45
5 31 46
6 32 47
7 33 48
8 34 49
9 35 50
10 36 51
11 37 52
12 38 53
13 39 54
14 40 55
15 41 56
16 42 57
17 43 58
18 44 59
19 45 60
20 46 61
21 47 62
22 48 63
23 49 64
24 50 65
25 51 66
26 52 67
27 53 68
28 54 69
29 55 70
30 56 71
31 57 72
32 58 73
5 49 67
6 50 68
7 51 69
8 52 70
9 53 71
10 54 72
11 55 73
12 56 74
13 57 75
14 58 76
15 59 77
16 60 78
17 61 79
18 62 80
19 63 81
20 64 82
21 65 83
22 66 84
23 67 85
24 68 86
25 69 87
26 70 88
0 27 71
1 28 72
2 29 73
3 30 74
4 31 75
5 32 76
6 33 77
7 34 78
8 35 79
9 36 80
10 37 81
11 38 82
12 39 83
13 40 84
14 41 85
15 42 86
16 43 87
17 44 88
0 18 45
1 19 46
2 20 47
3 21 48
4 22 49
5 23 50
6 24 51
7 25 52
8 26 53
9 27 54
10 28 55
11 29 56
12 30 57
13 31 58
14 32 59
15 33 60
16 34 61
17 35 62
18 36 63
19 37 64
20 38 65
21 39 66
22 40 67
23 41 68
24 42 69
25 43 70
26 44 71
27 45 72
28 46 73
29 47 74
30 48 75
31 49 76
32 50 77
33 51 78
34 52 79
35 53 80
36 54 81
37 55 82
38 56 83
39 57 84
40 58 85
41 59 86
42 60 87
43 61 88
0 44 62
1 45 63
2 46 64
3 47 65
4 48 66
45 55 78
46 56 79
47 57 80
48 58 81
49 59 82
50 60 83
51 61 84
52 62 85
53 63 86
54 64 87
55 65 88
0 56 66
1 57 67
2 58 68
3 59 69
4 60 70
5 61 71
6 62 72
7 63 73
8 64 74
9 65 75
10 66 76
11 67 77
12 68 78
13 69 79
14 70 80
15 71 81
16 72 82
17 73 83
18 74 84
19 75 85
20 76 86
21 77 87
22 78 88
0 23 79
1 24 80
2 25 81
3 26 82
4 27 83
5 28 84
6 29 85
7 30 86
8 31 87
9 32 88
0 10 33
1 11 34
2 12 35
3 13 36
4 14 37
5 15 38
6 16 39
7 17 40
8 18 41
9 19 42
10 20 43
11 21 44
12 22 45
13 23 46
14 24 47
15 25 48
16 26 49
17 27 50
18 28 51
19 29 52
20 30 53
21 31 54
22 32 55
23 33 56
24 34 57
25 35 58
26 36 59
27 37 60
28 38 61
29 39 62
30 40 63
31 41 64
32 42 65
33 43 66
34 44 67
35 45 68
36 46 69
37 47 70
38 48 71
39 49 72
40 50 73
41 51 74
42 52 75
43 53 76
44 54 77
