0 12 14 22 30 58 68 72 82
1 2 4 5 8 14 36 37 40
1 3 10 26 46 54 55 58 62
6 19 21 27 36 52 59 69 78
1 7 32 35 53 69 81 82 88
5 9 12 16 23 35 54 56 65
4 11 20 24 26 50 76 81 83
6 30 33 58 63 70 76 79 80
15 17 18 36 44 49 55 72 75
28 37 39 47 51 52 56 58 67
2 16 19 29 38 41 42 61 76
8 31 46 57 66 69 71 84 86
0 29 34 35 47 48 60 80 83
10 32 34 39 44 64 66 68 76
9 17 40 45 48 53 74 76 77
3 23 29 33 40 44 59 82 87
4 15 21 28 42 53 80 85 86
7 12 24 29 36 63 73 83 86
5 18 21 26 43 53 57 61 79
2 11 55 64 65 77 80 82 84
10 13 37 43 50 78 84 87 88
7 8 20 38 43 49 52 74 85
22 33 41 43 48 55 67 71 81
8 13 24 34 45 51 59 61 62
2 9 22 27 51 75 79 83 87
19 46 50 56 60 68 70 74 75
3 11 28 31 32 36 41 74 87
0 17 23 24 37 42 66 70 78
5 6 17 32 38 39 60 86 87
13 14 42 44 46 54 69 77 83
15 16 31 40 51 60 64 73 81
11 16 18 44 48 62 63 85 88
21 34 38 65 70 71 72 73 88
1 27 39 42 45 49 50 70 71
17 20 27 29 45 54 57 68 88
9 25 26 37 38 62 68 69 80
4 12 15 47 61 69 71 74 87
0 4 7 25 39 46 59 65 79
2 3 14 16 27 34 43 55 56
4 6 18 20 23 31 34 58 77
8 10 17 22 26 28 31 35 63
16 22 32 49 57 59 67 78 80
3 7 20 21 35 37 48 64 75
35 44 45 52 72 74 78 79 86
0 9 11 14 15 33 52 66 88
10 27 52 60 61 66 67 82 85
3 6 12 25 45 56 83 84 85
7 21 22 29 50 56 62 66 77
2 7 23 28 33 45 55 57 60
11 13 22 23 38 46 47 53 75
1 18 19 30 43 51 65 66 83
0 5 19 28 44 49 50 62 84
22 24 39 40 41 55 69 70 85
0 8 18 41 53 54 56 64 87
6 14 26 32 40 62 65 71 75
5 15 25 41 46 58 63 78 82
10 14 16 20 25 36 51 53 70
12 13 19 31 48 52 57 64 70
9 36 42 57 58 65 81 85 87
2 6 15 24 43 54 59 72 74
20 32 33 42 47 51 63 72 84
8 31 55 65 67 68 79 83 88
10 16 30 37 54 75 77 81 86
31 33 37 49 54 73 76 82 87
6 8 9 24 44 47 50 81 82
4 15 26 29 30 45 67 70 84
3 7 9 13 18 29 64 71 78
1 33 34 49 61 68 77 78 85
2 20 30 39 48 57 69 73 84
24 27 28 35 38 40 58 68 84
14 21 23 39 61 63 74 81 84
12 26 41 46 49 51 59 77 88
8 16 17 32 50 52 58 71 83
1 4 9 22 41 44 60 73 84
13 17 19 40 56 66 72 80 81
3 15 34 37 50 53 57 63 65
5 22 25 30 34 42 64 74 88
0 5 23 50 51 69 71 76 85
7 17 34 41 52 54 75 80 84
11 35 42 56 59 68 71 73 75
10 15 19 23 24 32 48 56 79
36 39 43 57 62 72 76 77 81
0 12 21 32 38 45 55 63 81
30 31 38 44 53 56 65 78 85
8 12 14 18 28 59 60 76 78
10 11 29 45 49 58 60 65 69
13 26 27 33 39 47 65 74 86
3 4 16 19 35 39 82 83 88
2 3 18 47 49 52 68 70 81
12 36 38 48 50 54 66 67 79
7 14 16 19 26 45 47 85 87
6 23 27 49 53 62 64 67 83
11 25 32 40 43 54 61 70 86
3 22 24 46 48 52 61 65 76
5 16 21 24 31 33 67 75 88
1 6 16 20 28 29 46 72 79
9 18 21 24 30 32 46 80 87
4 40 52 53 62 63 68 77 87
4 7 25 27 31 48 50 55 72
3 13 26 30 36 44 60 63 67
3 5 8 27 32 70 73 77 80
5 20 47 55 62 66 76 78 87
2 18 33 35 46 50 64 72 85
0 10 18 40 42 55 67 73 74
2 10 12 33 39 44 53 71 80
9 19 26 53 58 59 66 72 73
2 17 21 25 47 58 60 76 88
6 28 41 48 51 65 66 68 82
26 34 36 42 52 64 79 82 84
9 19 28 34 49 55 63 86 88
0 4 12 29 32 37 43 75 85
1 11 37 38 57 74 80 82 83
4 13 21 25 35 49 56 57 66
1 7 13 15 16 23 68 76 84
3 8 11 23 30 41 62 72 86
5 7 9 10 28 61 70 72 83
3 8 9 15 39 42 54 75 78
11 12 15 27 34 40 46 79 81
19 24 25 28 30 47 54 71 77
14 29 31 50 51 58 74 80 86
0 2 13 15 20 22 67 77 86
6 30 35 37 46 50 55 61 73
3 4 17 24 33 38 51 64 69
18 22 31 37 38 39 45 59 84
13 28 43 44 58 61 64 69 75
20 23 26 36 40 56 61 80 88
10 38 40 41 47 50 57 59 75
14 24 49 53 55 57 60 79 84
4 6 10 11 21 22 51 54 78
0 3 16 60 66 69 74 77 79
23 25 28 29 52 53 73 78 81
15 35 38 44 51 55 70 77 87
18 27 56 63 69 75 76 82 86
12 17 20 59 62 65 70 74 82
7 8 21 30 40 42 48 49 58
1 15 21 33 41 52 56 62 83
0 6 7 25 42 44 51 57 88
23 43 45 47 63 64 73 79 80
19 20 21 27 37 41 44 71 79
1 12 25 34 48 67 69 72 87
1 2 24 25 31 45 63 66 75
7 11 14 17 19 43 46 67 73
0 1 17 27 30 31 36 47 61
0 2 26 40 48 68 78 83 86
2 13 17 32 62 73 79 82 85
5 11 13 29 30 39 52 55 59
5 21 36 43 45 46 68 71 82
6 9 13 14 35 41 45 67 76
37 54 59 60 63 71 72 83 85
8 18 19 22 25 29 33 35 36
1 5 14 38 48 59 64 81 86
9 12 20 31 35 42 43 60 62
