15 22 24 25 38 64 69
17 24 26 27 40 66 71
19 26 28 29 42 68 73
21 28 30 31 44 70 75
23 30 32 33 46 72 77
25 32 34 35 48 74 79
27 34 36 37 50 76 81
29 36 38 39 52 78 83
31 38 40 41 54 80 85
33 40 42 43 56 82 87
35 42 44 45 58 84 89
1 37 44 46 47 60 86
3 39 46 48 49 62 88
0 5 41 48 50 51 64
2 7 43 50 52 53 66
4 9 45 52 54 55 68
6 11 47 54 56 57 70
8 13 49 56 58 59 72
10 15 51 58 60 61 74
12 17 53 60 62 63 76
14 19 55 62 64 65 78
16 21 57 64 66 67 80
18 23 59 66 68 69 82
20 25 61 68 70 71 84
22 27 63 70 72 73 86
24 29 65 72 74 75 88
0 26 31 67 74 76 77
2 28 33 69 76 78 79
4 30 35 71 78 80 81
6 32 37 73 80 82 83
8 34 39 75 82 84 85
10 36 41 77 84 86 87
12 38 43 79 86 88 89
0 1 14 40 45 81 88
0 2 3 16 42 47 83
2 4 5 18 44 49 85
4 6 7 20 46 51 87
6 8 9 22 48 53 89
1 8 10 11 24 50 55
3 10 12 13 26 52 57
5 12 14 15 28 54 59
7 14 16 17 30 56 61
9 16 18 19 32 58 63
11 18 20 21 34 60 65
13 20 22 23 36 62 67
11 15 23 53 85 87 88
0 13 17 25 55 87 89
1 2 15 19 27 57 89
1 3 4 17 21 29 59
3 5 6 19 23 31 61
5 7 8 21 25 33 63
7 9 10 23 27 35 65
9 11 12 25 29 37 67
11 13 14 27 31 39 69
13 15 16 29 33 41 71
15 17 18 31 35 43 73
17 19 20 33 37 45 75
19 21 22 35 39 47 77
21 23 24 37 41 49 79
23 25 26 39 43 51 81
25 27 28 41 45 53 83
27 29 30 43 47 55 85
29 31 32 45 49 57 87
31 33 34 47 51 59 89
1 33 35 36 49 53 61
3 35 37 38 51 55 63
5 37 39 40 53 57 65
7 39 41 42 55 59 67
9 41 43 44 57 61 69
11 43 45 46 59 63 71
13 45 47 48 61 65 73
15 47 49 50 63 67 75
17 49 51 52 65 69 77
19 51 53 54 67 71 79
21 53 55 56 69 73 81
23 55 57 58 71 75 83
25 57 59 60 73 77 85
27 59 61 62 75 79 87
29 61 63 64 77 81 89
1 31 63 65 66 79 83
3 33 65 67 68 81 85
5 35 67 69 70 83 87
7 37 69 71 72 85 89
1 9 39 71 73 74 87
3 11 41 73 75 76 89
1 5 13 43 75 77 78
3 7 15 45 77 79 80
5 9 17 47 79 81 82
7 11 19 49 81 83 84
9 13 21 51 83 85 86
10 14 21 37 58 68 87
12 16 23 39 60 70 89
1 14 18 25 41 62 72
3 16 20 27 43 64 74
5 18 22 29 45 66 76
7 20 24 31 47 68 78
9 22 26 33 49 70 80
11 24 28 35 51 72 82
13 26 30 37 53 74 84
15 28 32 39 55 76 86
17 30 34 41 57 78 88
0 19 32 36 43 59 80
2 21 34 38 45 61 82
4 23 36 40 47 63 84
6 25 38 42 49 65 86
8 27 40 44 51 67 88
0 10 29 42 46 53 69
2 12 31 44 48 55 71
4 14 33 46 50 57 73
6 16 35 48 52 59 75
8 18 37 50 54 61 77
10 20 39 52 56 63 79
12 22 41 54 58 65 81
14 24 43 56 60 67 83
16 26 45 58 62 69 85
18 28 47 60 64 71 87
20 30 49 62 66 73 89
1 22 32 51 64 68 75
3 24 34 53 66 70 77
5 26 36 55 68 72 79
7 28 38 57 70 74 81
9 30 40 59 72 76 83
11 32 42 61 74 78 85
13 34 44 63 76 80 87
15 36 46 65 78 82 89
1 17 38 48 67 80 84
3 19 40 50 69 82 86
5 21 42 52 71 84 88
0 7 23 44 54 73 86
2 9 25 46 56 75 88
0 4 11 27 48 58 77
2 6 13 29 50 60 79
4 8 15 31 52 62 81
6 10 17 33 54 64 83
8 12 19 35 56 66 85
2 18 32 40 52 67 73
4 20 34 42 54 69 75
6 22 36 44 56 71 77
8 24 38 46 58 73 79
10 26 40 48 60 75 81
12 28 42 50 62 77 83
14 30 44 52 64 79 85
16 32 46 54 66 81 87
18 34 48 56 68 83 89
1 20 36 50 58 70 85
3 22 38 52 60 72 87
5 24 40 54 62 74 89
1 7 26 42 56 64 76
3 9 28 44 58 66 78
5 11 30 46 60 68 80
7 13 32 48 62 70 82
9 15 34 50 64 72 84
11 17 36 52 66 74 86
13 19 38 54 68 76 88
0 15 21 40 56 70 78
2 17 23 42 58 72 80
4 19 25 44 60 74 82
6 21 27 46 62 76 84
8 23 29 48 64 78 86
10 25 31 50 66 80 88
0 12 27 33 52 68 82
2 14 29 35 54 70 84
4 16 31 37 56 72 86
6 18 33 39 58 74 88
0 8 20 35 41 60 76
2 10 22 37 43 62 78
4 12 24 39 45 64 80
6 14 26 41 47 66 82
8 16 28 43 49 68 84
10 18 30 45 51 70 86
12 20 32 47 53 72 88
0 14 22 34 49 55 74
2 16 24 36 51 57 76
4 18 26 38 53 59 78
6 20 28 40 55 61 80
8 22 30 42 57 63 82
10 24 32 44 59 65 84
12 26 34 46 61 67 86
14 28 36 48 63 69 88
0 16 30 38 50 65 71
20 21 43 48 54 57 72
22 23 45 50 56 59 74
24 25 47 52 58 61 76
26 27 49 54 60 63 78
28 29 51 56 62 65 80
30 31 53 58 64 67 82
32 33 55 60 66 69 84
34 35 57 62 68 71 86
36 37 59 64 70 73 88
0 38 39 61 66 72 75
2 40 41 63 68 74 77
4 42 43 65 70 76 79
6 44 45 67 72 78 81
8 46 47 69 74 80 83
10 48 49 71 76 82 85
12 50 51 73 78 84 87
14 52 53 75 80 86 89
1 16 54 55 77 82 88
0 3 18 56 57 79 84
2 5 20 58 59 81 86
4 7 22 60 61 83 88
0 6 9 24 62 63 85
2 8 11 26 64 65 87
4 10 13 28 66 67 89
1 6 12 15 30 68 69
3 8 14 17 32 70 71
5 10 16 19 34 72 73
7 12 18 21 36 74 75
9 14 20 23 38 76 77
11 16 22 25 40 78 79
13 18 24 27 42 80 81
15 20 26 29 44 82 83
17 22 28 31 46 84 85
19 24 30 33 48 86 87
21 26 32 35 50 88 89
0 1 23 28 34 37 52
2 3 25 30 36 39 54
4 5 27 32 38 41 56
6 7 29 34 40 43 58
8 9 31 36 42 45 60
10 11 33 38 44 47 62
12 13 35 40 46 49 64
14 15 37 42 48 51 66
16 17 39 44 50 53 68
18 19 41 46 52 55 70
