23 25 38 46 57
25 27 40 48 59
27 29 42 50 61
29 31 44 52 63
31 33 46 54 65
33 35 48 56 67
35 37 50 58 69
37 39 52 60 71
39 41 54 62 73
41 43 56 64 75
43 45 58 66 77
45 47 60 68 79
47 49 62 70 81
49 51 64 72 83
51 53 66 74 85
53 55 68 76 87
55 57 70 78 89
1 57 59 72 80
3 59 61 74 82
5 61 63 76 84
7 63 65 78 86
9 65 67 80 88
0 11 67 69 82
2 13 69 71 84
4 15 71 73 86
6 17 73 75 88
0 8 19 75 77
2 10 21 77 79
4 12 23 79 81
6 14 25 81 83
8 16 27 83 85
10 18 29 85 87
12 20 31 87 89
1 14 22 33 89
1 3 16 24 35
3 5 18 26 37
5 7 20 28 39
7 9 22 30 41
9 11 24 32 43
11 13 26 34 45
13 15 28 36 47
15 17 30 38 49
17 19 32 40 51
19 21 34 42 53
21 23 36 44 55
7 23 83 84 89
1 9 25 85 86
3 11 27 87 88
0 5 13 29 89
1 2 7 15 31
3 4 9 17 33
5 6 11 19 35
7 8 13 21 37
9 10 15 23 39
11 12 17 25 41
13 14 19 27 43
15 16 21 29 45
17 18 23 31 47
19 20 25 33 49
21 22 27 35 51
23 24 29 37 53
25 26 31 39 55
27 28 33 41 57
29 30 35 43 59
31 32 37 45 61
33 34 39 47 63
35 36 41 49 65
37 38 43 51 67
39 40 45 53 69
41 42 47 55 71
43 44 49 57 73
45 46 51 59 75
47 48 53 61 77
49 50 55 63 79
51 52 57 65 81
53 54 59 67 83
55 56 61 69 85
57 58 63 71 87
59 60 65 73 89
1 61 62 67 75
3 63 64 69 77
5 65 66 71 79
7 67 68 73 81
9 69 70 75 83
11 71 72 77 85
13 73 74 79 87
15 75 76 81 89
1 17 77 78 83
3 19 79 80 85
5 21 81 82 87
6 30 40 52 66
8 32 42 54 68
10 34 44 56 70
12 36 46 58 72
14 38 48 60 74
16 40 50 62 76
18 42 52 64 78
20 44 54 66 80
22 46 56 68 82
24 48 58 70 84
26 50 60 72 86
28 52 62 74 88
0 30 54 64 76
2 32 56 66 78
4 34 58 68 80
6 36 60 70 82
8 38 62 72 84
10 40 64 74 86
12 42 66 76 88
0 14 44 68 78
2 16 46 70 80
4 18 48 72 82
6 20 50 74 84
8 22 52 76 86
10 24 54 78 88
0 12 26 56 80
2 14 28 58 82
4 16 30 60 84
6 18 32 62 86
8 20 34 64 88
0 10 22 36 66
2 12 24 38 68
4 14 26 40 70
6 16 28 42 72
8 18 30 44 74
10 20 32 46 76
12 22 34 48 78
14 24 36 50 80
16 26 38 52 82
18 28 40 54 84
20 30 42 56 86
22 32 44 58 88
0 24 34 46 60
2 26 36 48 62
4 28 38 50 64
7 14 31 42 88
0 9 16 33 44
2 11 18 35 46
4 13 20 37 48
6 15 22 39 50
8 17 24 41 52
10 19 26 43 54
12 21 28 45 56
14 23 30 47 58
16 25 32 49 60
18 27 34 51 62
20 29 36 53 64
22 31 38 55 66
24 33 40 57 68
26 35 42 59 70
28 37 44 61 72
30 39 46 63 74
32 41 48 65 76
34 43 50 67 78
36 45 52 69 80
38 47 54 71 82
40 49 56 73 84
42 51 58 75 86
44 53 60 77 88
0 46 55 62 79
2 48 57 64 81
4 50 59 66 83
6 52 61 68 85
8 54 63 70 87
10 56 65 72 89
1 12 58 67 74
3 14 60 69 76
5 16 62 71 78
7 18 64 73 80
9 20 66 75 82
11 22 68 77 84
13 24 70 79 86
15 26 72 81 88
0 17 28 74 83
2 19 30 76 85
4 21 32 78 87
6 23 34 80 89
1 8 25 36 82
3 10 27 38 84
5 12 29 40 86
2 3 40 43 89
1 4 5 42 45
3 6 7 44 47
5 8 9 46 49
7 10 11 48 51
9 12 13 50 53
11 14 15 52 55
13 16 17 54 57
15 18 19 56 59
17 20 21 58 61
19 22 23 60 63
21 24 25 62 65
23 26 27 64 67
25 28 29 66 69
27 30 31 68 71
29 32 33 70 73
31 34 35 72 75
33 36 37 74 77
35 38 39 76 79
37 40 41 78 81
39 42 43 80 83
41 44 45 82 85
43 46 47 84 87
45 48 49 86 89
1 47 50 51 88
0 3 49 52 53
2 5 51 54 55
4 7 53 56 57
6 9 55 58 59
8 11 57 60 61
10 13 59 62 63
12 15 61 64 65
14 17 63 66 67
16 19 65 68 69
18 21 67 70 71
20 23 69 72 73
22 25 71 74 75
24 27 73 76 77
26 29 75 78 79
28 31 77 80 81
30 33 79 82 83
32 35 81 84 85
34 37 83 86 87
36 39 85 88 89
0 1 38 41 87
9 40 42 46 77
11 42 44 48 79
13 44 46 50 81
15 46 48 52 83
17 48 50 54 85
19 50 52 56 87
21 52 54 58 89
1 23 54 56 60
3 25 56 58 62
5 27 58 60 64
7 29 60 62 66
9 31 62 64 68
11 33 64 66 70
13 35 66 68 72
15 37 68 70 74
17 39 70 72 76
19 41 72 74 78
21 43 74 76 80
23 45 76 78 82
25 47 78 80 84
27 49 80 82 86
29 51 82 84 88
0 31 53 84 86
2 33 55 86 88
0 4 35 57 88
0 2 6 37 59
2 4 8 39 61
4 6 10 41 63
6 8 12 43 65
8 10 14 45 67
10 12 16 47 69
12 14 18 49 71
14 16 20 51 73
16 18 22 53 75
18 20 24 55 77
20 22 26 57 79
22 24 28 59 81
24 26 30 61 83
26 28 32 63 85
28 30 34 65 87
30 32 36 67 89
1 32 34 38 69
3 34 36 40 71
5 36 38 42 73
7 38 40 44 75
28 45 53 55 73
30 47 55 57 75
32 49 57 59 77
34 51 59 61 79
36 53 61 63 81
38 55 63 65 83
40 57 65 67 85
42 59 67 69 87
44 61 69 71 89
1 46 63 71 73
3 48 65 73 75
5 50 67 75 77
7 52 69 77 79
9 54 71 79 81
11 56 73 81 83
13 58 75 83 85
15 60 77 85 87
17 62 79 87 89
1 19 64 81 89
1 3 21 66 83
3 5 23 68 85
5 7 25 70 87
7 9 27 72 89
1 9 11 29 74
3 11 13 31 76
5 13 15 33 78
7 15 17 35 80
9 17 19 37 82
11 19 21 39 84
13 21 23 41 86
15 23 25 43 88
0 17 25 27 45
2 19 27 29 47
4 21 29 31 49
6 23 31 33 51
8 25 33 35 53
10 27 35 37 55
12 29 37 39 57
14 31 39 41 59
16 33 41 43 61
18 35 43 45 63
20 37 45 47 65
22 39 47 49 67
24 41 49 51 69
26 43 51 53 71
9 45 57 67 84
11 47 59 69 86
13 49 61 71 88
0 15 51 63 73
2 17 53 65 75
4 19 55 67 77
6 21 57 69 79
8 23 59 71 81
10 25 61 73 83
12 27 63 75 85
14 29 65 77 87
16 31 67 79 89
1 18 33 69 81
3 20 35 71 83
5 22 37 73 85
7 24 39 75 87
9 26 41 77 89
1 11 28 43 79
3 13 30 45 81
5 15 32 47 83
7 17 34 49 85
9 19 36 51 87
11 21 38 53 89
1 13 23 40 55
3 15 25 42 57
5 17 27 44 59
7 19 29 46 61
9 21 31 48 63
11 23 33 50 65
13 25 35 52 67
15 27 37 54 69
17 29 39 56 71
19 31 41 58 73
21 33 43 60 75
23 35 45 62 77
25 37 47 64 79
27 39 49 66 81
29 41 51 68 83
31 43 53 70 85
33 45 55 72 87
35 47 57 74 89
1 37 49 59 76
3 39 51 61 78
5 41 53 63 80
7 43 55 65 82
9 14 47 56 76
11 16 49 58 78
13 18 51 60 80
15 20 53 62 82
17 22 55 64 84
19 24 57 66 86
21 26 59 68 88
0 23 28 61 70
2 25 30 63 72
4 27 32 65 74
6 29 34 67 76
8 31 36 69 78
10 33 38 71 80
12 35 40 73 82
14 37 42 75 84
16 39 44 77 86
18 41 46 79 88
0 20 43 48 81
2 22 45 50 83
4 24 47 52 85
6 26 49 54 87
8 28 51 56 89
1 10 30 53 58
3 12 32 55 60
5 14 34 57 62
7 16 36 59 64
9 18 38 61 66
11 20 40 63 68
13 22 42 65 70
15 24 44 67 72
17 26 46 69 74
19 28 48 71 76
21 30 50 73 78
23 32 52 75 80
25 34 54 77 82
27 36 56 79 84
29 38 58 81 86
31 40 60 83 88
0 33 42 62 85
2 35 44 64 87
4 37 46 66 89
1 6 39 48 68
3 8 41 50 70
5 10 43 52 72
7 12 45 54 74
10 31 50 57 82
12 33 52 59 84
14 35 54 61 86
16 37 56 63 88
0 18 39 58 65
2 20 41 60 67
4 22 43 62 69
6 24 45 64 71
8 26 47 66 73
10 28 49 68 75
12 30 51 70 77
14 32 53 72 79
16 34 55 74 81
18 36 57 76 83
20 38 59 78 85
22 40 61 80 87
24 42 63 82 89
1 26 44 65 84
3 28 46 67 86
5 30 48 69 88
0 7 32 50 71
2 9 34 52 73
4 11 36 54 75
6 13 38 56 77
8 15 40 58 79
10 17 42 60 81
12 19 44 62 83
14 21 46 64 85
16 23 48 66 87
18 25 50 68 89
1 20 27 52 70
3 22 29 54 72
5 24 31 56 74
7 26 33 58 76
9 28 35 60 78
11 30 37 62 80
13 32 39 64 82
15 34 41 66 84
17 36 43 68 86
19 38 45 70 88
0 21 40 47 72
2 23 42 49 74
4 25 44 51 76
6 27 46 53 78
8 29 48 55 80
