0 4 45 52 73 81
2 6 47 54 75 83
4 8 49 56 77 85
6 10 51 58 79 87
8 12 53 60 81 89
1 10 14 55 62 83
3 12 16 57 64 85
5 14 18 59 66 87
7 16 20 61 68 89
1 9 18 22 63 70
3 11 20 24 65 72
5 13 22 26 67 74
7 15 24 28 69 76
9 17 26 30 71 78
11 19 28 32 73 80
13 21 30 34 75 82
15 23 32 36 77 84
17 25 34 38 79 86
19 27 36 40 81 88
0 21 29 38 42 83
2 23 31 40 44 85
4 25 33 42 46 87
6 27 35 44 48 89
1 8 29 37 46 50
3 10 31 39 48 52
5 12 33 41 50 54
7 14 35 43 52 56
9 16 37 45 54 58
11 18 39 47 56 60
13 20 41 49 58 62
15 22 43 51 60 64
17 24 45 53 62 66
19 26 47 55 64 68
21 28 49 57 66 70
23 30 51 59 68 72
25 32 53 61 70 74
27 34 55 63 72 76
29 36 57 65 74 78
31 38 59 67 76 80
33 40 61 69 78 82
35 42 63 71 80 84
37 44 65 73 82 86
39 46 67 75 84 88
0 41 48 69 77 86
2 43 50 71 79 88
2 8 34 36 39 78
4 10 36 38 41 80
6 12 38 40 43 82
8 14 40 42 45 84
10 16 42 44 47 86
12 18 44 46 49 88
0 14 20 46 48 51
2 16 22 48 50 53
4 18 24 50 52 55
6 20 26 52 54 57
8 22 28 54 56 59
10 24 30 56 58 61
12 26 32 58 60 63
14 28 34 60 62 65
16 30 36 62 64 67
18 32 38 64 66 69
20 34 40 66 68 71
22 36 42 68 70 73
24 38 44 70 72 75
26 40 46 72 74 77
28 42 48 74 76 79
30 44 50 76 78 81
32 46 52 78 80 83
34 48 54 80 82 85
36 50 56 82 84 87
38 52 58 84 86 89
1 40 54 60 86 88
0 3 42 56 62 88
0 2 5 44 58 64
2 4 7 46 60 66
4 6 9 48 62 68
6 8 11 50 64 70
8 10 13 52 66 72
10 12 15 54 68 74
12 14 17 56 70 76
14 16 19 58 72 78
16 18 21 60 74 80
18 20 23 62 76 82
20 22 25 64 78 84
22 24 27 66 80 86
24 26 29 68 82 88
0 26 28 31 70 84
2 28 30 33 72 86
4 30 32 35 74 88
0 6 32 34 37 76
25 28 41 51 52 88
0 27 30 43 53 54
2 29 32 45 55 56
4 31 34 47 57 58
6 33 36 49 59 60
8 35 38 51 61 62
10 37 40 53 63 64
12 39 42 55 65 66
14 41 44 57 67 68
16 43 46 59 69 70
18 45 48 61 71 72
20 47 50 63 73 74
22 49 52 65 75 76
24 51 54 67 77 78
26 53 56 69 79 80
28 55 58 71 81 82
30 57 60 73 83 84
32 59 62 75 85 86
34 61 64 77 87 88
0 36 63 66 79 89
1 2 38 65 68 81
3 4 40 67 70 83
5 6 42 69 72 85
7 8 44 71 74 87
9 10 46 73 76 89
1 11 12 48 75 78
3 13 14 50 77 80
5 15 16 52 79 82
7 17 18 54 81 84
9 19 20 56 83 86
11 21 22 58 85 88
0 13 23 24 60 87
2 15 25 26 62 89
1 4 17 27 28 64
3 6 19 29 30 66
5 8 21 31 32 68
7 10 23 33 34 70
9 12 25 35 36 72
11 14 27 37 38 74
13 16 29 39 40 76
15 18 31 41 42 78
17 20 33 43 44 80
19 22 35 45 46 82
21 24 37 47 48 84
23 26 39 49 50 86
37 43 45 49 68 77
39 45 47 51 70 79
41 47 49 53 72 81
43 49 51 55 74 83
45 51 53 57 76 85
47 53 55 59 78 87
49 55 57 61 80 89
1 51 57 59 63 82
3 53 59 61 65 84
5 55 61 63 67 86
7 57 63 65 69 88
0 9 59 65 67 71
2 11 61 67 69 73
4 13 63 69 71 75
6 15 65 71 73 77
8 17 67 73 75 79
10 19 69 75 77 81
12 21 71 77 79 83
14 23 73 79 81 85
16 25 75 81 83 87
18 27 77 83 85 89
1 20 29 79 85 87
3 22 31 81 87 89
1 5 24 33 83 89
1 3 7 26 35 85
3 5 9 28 37 87
5 7 11 30 39 89
1 7 9 13 32 41
3 9 11 15 34 43
5 11 13 17 36 45
7 13 15 19 38 47
9 15 17 21 40 49
11 17 19 23 42 51
13 19 21 25 44 53
15 21 23 27 46 55
17 23 25 29 48 57
19 25 27 31 50 59
21 27 29 33 52 61
23 29 31 35 54 63
25 31 33 37 56 65
27 33 35 39 58 67
29 35 37 41 60 69
31 37 39 43 62 71
33 39 41 45 64 73
35 41 43 47 66 75
8 35 48 64 76 83
10 37 50 66 78 85
12 39 52 68 80 87
14 41 54 70 82 89
1 16 43 56 72 84
3 18 45 58 74 86
5 20 47 60 76 88
0 7 22 49 62 78
2 9 24 51 64 80
4 11 26 53 66 82
6 13 28 55 68 84
8 15 30 57 70 86
10 17 32 59 72 88
0 12 19 34 61 74
2 14 21 36 63 76
4 16 23 38 65 78
6 18 25 40 67 80
8 20 27 42 69 82
10 22 29 44 71 84
12 24 31 46 73 86
14 26 33 48 75 88
0 16 28 35 50 77
2 18 30 37 52 79
4 20 32 39 54 81
6 22 34 41 56 83
8 24 36 43 58 85
10 26 38 45 60 87
12 28 40 47 62 89
1 14 30 42 49 64
3 16 32 44 51 66
5 18 34 46 53 68
7 20 36 48 55 70
9 22 38 50 57 72
11 24 40 52 59 74
13 26 42 54 61 76
15 28 44 56 63 78
17 30 46 58 65 80
19 32 48 60 67 82
21 34 50 62 69 84
23 36 52 64 71 86
25 38 54 66 73 88
0 27 40 56 68 75
2 29 42 58 70 77
4 31 44 60 72 79
6 33 46 62 74 81
9 23 28 43 61 83
11 25 30 45 63 85
13 27 32 47 65 87
15 29 34 49 67 89
1 17 31 36 51 69
3 19 33 38 53 71
5 21 35 40 55 73
7 23 37 42 57 75
9 25 39 44 59 77
11 27 41 46 61 79
13 29 43 48 63 81
15 31 45 50 65 83
17 33 47 52 67 85
19 35 49 54 69 87
21 37 51 56 71 89
1 23 39 53 58 73
3 25 41 55 60 75
5 27 43 57 62 77
7 29 45 59 64 79
9 31 47 61 66 81
11 33 49 63 68 83
13 35 51 65 70 85
15 37 53 67 72 87
17 39 55 69 74 89
1 19 41 57 71 76
3 21 43 59 73 78
5 23 45 61 75 80
7 25 47 63 77 82
9 27 49 65 79 84
11 29 51 67 81 86
13 31 53 69 83 88
0 15 33 55 71 85
2 17 35 57 73 87
4 19 37 59 75 89
1 6 21 39 61 77
3 8 23 41 63 79
5 10 25 43 65 81
7 12 27 45 67 83
9 14 29 47 69 85
11 16 31 49 71 87
13 18 33 51 73 89
1 15 20 35 53 75
3 17 22 37 55 77
5 19 24 39 57 79
7 21 26 41 59 81
5 38 48 49 56 73
7 40 50 51 58 75
9 42 52 53 60 77
11 44 54 55 62 79
13 46 56 57 64 81
15 48 58 59 66 83
17 50 60 61 68 85
19 52 62 63 70 87
21 54 64 65 72 89
1 23 56 66 67 74
3 25 58 68 69 76
5 27 60 70 71 78
7 29 62 72 73 80
9 31 64 74 75 82
11 33 66 76 77 84
13 35 68 78 79 86
15 37 70 80 81 88
0 17 39 72 82 83
2 19 41 74 84 85
4 21 43 76 86 87
6 23 45 78 88 89
0 1 8 25 47 80
2 3 10 27 49 82
4 5 12 29 51 84
6 7 14 31 53 86
8 9 16 33 55 88
0 10 11 18 35 57
2 12 13 20 37 59
4 14 15 22 39 61
6 16 17 24 41 63
8 18 19 26 43 65
10 20 21 28 45 67
12 22 23 30 47 69
14 24 25 32 49 71
16 26 27 34 51 73
18 28 29 36 53 75
20 30 31 38 55 77
22 32 33 40 57 79
24 34 35 42 59 81
26 36 37 44 61 83
28 38 39 46 63 85
30 40 41 48 65 87
32 42 43 50 67 89
1 34 44 45 52 69
3 36 46 47 54 71
