0 7 12 15 21 25 45 64 82
1 16 23 38 52 61 76 85 87
1 2 9 15 20 52 65 66 83
3 9 30 41 45 51 53 63 88
6 22 24 30 35 51 56 62 75
0 5 29 32 77 78 80 82 83
8 24 33 44 54 60 72 77 85
10 17 21 27 37 43 65 69 85
1 11 12 17 26 31 44 48 79
2 13 31 43 49 54 58 63 87
14 15 34 47 49 68 74 75 85
5 6 11 28 30 31 50 67 73
3 10 28 34 39 42 44 56 57
5 14 18 24 25 43 57 59 70
3 13 36 46 48 55 81 83 89
8 11 21 34 53 55 61 80 84
4 15 23 40 43 53 67 72 79
0 15 26 36 37 38 51 80 86
7 23 26 41 46 49 57 60 82
14 16 24 48 52 67 84 86 89
10 19 35 46 50 58 64 71 80
16 20 34 40 45 46 50 69 70
11 13 21 22 51 57 66 74 78
0 2 27 48 53 60 61 62 68
12 16 29 39 58 72 73 75 81
0 17 19 28 47 59 68 76 81
1 5 7 42 53 54 69 75 89
1 13 27 32 34 64 72 86 88
4 20 21 29 31 33 38 74 89
6 18 26 53 58 66 76 88 89
1 8 14 22 29 37 41 45 71
17 25 29 40 62 73 82 87 89
2 3 32 35 37 40 59 61 74
11 14 30 38 42 62 65 72 82
21 23 24 25 39 47 50 83 88
6 12 41 42 55 61 70 77 86
17 20 36 49 56 61 71 72 84
42 45 51 58 59 67 79 83 85
2 6 7 19 33 36 47 78 79
7 17 22 34 38 63 66 67 77
4 8 31 47 61 63 64 69 82
9 37 39 58 60 64 70 76 84
9 10 25 32 36 41 52 54 80
7 9 27 44 50 55 71 74 87
44 45 49 53 57 65 73 76 86
13 18 20 41 44 47 62 67 80
8 12 30 43 46 56 74 76 83
21 28 41 66 68 75 79 86 87
2 4 16 17 26 28 30 32 55
8 10 18 23 30 31 40 78 86
2 18 22 35 50 81 82 84 85
0 17 35 39 55 67 69 79 88
3 11 19 20 29 43 60 86 87
20 22 23 48 54 55 59 64 73
0 7 24 31 32 56 65 71 81
4 15 18 27 39 46 51 54 77
0 10 22 26 32 70 72 83 87
3 23 31 62 66 70 71 80 85
5 15 16 19 22 27 31 42 49
22 25 28 46 58 60 61 65 78
2 15 24 38 41 56 59 69 73
6 11 29 40 52 56 57 64 85
19 21 37 48 56 70 75 82 88
3 41 43 50 64 65 77 79 89
12 19 23 32 33 57 62 63 84
8 23 28 29 35 36 53 59 77
4 25 37 50 52 53 55 62 72
21 40 42 52 60 63 71 81 88
13 26 33 39 53 59 71 78 85
12 20 24 27 28 35 63 78 89
8 32 37 42 46 47 66 73 84
0 1 18 28 52 63 73 74 79
10 14 20 31 38 53 60 75 81
3 6 12 13 16 17 53 54 82
8 9 17 28 38 48 50 57 58
10 24 29 55 66 69 76 78 82
2 5 25 29 38 44 46 49 88
9 26 34 43 45 62 77 78 81
5 13 17 23 35 43 45 52 75
9 27 31 38 40 45 54 68 83
4 12 36 68 71 73 78 85 88
15 27 30 35 47 57 60 87 89
2 8 11 39 49 67 68 70 89
4 6 34 44 59 65 75 84 87
4 11 14 17 33 41 76 81 83
7 14 22 28 43 54 61 80 88
1 10 33 40 47 49 51 55 77
9 18 28 29 33 48 49 69 72
5 12 50 54 62 69 76 79 86
0 8 16 33 41 43 44 73 75
11 13 18 19 24 34 37 45 61
22 30 36 44 52 58 69 70 77
14 19 26 27 39 40 44 56 66
2 3 25 27 33 42 75 76 80
3 14 15 17 32 50 63 70 78
7 8 10 11 15 16 59 62 88
25 26 31 57 69 74 77 84 88
6 10 36 39 45 48 63 74 87
1 30 39 43 59 60 68 80 82
0 2 23 30 34 37 54 71 89
1 14 21 36 46 57 62 67 76
10 12 45 49 50 52 59 60 66
5 24 26 40 41 47 48 63 85
26 29 35 42 54 65 67 70 74
7 13 27 29 30 59 79 83 84
17 18 24 42 46 53 64 80 87
28 36 37 40 49 62 64 75 83
3 5 7 51 64 72 74 76 84
5 15 30 33 48 61 64 66 81
5 9 11 12 20 37 67 77 87
17 31 34 36 51 60 61 73 83
2 16 22 47 53 69 71 83 86
1 6 8 20 25 27 70 79 81
12 13 19 22 39 40 65 80 89
0 1 3 4 9 24 35 49 58
13 15 29 50 56 63 68 76 77
9 16 19 21 31 46 59 72 89
5 18 32 45 55 56 60 67 89
0 4 36 40 42 43 50 66 84
3 12 18 21 32 38 43 47 48
11 23 24 27 36 41 58 74 82
4 16 48 56 60 74 77 79 80
2 7 10 14 21 40 58 73 77
0 11 46 55 63 65 75 85 86
16 26 44 50 61 64 67 75 78
3 8 19 26 27 52 67 69 73
0 6 9 13 14 23 42 60 69
19 20 25 30 32 53 58 74 85
6 32 38 39 46 49 61 71 79
0 4 5 10 13 20 57 61 88
10 13 15 28 44 67 71 82 84
2 6 45 47 57 65 72 73 80
11 16 25 35 43 48 51 71 76
5 17 39 47 58 62 74 81 86
16 24 37 54 57 63 66 79 81
5 6 21 35 44 63 72 80 83
5 10 16 18 36 38 64 65 68
1 23 33 50 51 56 65 87 88
9 20 22 32 40 75 76 79 82
9 13 33 35 38 70 73 82 86
1 19 38 41 54 55 72 78 84
21 30 49 67 69 78 80 81 87
4 7 19 28 45 51 70 85 86
7 18 31 34 35 39 41 52 76
6 15 31 33 37 43 55 58 68
11 23 32 44 51 68 69 81 89
3 4 22 33 45 46 52 68 84
18 19 55 57 68 71 75 77 83
7 20 37 39 42 44 48 68 78
8 13 14 25 35 66 68 72 87
9 10 29 47 56 61 79 85 89
0 11 47 52 53 54 56 70 78
5 8 34 48 51 52 65 71 82
25 33 34 56 58 59 63 67 86
6 20 21 24 26 51 54 62 68
2 12 14 29 34 51 55 64 79
