12 53 54
13 54 55
14 55 56
15 56 57
16 57 58
17 58 59
18 59 60
19 60 61
20 61 62
21 62 63
22 63 64
23 64 65
24 65 66
25 66 67
26 67 68
27 68 69
28 69 70
29 70 71
30 71 72
31 72 73
32 73 74
33 74 75
34 75 76
35 76 77
36 77 78
37 78 79
38 79 80
39 80 81
40 81 82
41 82 83
42 83 84
43 84 85
44 85 86
45 86 87
46 87 88
0 47 88
0 1 48
1 2 49
2 3 50
3 4 51
4 5 52
5 6 53
6 7 54
7 8 55
8 9 56
9 10 57
10 11 58
11 12 59
12 13 60
13 14 61
14 15 62
15 16 63
16 17 64
17 18 65
18 19 66
19 20 67
20 21 68
21 22 69
22 23 70
23 24 71
24 25 72
25 26 73
26 27 74
27 28 75
28 29 76
29 30 77
30 31 78
31 32 79
32 33 80
33 34 81
34 35 82
35 36 83
36 37 84
37 38 85
38 39 86
39 40 87
40 41 88
0 41 42
1 42 43
2 43 44
3 44 45
4 45 46
5 46 47
6 47 48
7 48 49
8 49 50
9 50 51
10 51 52
11 52 53
18 23 44
19 24 45
20 25 46
21 26 47
22 27 48
23 28 49
24 29 50
25 30 51
26 31 52
27 32 53
28 33 54
29 34 55
30 35 56
31 36 57
32 37 58
33 38 59
34 39 60
35 40 61
36 41 62
37 42 63
38 43 64
39 44 65
40 45 66
41 46 67
42 47 68
43 48 69
44 49 70
45 50 71
46 51 72
47 52 73
48 53 74
49 54 75
50 55 76
51 56 77
52 57 78
53 58 79
54 59 80
55 60 81
56 61 82
57 62 83
58 63 84
59 64 85
60 65 86
61 66 87
62 67 88
0 63 68
1 64 69
2 65 70
3 66 71
4 67 72
5 68 73
6 69 74
7 70 75
8 71 76
9 72 77
10 73 78
11 74 79
12 75 80
13 76 81
14 77 82
15 78 83
16 79 84
17 80 85
18 81 86
19 82 87
20 83 88
0 21 84
1 22 85
2 23 86
3 24 87
4 25 88
0 5 26
1 6 27
2 7 28
3 8 29
4 9 30
5 10 31
6 11 32
7 12 33
8 13 34
9 14 35
10 15 36
11 16 37
12 17 38
13 18 39
14 19 40
15 20 41
16 21 42
17 22 43
21 43 79
22 44 80
23 45 81
24 46 82
25 47 83
26 48 84
27 49 85
28 50 86
29 51 87
30 52 88
0 31 53
1 32 54
2 33 55
3 34 56
4 35 57
5 36 58
6 37 59
7 38 60
8 39 61
9 40 62
10 41 63
11 42 64
12 43 65
13 44 66
14 45 67
15 46 68
16 47 69
17 48 70
18 49 71
19 50 72
20 51 73
21 52 74
22 53 75
23 54 76
24 55 77
25 56 78
26 57 79
27 58 80
28 59 81
29 60 82
30 61 83
31 62 84
32 63 85
33 64 86
34 65 87
35 66 88
0 36 67
1 37 68
2 38 69
3 39 70
4 40 71
5 41 72
6 42 73
7 43 74
8 44 75
9 45 76
10 46 77
11 47 78
12 48 79
13 49 80
14 50 81
15 51 82
16 52 83
17 53 84
18 54 85
19 55 86
20 56 87
21 57 88
0 22 58
1 23 59
2 24 60
3 25 61
4 26 62
5 27 63
6 28 64
7 29 65
8 30 66
9 31 67
10 32 68
11 33 69
12 34 70
13 35 71
14 36 72
15 37 73
16 38 74
17 39 75
18 40 76
19 41 77
20 42 78
10 13 20
11 14 21
12 15 22
13 16 23
14 17 24
15 18 25
16 19 26
17 20 27
18 21 28
19 22 29
20 23 30
21 24 31
22 25 32
23 26 33
24 27 34
25 28 35
26 29 36
27 30 37
28 31 38
29 32 39
30 33 40
31 34 41
32 35 42
33 36 43
34 37 44
35 38 45
36 39 46
37 40 47
38 41 48
39 42 49
40 43 50
41 44 51
42 45 52
43 46 53
44 47 54
45 48 55
46 49 56
47 50 57
48 51 58
49 52 59
50 53 60
51 54 61
52 55 62
53 56 63
54 57 64
55 58 65
56 59 66
57 60 67
58 61 68
59 62 69
60 63 70
61 64 71
62 65 72
63 66 73
64 67 74
65 68 75
66 69 76
67 70 77
68 71 78
69 72 79
70 73 80
71 74 81
72 75 82
73 76 83
74 77 84
75 78 85
76 79 86
77 80 87
78 81 88
0 79 82
1 80 83
2 81 84
3 82 85
4 83 86
5 84 87
6 85 88
0 7 86
1 8 87
2 9 88
0 3 10
1 4 11
2 5 12
3 6 13
4 7 14
5 8 15
6 9 16
7 10 17
8 11 18
9 12 19
4 30 75
5 31 76
6 32 77
7 33 78
8 34 79
9 35 80
10 36 81
11 37 82
12 38 83
13 39 84
14 40 85
15 41 86
16 42 87
17 43 88
0 18 44
1 19 45
2 20 46
3 21 47
4 22 48
5 23 49
6 24 50
7 25 51
8 26 52
9 27 53
10 28 54
11 29 55
12 30 56
13 31 57
14 32 58
15 33 59
16 34 60
17 35 61
18 36 62
19 37 63
20 38 64
21 39 65
22 40 66
23 41 67
24 42 68
25 43 69
26 44 70
27 45 71
28 46 72
29 47 73
30 48 74
31 49 75
32 50 76
33 51 77
34 52 78
35 53 79
36 54 80
37 55 81
38 56 82
39 57 83
40 58 84
41 59 85
42 60 86
43 61 87
44 62 88
0 45 63
1 46 64
2 47 65
3 48 66
4 49 67
5 50 68
6 51 69
7 52 70
8 53 71
9 54 72
10 55 73
11 56 74
12 57 75
13 58 76
14 59 77
15 60 78
16 61 79
17 62 80
18 63 81
19 64 82
20 65 83
21 66 84
22 67 85
23 68 86
24 69 87
25 70 88
0 26 71
1 27 72
2 28 73
3 29 74
7 82 89
8 83 89
9 84 89
10 85 89
11 86 89
12 87 89
13 88 89
0 14 89
1 15 89
2 16 89
3 17 89
4 18 89
5 19 89
6 20 89
7 21 89
8 22 89
9 23 89
10 24 89
11 25 89
12 26 89
13 27 89
14 28 89
15 29 89
16 30 89
17 31 89
18 32 89
19 33 89
20 34 89
21 35 89
22 36 89
23 37 89
24 38 89
25 39 89
26 40 89
27 41 89
28 42 89
29 43 89
30 44 89
31 45 89
32 46 89
33 47 89
34 48 89
35 49 89
36 50 89
37 51 89
38 52 89
39 53 89
40 54 89
41 55 89
42 56 89
43 57 89
44 58 89
45 59 89
46 60 89
47 61 89
48 62 89
49 63 89
50 64 89
51 65 89
52 66 89
53 67 89
54 68 89
55 69 89
56 70 89
57 71 89
58 72 89
59 73 89
60 74 89
61 75 89
62 76 89
63 77 89
64 78 89
65 79 89
66 80 89
67 81 89
68 82 89
69 83 89
70 84 89
71 85 89
72 86 89
73 87 89
74 88 89
0 75 89
1 76 89
2 77 89
3 78 89
4 79 89
5 80 89
6 81 89
25 27 81
26 28 82
27 29 83
28 30 84
29 31 85
30 32 86
31 33 87
32 34 88
0 33 35
1 34 36
2 35 37
3 36 38
4 37 39
5 38 40
6 39 41
7 40 42
8 41 43
9 42 44
10 43 45
11 44 46
12 45 47
13 46 48
14 47 49
15 48 50
16 49 51
17 50 52
18 51 53
19 52 54
20 53 55
21 54 56
22 55 57
23 56 58
24 57 59
25 58 60
26 59 61
27 60 62
28 61 63
29 62 64
30 63 65
31 64 66
32 65 67
33 66 68
34 67 69
35 68 70
36 69 71
37 70 72
38 71 73
39 72 74
40 73 75
41 74 76
42 75 77
43 76 78
44 77 79
45 78 80
46 79 81
47 80 82
48 81 83
49 82 84
50 83 85
51 84 86
52 85 87
53 86 88
0 54 87
1 55 88
0 2 56
1 3 57
2 4 58
3 5 59
4 6 60
5 7 61
6 8 62
7 9 63
8 10 64
9 11 65
10 12 66
11 13 67
12 14 68
13 15 69
14 16 70
15 17 71
16 18 72
17 19 73
18 20 74
19 21 75
20 22 76
21 23 77
22 24 78
23 25 79
24 26 80
16 71 75
17 72 76
18 73 77
19 74 78
20 75 79
21 76 80
22 77 81
23 78 82
24 79 83
25 80 84
26 81 85
27 82 86
28 83 87
29 84 88
0 30 85
1 31 86
2 32 87
3 33 88
0 4 34
1 5 35
2 6 36
3 7 37
4 8 38
5 9 39
6 10 40
7 11 41
8 12 42
9 13 43
10 14 44
11 15 45
12 16 46
13 17 47
14 18 48
15 19 49
16 20 50
17 21 51
18 22 52
19 23 53
20 24 54
21 25 55
22 26 56
23 27 57
24 28 58
25 29 59
26 30 60
27 31 61
28 32 62
29 33 63
30 34 64
31 35 65
32 36 66
33 37 67
34 38 68
35 39 69
36 40 70
37 41 71
38 42 72
39 43 73
40 44 74
41 45 75
42 46 76
43 47 77
44 48 78
45 49 79
46 50 80
47 51 81
48 52 82
49 53 83
50 54 84
51 55 85
52 56 86
53 57 87
54 58 88
0 55 59
1 56 60
2 57 61
3 58 62
4 59 63
5 60 64
6 61 65
7 62 66
8 63 67
9 64 68
10 65 69
11 66 70
12 67 71
13 68 72
14 69 73
15 70 74
2 19 85
3 20 86
4 21 87
5 22 88
0 6 23
1 7 24
2 8 25
3 9 26
4 10 27
5 11 28
6 12 29
7 13 30
8 14 31
9 15 32
10 16 33
11 17 34
12 18 35
13 19 36
14 20 37
15 21 38
16 22 39
17 23 40
18 24 41
19 25 42
20 26 43
21 27 44
22 28 45
23 29 46
24 30 47
25 31 48
26 32 49
27 33 50
28 34 51
29 35 52
30 36 53
31 37 54
32 38 55
33 39 56
34 40 57
35 41 58
36 42 59
37 43 60
38 44 61
39 45 62
40 46 63
41 47 64
42 48 65
43 49 66
44 50 67
45 51 68
46 52 69
47 53 70
48 54 71
49 55 72
50 56 73
51 57 74
52 58 75
53 59 76
54 60 77
55 61 78
56 62 79
57 63 80
58 64 81
59 65 82
60 66 83
61 67 84
62 68 85
63 69 86
64 70 87
65 71 88
0 66 72
1 67 73
2 68 74
3 69 75
4 70 76
5 71 77
6 72 78
7 73 79
8 74 80
9 75 81
10 76 82
11 77 83
12 78 84
13 79 85
14 80 86
15 81 87
16 82 88
0 17 83
1 18 84
25 45 77
26 46 78
27 47 79
28 48 80
29 49 81
30 50 82
31 51 83
32 52 84
33 53 85
34 54 86
35 55 87
36 56 88
0 37 57
1 38 58
2 39 59
3 40 60
4 41 61
5 42 62
6 43 63
7 44 64
8 45 65
9 46 66
10 47 67
11 48 68
12 49 69
13 50 70
14 51 71
15 52 72
16 53 73
17 54 74
18 55 75
19 56 76
20 57 77
21 58 78
22 59 79
23 60 80
24 61 81
25 62 82
26 63 83
27 64 84
28 65 85
29 66 86
30 67 87
31 68 88
0 32 69
1 33 70
2 34 71
3 35 72
4 36 73
5 37 74
6 38 75
7 39 76
8 40 77
9 41 78
10 42 79
11 43 80
12 44 81
13 45 82
14 46 83
15 47 84
16 48 85
17 49 86
18 50 87
19 51 88
0 20 52
1 21 53
2 22 54
3 23 55
4 24 56
5 25 57
6 26 58
7 27 59
8 28 60
9 29 61
10 30 62
11 31 63
12 32 64
13 33 65
14 34 66
15 35 67
16 36 68
17 37 69
18 38 70
19 39 71
20 40 72
21 41 73
22 42 74
23 43 75
24 44 76
13 75 86
14 76 87
15 77 88
0 16 78
1 17 79
2 18 80
3 19 81
4 20 82
5 21 83
6 22 84
7 23 85
8 24 86
9 25 87
10 26 88
0 11 27
1 12 28
2 13 29
3 14 30
4 15 31
5 16 32
6 17 33
7 18 34
8 19 35
9 20 36
10 21 37
11 22 38
12 23 39
13 24 40
14 25 41
15 26 42
16 27 43
17 28 44
18 29 45
19 30 46
20 31 47
21 32 48
22 33 49
23 34 50
24 35 51
25 36 52
26 37 53
27 38 54
28 39 55
29 40 56
30 41 57
31 42 58
32 43 59
33 44 60
34 45 61
35 46 62
36 47 63
37 48 64
38 49 65
39 50 66
40 51 67
41 52 68
42 53 69
43 54 70
44 55 71
45 56 72
46 57 73
47 58 74
48 59 75
49 60 76
50 61 77
51 62 78
52 63 79
53 64 80
54 65 81
55 66 82
56 67 83
57 68 84
58 69 85
59 70 86
60 71 87
61 72 88
0 62 73
1 63 74
2 64 75
3 65 76
4 66 77
5 67 78
6 68 79
7 69 80
8 70 81
9 71 82
10 72 83
11 73 84
12 74 85
24 67 75
25 68 76
26 69 77
27 70 78
28 71 79
29 72 80
30 73 81
31 74 82
32 75 83
33 76 84
34 77 85
35 78 86
36 79 87
37 80 88
0 38 81
1 39 82
2 40 83
3 41 84
4 42 85
5 43 86
6 44 87
7 45 88
0 8 46
1 9 47
2 10 48
3 11 49
4 12 50
5 13 51
6 14 52
7 15 53
8 16 54
9 17 55
10 18 56
11 19 57
12 20 58
13 21 59
14 22 60
15 23 61
16 24 62
17 25 63
18 26 64
19 27 65
20 28 66
21 29 67
22 30 68
23 31 69
24 32 70
25 33 71
26 34 72
27 35 73
28 36 74
29 37 75
30 38 76
31 39 77
32 40 78
33 41 79
34 42 80
35 43 81
36 44 82
37 45 83
38 46 84
39 47 85
40 48 86
41 49 87
42 50 88
0 43 51
1 44 52
2 45 53
3 46 54
4 47 55
5 48 56
6 49 57
7 50 58
8 51 59
9 52 60
10 53 61
11 54 62
12 55 63
13 56 64
14 57 65
15 58 66
16 59 67
17 60 68
18 61 69
19 62 70
20 63 71
21 64 72
22 65 73
23 66 74
29 58 69
30 59 70
31 60 71
32 61 72
33 62 73
34 63 74
35 64 75
36 65 76
37 66 77
38 67 78
39 68 79
40 69 80
41 70 81
42 71 82
43 72 83
44 73 84
45 74 85
46 75 86
47 76 87
48 77 88
0 49 78
1 50 79
2 51 80
3 52 81
4 53 82
5 54 83
6 55 84
7 56 85
8 57 86
9 58 87
10 59 88
0 11 60
1 12 61
2 13 62
3 14 63
4 15 64
5 16 65
6 17 66
7 18 67
8 19 68
9 20 69
10 21 70
11 22 71
12 23 72
13 24 73
14 25 74
15 26 75
16 27 76
17 28 77
18 29 78
19 30 79
20 31 80
21 32 81
22 33 82
23 34 83
24 35 84
25 36 85
26 37 86
27 38 87
28 39 88
0 29 40
1 30 41
2 31 42
3 32 43
4 33 44
5 34 45
6 35 46
7 36 47
8 37 48
9 38 49
10 39 50
11 40 51
12 41 52
13 42 53
14 43 54
15 44 55
16 45 56
17 46 57
18 47 58
19 48 59
20 49 60
21 50 61
22 51 62
23 52 63
24 53 64
25 54 65
26 55 66
27 56 67
28 57 68
40 53 65
41 54 66
42 55 67
43 56 68
44 57 69
45 58 70
46 59 71
47 60 72
48 61 73
49 62 74
50 63 75
51 64 76
52 65 77
53 66 78
54 67 79
55 68 80
56 69 81
57 70 82
58 71 83
59 72 84
60 73 85
61 74 86
62 75 87
63 76 88
0 64 77
1 65 78
2 66 79
3 67 80
4 68 81
5 69 82
6 70 83
7 71 84
8 72 85
9 73 86
10 74 87
11 75 88
0 12 76
1 13 77
2 14 78
3 15 79
4 16 80
5 17 81
6 18 82
7 19 83
8 20 84
9 21 85
10 22 86
11 23 87
12 24 88
0 13 25
1 14 26
2 15 27
3 16 28
4 17 29
5 18 30
6 19 31
7 20 32
8 21 33
9 22 34
10 23 35
11 24 36
12 25 37
13 26 38
14 27 39
15 28 40
16 29 41
17 30 42
18 31 43
19 32 44
20 33 45
21 34 46
22 35 47
23 36 48
24 37 49
25 38 50
26 39 51
27 40 52
28 41 53
29 42 54
30 43 55
31 44 56
32 45 57
33 46 58
34 47 59
35 48 60
36 49 61
37 50 62
38 51 63
39 52 64
1 62 81
2 63 82
3 64 83
4 65 84
5 66 85
6 67 86
7 68 87
8 69 88
0 9 70
1 10 71
2 11 72
3 12 73
4 13 74
5 14 75
6 15 76
7 16 77
8 17 78
9 18 79
10 19 80
11 20 81
12 21 82
13 22 83
14 23 84
15 24 85
16 25 86
17 26 87
18 27 88
0 19 28
1 20 29
2 21 30
3 22 31
4 23 32
5 24 33
6 25 34
7 26 35
8 27 36
9 28 37
10 29 38
11 30 39
12 31 40
13 32 41
14 33 42
15 34 43
16 35 44
17 36 45
18 37 46
19 38 47
20 39 48
21 40 49
22 41 50
23 42 51
24 43 52
25 44 53
26 45 54
27 46 55
28 47 56
29 48 57
30 49 58
31 50 59
32 51 60
33 52 61
34 53 62
35 54 63
36 55 64
37 56 65
38 57 66
39 58 67
40 59 68
41 60 69
42 61 70
43 62 71
44 63 72
45 64 73
46 65 74
47 66 75
48 67 76
49 68 77
50 69 78
51 70 79
52 71 80
53 72 81
54 73 82
55 74 83
56 75 84
57 76 85
58 77 86
59 78 87
60 79 88
0 61 80
19 69 84
20 70 85
21 71 86
22 72 87
23 73 88
0 24 74
1 25 75
2 26 76
3 27 77
4 28 78
5 29 79
6 30 80
7 31 81
8 32 82
9 33 83
10 34 84
11 35 85
12 36 86
13 37 87
14 38 88
0 15 39
1 16 40
2 17 41
3 18 42
4 19 43
5 20 44
6 21 45
7 22 46
8 23 47
9 24 48
10 25 49
11 26 50
12 27 51
13 28 52
14 29 53
15 30 54
16 31 55
17 32 56
18 33 57
19 34 58
20 35 59
21 36 60
22 37 61
23 38 62
24 39 63
25 40 64
26 41 65
27 42 66
28 43 67
29 44 68
30 45 69
31 46 70
32 47 71
33 48 72
34 49 73
35 50 74
36 51 75
37 52 76
38 53 77
39 54 78
40 55 79
41 56 80
42 57 81
43 58 82
44 59 83
45 60 84
46 61 85
47 62 86
48 63 87
49 64 88
0 50 65
1 51 66
2 52 67
3 53 68
4 54 69
5 55 70
6 56 71
7 57 72
8 58 73
9 59 74
10 60 75
11 61 76
12 62 77
13 63 78
14 64 79
15 65 80
16 66 81
17 67 82
18 68 83
