36 41 60 64 73 75 81 88
0 38 43 62 66 75 77 83
2 40 45 64 68 77 79 85
4 42 47 66 70 79 81 87
6 44 49 68 72 81 83 89
1 8 46 51 70 74 83 85
3 10 48 53 72 76 85 87
5 12 50 55 74 78 87 89
1 7 14 52 57 76 80 89
1 3 9 16 54 59 78 82
3 5 11 18 56 61 80 84
5 7 13 20 58 63 82 86
7 9 15 22 60 65 84 88
0 9 11 17 24 62 67 86
2 11 13 19 26 64 69 88
0 4 13 15 21 28 66 71
2 6 15 17 23 30 68 73
4 8 17 19 25 32 70 75
6 10 19 21 27 34 72 77
8 12 21 23 29 36 74 79
10 14 23 25 31 38 76 81
12 16 25 27 33 40 78 83
14 18 27 29 35 42 80 85
16 20 29 31 37 44 82 87
18 22 31 33 39 46 84 89
1 20 24 33 35 41 48 86
3 22 26 35 37 43 50 88
0 5 24 28 37 39 45 52
2 7 26 30 39 41 47 54
4 9 28 32 41 43 49 56
6 11 30 34 43 45 51 58
8 13 32 36 45 47 53 60
10 15 34 38 47 49 55 62
12 17 36 40 49 51 57 64
14 19 38 42 51 53 59 66
16 21 40 44 53 55 61 68
18 23 42 46 55 57 63 70
20 25 44 48 57 59 65 72
22 27 46 50 59 61 67 74
24 29 48 52 61 63 69 76
26 31 50 54 63 65 71 78
28 33 52 56 65 67 73 80
30 35 54 58 67 69 75 82
32 37 56 60 69 71 77 84
34 39 58 62 71 73 79 86
21 29 30 33 43 59 64 87
23 31 32 35 45 61 66 89
1 25 33 34 37 47 63 68
3 27 35 36 39 49 65 70
5 29 37 38 41 51 67 72
7 31 39 40 43 53 69 74
9 33 41 42 45 55 71 76
11 35 43 44 47 57 73 78
13 37 45 46 49 59 75 80
15 39 47 48 51 61 77 82
17 41 49 50 53 63 79 84
19 43 51 52 55 65 81 86
21 45 53 54 57 67 83 88
0 23 47 55 56 59 69 85
2 25 49 57 58 61 71 87
4 27 51 59 60 63 73 89
1 6 29 53 61 62 65 75
3 8 31 55 63 64 67 77
5 10 33 57 65 66 69 79
7 12 35 59 67 68 71 81
9 14 37 61 69 70 73 83
11 16 39 63 71 72 75 85
13 18 41 65 73 74 77 87
15 20 43 67 75 76 79 89
1 17 22 45 69 77 78 81
3 19 24 47 71 79 80 83
5 21 26 49 73 81 82 85
7 23 28 51 75 83 84 87
9 25 30 53 77 85 86 89
1 11 27 32 55 79 87 88
0 3 13 29 34 57 81 89
1 2 5 15 31 36 59 83
3 4 7 17 33 38 61 85
5 6 9 19 35 40 63 87
7 8 11 21 37 42 65 89
1 9 10 13 23 39 44 67
3 11 12 15 25 41 46 69
5 13 14 17 27 43 48 71
7 15 16 19 29 45 50 73
9 17 18 21 31 47 52 75
11 19 20 23 33 49 54 77
13 21 22 25 35 51 56 79
15 23 24 27 37 53 58 81
17 25 26 29 39 55 60 83
19 27 28 31 41 57 62 85
18 19 32 40 47 65 67 72
20 21 34 42 49 67 69 74
22 23 36 44 51 69 71 76
24 25 38 46 53 71 73 78
26 27 40 48 55 73 75 80
28 29 42 50 57 75 77 82
30 31 44 52 59 77 79 84
32 33 46 54 61 79 81 86
34 35 48 56 63 81 83 88
0 36 37 50 58 65 83 85
2 38 39 52 60 67 85 87
4 40 41 54 62 69 87 89
1 6 42 43 56 64 71 89
1 3 8 44 45 58 66 73
3 5 10 46 47 60 68 75
5 7 12 48 49 62 70 77
7 9 14 50 51 64 72 79
9 11 16 52 53 66 74 81
11 13 18 54 55 68 76 83
13 15 20 56 57 70 78 85
15 17 22 58 59 72 80 87
17 19 24 60 61 74 82 89
1 19 21 26 62 63 76 84
3 21 23 28 64 65 78 86
5 23 25 30 66 67 80 88
0 7 25 27 32 68 69 82
2 9 27 29 34 70 71 84
4 11 29 31 36 72 73 86
6 13 31 33 38 74 75 88
0 8 15 33 35 40 76 77
2 10 17 35 37 42 78 79
4 12 19 37 39 44 80 81
6 14 21 39 41 46 82 83
8 16 23 41 43 48 84 85
10 18 25 43 45 50 86 87
12 20 27 45 47 52 88 89
0 1 14 22 29 47 49 54
2 3 16 24 31 49 51 56
4 5 18 26 33 51 53 58
6 7 20 28 35 53 55 60
8 9 22 30 37 55 57 62
10 11 24 32 39 57 59 64
12 13 26 34 41 59 61 66
14 15 28 36 43 61 63 68
16 17 30 38 45 63 65 70
6 8 16 47 50 69 80 86
8 10 18 49 52 71 82 88
0 10 12 20 51 54 73 84
2 12 14 22 53 56 75 86
4 14 16 24 55 58 77 88
0 6 16 18 26 57 60 79
2 8 18 20 28 59 62 81
4 10 20 22 30 61 64 83
6 12 22 24 32 63 66 85
8 14 24 26 34 65 68 87
10 16 26 28 36 67 70 89
1 12 18 28 30 38 69 72
3 14 20 30 32 40 71 74
5 16 22 32 34 42 73 76
7 18 24 34 36 44 75 78
9 20 26 36 38 46 77 80
11 22 28 38 40 48 79 82
13 24 30 40 42 50 81 84
15 26 32 42 44 52 83 86
17 28 34 44 46 54 85 88
0 19 30 36 46 48 56 87
2 21 32 38 48 50 58 89
1 4 23 34 40 50 52 60
3 6 25 36 42 52 54 62
5 8 27 38 44 54 56 64
7 10 29 40 46 56 58 66
9 12 31 42 48 58 60 68
11 14 33 44 50 60 62 70
13 16 35 46 52 62 64 72
15 18 37 48 54 64 66 74
17 20 39 50 56 66 68 76
19 22 41 52 58 68 70 78
21 24 43 54 60 70 72 80
23 26 45 56 62 72 74 82
25 28 47 58 64 74 76 84
27 30 49 60 66 76 78 86
29 32 51 62 68 78 80 88
0 31 34 53 64 70 80 82
2 33 36 55 66 72 82 84
4 35 38 57 68 74 84 86
6 37 40 59 70 76 86 88
0 8 39 42 61 72 78 88
0 2 10 41 44 63 74 80
2 4 12 43 46 65 76 82
4 6 14 45 48 67 78 84
