5 14 30 65
7 16 32 67
9 18 34 69
11 20 36 71
13 22 38 73
15 24 40 75
17 26 42 77
19 28 44 79
21 30 46 81
23 32 48 83
25 34 50 85
27 36 52 87
29 38 54 89
1 31 40 56
3 33 42 58
5 35 44 60
7 37 46 62
9 39 48 64
11 41 50 66
13 43 52 68
15 45 54 70
17 47 56 72
19 49 58 74
21 51 60 76
23 53 62 78
25 55 64 80
27 57 66 82
29 59 68 84
31 61 70 86
33 63 72 88
0 35 65 74
2 37 67 76
4 39 69 78
6 41 71 80
8 43 73 82
10 45 75 84
12 47 77 86
14 49 79 88
0 16 51 81
2 18 53 83
4 20 55 85
6 22 57 87
8 24 59 89
1 10 26 61
3 12 28 63
22 25 46 59
24 27 48 61
26 29 50 63
28 31 52 65
30 33 54 67
32 35 56 69
34 37 58 71
36 39 60 73
38 41 62 75
40 43 64 77
42 45 66 79
44 47 68 81
46 49 70 83
48 51 72 85
50 53 74 87
52 55 76 89
1 54 57 78
3 56 59 80
5 58 61 82
7 60 63 84
9 62 65 86
11 64 67 88
0 13 66 69
2 15 68 71
4 17 70 73
6 19 72 75
8 21 74 77
10 23 76 79
12 25 78 81
14 27 80 83
16 29 82 85
18 31 84 87
20 33 86 89
1 22 35 88
0 3 24 37
2 5 26 39
4 7 28 41
6 9 30 43
8 11 32 45
10 13 34 47
12 15 36 49
14 17 38 51
16 19 40 53
18 21 42 55
20 23 44 57
8 38 56 60
10 40 58 62
12 42 60 64
14 44 62 66
16 46 64 68
18 48 66 70
20 50 68 72
22 52 70 74
24 54 72 76
26 56 74 78
28 58 76 80
30 60 78 82
32 62 80 84
34 64 82 86
36 66 84 88
0 38 68 86
2 40 70 88
0 4 42 72
2 6 44 74
4 8 46 76
6 10 48 78
8 12 50 80
10 14 52 82
12 16 54 84
14 18 56 86
16 20 58 88
0 18 22 60
2 20 24 62
4 22 26 64
6 24 28 66
8 26 30 68
10 28 32 70
12 30 34 72
14 32 36 74
16 34 38 76
18 36 40 78
20 38 42 80
22 40 44 82
24 42 46 84
26 44 48 86
28 46 50 88
0 30 48 52
2 32 50 54
4 34 52 56
6 36 54 58
10 72 81 89
1 12 74 83
3 14 76 85
5 16 78 87
7 18 80 89
1 9 20 82
3 11 22 84
5 13 24 86
7 15 26 88
0 9 17 28
2 11 19 30
4 13 21 32
6 15 23 34
8 17 25 36
10 19 27 38
12 21 29 40
14 23 31 42
16 25 33 44
18 27 35 46
20 29 37 48
22 31 39 50
24 33 41 52
26 35 43 54
28 37 45 56
30 39 47 58
32 41 49 60
34 43 51 62
36 45 53 64
38 47 55 66
40 49 57 68
42 51 59 70
44 53 61 72
46 55 63 74
48 57 65 76
50 59 67 78
52 61 69 80
54 63 71 82
56 65 73 84
58 67 75 86
60 69 77 88
0 62 71 79
2 64 73 81
4 66 75 83
6 68 77 85
8 70 79 87
1 19 21 25
3 21 23 27
5 23 25 29
7 25 27 31
9 27 29 33
11 29 31 35
13 31 33 37
15 33 35 39
17 35 37 41
19 37 39 43
21 39 41 45
23 41 43 47
25 43 45 49
27 45 47 51
29 47 49 53
31 49 51 55
33 51 53 57
35 53 55 59
37 55 57 61
39 57 59 63
41 59 61 65
43 61 63 67
45 63 65 69
47 65 67 71
49 67 69 73
51 69 71 75
53 71 73 77
55 73 75 79
57 75 77 81
59 77 79 83
61 79 81 85
63 81 83 87
65 83 85 89
1 67 85 87
3 69 87 89
1 5 71 89
1 3 7 73
3 5 9 75
5 7 11 77
7 9 13 79
9 11 15 81
11 13 17 83
13 15 19 85
15 17 21 87
17 19 23 89
9 37 40 73
11 39 42 75
13 41 44 77
15 43 46 79
17 45 48 81
19 47 50 83
21 49 52 85
23 51 54 87
25 53 56 89
1 27 55 58
3 29 57 60
5 31 59 62
7 33 61 64
9 35 63 66
11 37 65 68
13 39 67 70
15 41 69 72
17 43 71 74
19 45 73 76
21 47 75 78
23 49 77 80
25 51 79 82
27 53 81 84
29 55 83 86
31 57 85 88
0 33 59 87
2 35 61 89
1 4 37 63
3 6 39 65
5 8 41 67
7 10 43 69
9 12 45 71
11 14 47 73
13 16 49 75
15 18 51 77
17 20 53 79
19 22 55 81
21 24 57 83
23 26 59 85
25 28 61 87
27 30 63 89
1 29 32 65
3 31 34 67
5 33 36 69
7 35 38 71
27 38 69 74
29 40 71 76
31 42 73 78
33 44 75 80
35 46 77 82
37 48 79 84
39 50 81 86
41 52 83 88
0 43 54 85
2 45 56 87
4 47 58 89
1 6 49 60
3 8 51 62
5 10 53 64
7 12 55 66
9 14 57 68
11 16 59 70
13 18 61 72
15 20 63 74
17 22 65 76
19 24 67 78
21 26 69 80
23 28 71 82
25 30 73 84
27 32 75 86
29 34 77 88
0 31 36 79
2 33 38 81
4 35 40 83
6 37 42 85
8 39 44 87
10 41 46 89
1 12 43 48
3 14 45 50
5 16 47 52
7 18 49 54
9 20 51 56
11 22 53 58
13 24 55 60
15 26 57 62
17 28 59 64
19 30 61 66
21 32 63 68
23 34 65 70
25 36 67 72
12 56 62 88
0 14 58 64
2 16 60 66
4 18 62 68
6 20 64 70
8 22 66 72
10 24 68 74
12 26 70 76
14 28 72 78
16 30 74 80
18 32 76 82
20 34 78 84
22 36 80 86
24 38 82 88
0 26 40 84
2 28 42 86
4 30 44 88
0 6 32 46
2 8 34 48
4 10 36 50
6 12 38 52
8 14 40 54
10 16 42 56
12 18 44 58
14 20 46 60
16 22 48 62
18 24 50 64
20 26 52 66
22 28 54 68
24 30 56 70
26 32 58 72
28 34 60 74
30 36 62 76
32 38 64 78
34 40 66 80
36 42 68 82
38 44 70 84
40 46 72 86
42 48 74 88
0 44 50 76
2 46 52 78
4 48 54 80
6 50 56 82
8 52 58 84
10 54 60 86
9 58 77 87
11 60 79 89
1 13 62 81
3 15 64 83
5 17 66 85
7 19 68 87
9 21 70 89
1 11 23 72
3 13 25 74
5 15 27 76
7 17 29 78
9 19 31 80
11 21 33 82
13 23 35 84
15 25 37 86
17 27 39 88
0 19 29 41
2 21 31 43
4 23 33 45
6 25 35 47
8 27 37 49
10 29 39 51
12 31 41 53
14 33 43 55
16 35 45 57
18 37 47 59
20 39 49 61
22 41 51 63
24 43 53 65
26 45 55 67
28 47 57 69
30 49 59 71
32 51 61 73
34 53 63 75
36 55 65 77
38 57 67 79
40 59 69 81
42 61 71 83
44 63 73 85
46 65 75 87
48 67 77 89
1 50 69 79
3 52 71 81
5 54 73 83
7 56 75 85
0 1 70 75
2 3 72 77
4 5 74 79
6 7 76 81
8 9 78 83
10 11 80 85
12 13 82 87
14 15 84 89
1 16 17 86
3 18 19 88
0 5 20 21
2 7 22 23
4 9 24 25
6 11 26 27
8 13 28 29
10 15 30 31
12 17 32 33
14 19 34 35
16 21 36 37
18 23 38 39
20 25 40 41
22 27 42 43
24 29 44 45
26 31 46 47
28 33 48 49
30 35 50 51
32 37 52 53
34 39 54 55
36 41 56 57
38 43 58 59
40 45 60 61
42 47 62 63
44 49 64 65
46 51 66 67
48 53 68 69
50 55 70 71
52 57 72 73
54 59 74 75
56 61 76 77
58 63 78 79
60 65 80 81
62 67 82 83
64 69 84 85
66 71 86 87
68 73 88 89
0 11 49 56
2 13 51 58
4 15 53 60
6 17 55 62
8 19 57 64
10 21 59 66
12 23 61 68
14 25 63 70
16 27 65 72
18 29 67 74
20 31 69 76
22 33 71 78
24 35 73 80
26 37 75 82
28 39 77 84
30 41 79 86
32 43 81 88
0 34 45 83
2 36 47 85
4 38 49 87
6 40 51 89
1 8 42 53
3 10 44 55
5 12 46 57
7 14 48 59
9 16 50 61
11 18 52 63
13 20 54 65
15 22 56 67
17 24 58 69
19 26 60 71
21 28 62 73
23 30 64 75
25 32 66 77
27 34 68 79
29 36 70 81
31 38 72 83
33 40 74 85
35 42 76 87
37 44 78 89
1 39 46 80
3 41 48 82
5 43 50 84
7 45 52 86
9 47 54 88
5 37 70 72
7 39 72 74
9 41 74 76
11 43 76 78
13 45 78 80
15 47 80 82
17 49 82 84
19 51 84 86
21 53 86 88
0 23 55 88
0 2 25 57
2 4 27 59
4 6 29 61
6 8 31 63
8 10 33 65
10 12 35 67
12 14 37 69
14 16 39 71
16 18 41 73
18 20 43 75
20 22 45 77
22 24 47 79
24 26 49 81
26 28 51 83
28 30 53 85
30 32 55 87
32 34 57 89
1 34 36 59
3 36 38 61
5 38 40 63
7 40 42 65
9 42 44 67
11 44 46 69
13 46 48 71
15 48 50 73
17 50 52 75
19 52 54 77
21 54 56 79
23 56 58 81
25 58 60 83
27 60 62 85
29 62 64 87
31 64 66 89
1 33 66 68
3 35 68 70
43 57 70 80
45 59 72 82
47 61 74 84
49 63 76 86
51 65 78 88
0 53 67 80
2 55 69 82
4 57 71 84
6 59 73 86
8 61 75 88
0 10 63 77
2 12 65 79
4 14 67 81
6 16 69 83
8 18 71 85
10 20 73 87
12 22 75 89
1 14 24 77
3 16 26 79
5 18 28 81
7 20 30 83
9 22 32 85
11 24 34 87
13 26 36 89
1 15 28 38
3 17 30 40
5 19 32 42
7 21 34 44
9 23 36 46
11 25 38 48
13 27 40 50
15 29 42 52
17 31 44 54
19 33 46 56
21 35 48 58
23 37 50 60
25 39 52 62
27 41 54 64
29 43 56 66
31 45 58 68
33 47 60 70
35 49 62 72
37 51 64 74
39 53 66 76
41 55 68 78
5 6 45 88
0 7 8 47
2 9 10 49
4 11 12 51
6 13 14 53
8 15 16 55
10 17 18 57
12 19 20 59
14 21 22 61
16 23 24 63
18 25 26 65
20 27 28 67
22 29 30 69
24 31 32 71
26 33 34 73
28 35 36 75
30 37 38 77
32 39 40 79
34 41 42 81
36 43 44 83
38 45 46 85
40 47 48 87
42 49 50 89
1 44 51 52
3 46 53 54
5 48 55 56
7 50 57 58
9 52 59 60
11 54 61 62
13 56 63 64
15 58 65 66
17 60 67 68
19 62 69 70
21 64 71 72
23 66 73 74
25 68 75 76
27 70 77 78
29 72 79 80
31 74 81 82
33 76 83 84
35 78 85 86
37 80 87 88
0 39 82 89
1 2 41 84
3 4 43 86
3 49 66 78
5 51 68 80
7 53 70 82
9 55 72 84
11 57 74 86
13 59 76 88
0 15 61 78
2 17 63 80
4 19 65 82
6 21 67 84
8 23 69 86
10 25 71 88
0 12 27 73
2 14 29 75
4 16 31 77
6 18 33 79
8 20 35 81
10 22 37 83
12 24 39 85
14 26 41 87
16 28 43 89
1 18 30 45
3 20 32 47
5 22 34 49
7 24 36 51
9 26 38 53
11 28 40 55
13 30 42 57
15 32 44 59
17 34 46 61
19 36 48 63
21 38 50 65
23 40 52 67
25 42 54 69
27 44 56 71
29 46 58 73
31 48 60 75
33 50 62 77
35 52 64 79
37 54 66 81
39 56 68 83
41 58 70 85
43 60 72 87
45 62 74 89
1 47 64 76
