0 7 14 69 78 88
17 33 35 70 71 72
2 15 26 27 43 65
3 4 33 41 48 75
5 10 19 56 65 89
6 7 8 17 31 84
5 8 9 30 32 40
11 12 13 24 59 66
13 17 18 37 63 90
2 16 33 45 46 84
1 7 20 26 50 61
21 27 41 60 83 85
2 10 20 23 44 63
10 25 34 50 62 73
0 3 28 40 64 74
5 29 36 39 48 52
32 35 39 40 68 82
24 36 42 51 79 88
11 32 47 53 60 65
15 54 55 57 63 86
22 41 57 58 73 80
23 48 66 76 81 86
4 56 63 74 78 87
2 11 30 51 67 77
4 46 49 54 71 82
0 6 16 19 52 87
8 27 33 50 64 68
2 9 18 24 60 62
19 39 49 62 70 77
11 13 40 48 55 62
3 14 27 29 30 35
21 26 38 39 79 81
18 25 53 55 56 78
21 28 29 67 80 82
15 22 31 37 68 83
43 45 48 56 71 90
5 38 41 49 72 79
36 38 47 84 86 87
27 44 49 59 67 87
51 53 69 73 76 90
8 9 26 51 58 83
17 22 32 42 49 85
1 5 13 43 59 80
6 12 26 35 57 67
31 34 41 42 46 61
16 42 47 55 81 82
4 19 30 44 64 85
16 20 58 59 60 89
11 23 39 50 72 78
25 57 68 75 81 90
7 28 37 54 81 87
36 44 45 66 70 74
28 31 53 71 85 86
1 15 18 52 85 87
3 17 26 53 73 77
4 8 10 11 52 79
6 9 29 33 49 69
19 43 63 72 82 88
0 17 25 48 60 67
13 16 57 61 72 85
14 26 32 33 44 82
9 17 20 35 38 54
15 21 25 59 64 88
22 26 34 69 74 89
5 23 35 45 53 79
21 24 37 44 48 58
9 16 39 65 74 75
33 74 76 77 79 80
0 11 18 43 60 84
7 32 56 70 83 86
4 57 64 66 69 84
8 35 42 62 87 90
1 23 24 31 54 74
3 9 31 36 80 89
6 24 28 34 47 90
10 15 41 51 66 82
12 50 60 74 82 90
13 52 56 68 77 84
1 2 36 37 41 75
1 19 21 32 45 78
15 20 30 56 69 81
21 27 52 61 66 90
25 26 36 40 70 87
1 14 41 55 68 88
33 38 65 73 87 88
0 4 13 22 39 43
0 23 26 46 55 73
18 19 58 61 68 74
11 27 58 63 69 71
3 7 43 44 57 62
4 6 37 50 51 55
8 10 11 20 22 78
10 37 39 42 53 76
8 12 19 36 75 86
14 40 59 63 77 83
30 36 54 62 72 83
19 23 27 34 37 70
28 43 49 50 52 83
30 61 65 71 78 80
3 8 50 56 58 79
39 41 45 64 67 89
10 17 45 47 68 87
0 9 21 53 63 68
4 5 14 58 62 86
7 18 21 22 33 36
12 16 23 40 41 71
3 13 47 54 67 78
3 20 34 45 76 83
2 11 14 15 36 42
29 40 46 58 66 88
31 65 67 69 79 83
2 13 31 35 49 64
10 40 60 72 75 84
4 35 60 70 80 81
0 47 62 63 76 89
12 14 43 51 87 89
8 13 25 38 74 82
18 23 28 32 38 77
0 2 5 45 61 82
6 13 41 44 53 81
5 7 12 46 63 73
16 43 64 70 78 79
16 17 30 34 49 88
0 20 42 65 77 86
9 27 28 45 55 57
0 29 55 70 72 90
22 55 59 79 82 86
36 50 55 65 69 85
18 35 47 50 66 75
7 24 35 52 65 82
10 16 18 26 80 86
3 19 51 71 81 84
33 34 39 51 60 64
1 40 47 49 52 57
6 18 30 45 73 75
8 43 55 61 77 89
14 20 47 52 72 74
15 29 44 73 79 89
12 22 25 27 79 84
2 17 44 66 83 89
15 32 62 66 68 80
25 31 33 56 63 66
52 53 54 59 69 70
8 37 56 67 72 80
9 19 46 48 59 79
17 58 62 75 78 82
21 40 42 43 51 69
0 23 30 31 50 51
1 30 48 82 84 89
5 18 67 71 83 88
1 6 22 46 60 77
7 15 16 27 48 77
0 10 33 48 57 69
14 25 39 54 58 85
13 19 28 60 69 73
13 29 34 71 79 87
13 23 42 49 58 90
6 11 28 88 89 90
4 24 29 43 53 61
42 52 63 64 75 80
14 21 50 57 65 70
10 27 31 32 43 76
24 34 38 40 52 78
40 44 54 56 60 61
2 22 28 38 61 70
4 7 9 19 67 76
19 20 40 53 55 80
5 26 59 84 85 90
6 23 36 43 65 68
8 39 44 47 69 80
22 24 50 63 67 81
14 30 37 38 43 60
12 33 59 68 76 78
1 4 11 33 42 73
0 26 37 49 66 78
19 25 35 41 77 90
17 27 39 46 86 88
10 12 21 30 54 77
13 20 32 51 70 75
5 31 57 60 77 78
6 18 30 39 41 59
23 27 56 75 80 88
6 42 48 74 78 83
34 36 45 58 66 77
3 5 39 55 66 87
34 43 64 73 81 86
8 14 16 28 53 66
7 11 45 49 80 85
16 22 29 51 56 62
21 49 55 74 76 84
10 22 38 54 55 71
5 6 20 21 25 71
0 12 32 36 58 81
0 15 32 34 59 72
20 28 33 37 62 84
3 11 38 46 68 70
9 23 29 42 67 84
10 28 35 48 58 88
8 17 29 41 54 65
1 2 34 35 55 56
18 40 51 57 76 79
25 37 45 51 52 86
9 10 13 14 46 71
2 19 50 53 58 87
16 31 37 38 69 82
38 48 51 63 65 85
5 16 24 50 54 76
9 12 37 47 61 88
2 30 47 79 86 90
5 15 23 33 47 83
7 42 45 53 72 89
46 52 53 75 83 84
1 27 38 53 62 67
20 29 37 41 46 64
8 14 18 34 48 49
29 70 75 76 82 85
19 26 29 31 47 48
12 17 31 44 52 55
0 8 24 71 73 81
1 8 15 60 70 88
3 15 44 49 51 61
2 6 27 54 72 80
35 36 46 51 78 89
30 33 52 55 58 67
4 12 34 38 80 83
20 30 53 57 74 88
26 36 52 60 68 71
26 30 42 63 70 84
11 21 31 34 75 87
11 14 17 19 22 76
1 62 64 65 66 79
13 33 40 50 86 89
14 24 46 49 56 57
1 4 28 51 68 72
2 7 39 40 71 74
2 4 23 25 32 69
1 10 29 59 74 81
0 5 22 28 44 75
12 18 42 54 56 64
6 32 61 63 79 87
9 34 41 50 78 84
6 10 15 40 67 70
8 22 40 45 46 65
17 23 36 56 57 59
3 21 35 69 72 86
7 14 55 60 75 79
4 16 20 36 67 90
17 20 43 68 79 85
4 18 25 27 47 89
13 15 58 65 76 84
32 41 52 72 73 76
5 15 46 50 69 90
15 35 37 73 74 85
19 43 54 66 67 75
11 16 25 35 44 83
13 27 36 73 82 83
26 27 28 39 42 56
1 3 39 63 83 90
29 45 49 60 63 86
5 17 27 51 74 81
7 47 51 59 73 78
18 20 69 77 82 87
15 19 24 38 39 57
3 19 25 42 60 66
38 49 75 77 81 89
13 21 46 47 62 85
32 37 42 57 71 89
14 31 40 80 81 90
3 10 23 24 55 85
23 35 60 61 76 87
41 43 47 56 58 70
8 34 53 57 63 82
5 30 34 42 44 68
6 31 45 62 81 88
1 12 17 28 64 69
7 16 28 36 41 63
18 44 46 65 72 81
7 10 38 58 64 90
9 44 68 78 86 90
15 28 54 78 79 89
9 18 31 66 70 73
2 16 21 48 68 73
17 32 48 50 61 80
15 26 47 64 71 76
14 39 61 67 73 84
13 26 45 54 75 88
0 27 37 40 79 85
1 6 58 71 76 86
3 12 25 37 49 65
2 8 59 76 85 88
59 61 62 69 71 75
4 24 26 72 77 88
1 9 16 25 43 72
12 22 48 53 70 90
0 35 51 54 80 84
9 11 52 56 81 82
10 19 33 61 81 83
7 34 67 68 85 89
20 24 27 66 71 78
14 24 41 45 68 69
44 50 71 77 84 88
3 6 14 23 64 82
8 21 23 52 62 89
10 36 49 53 61 64
32 43 46 67 74 86
32 33 34 54 65 90
29 38 42 45 50 59
12 20 31 39 58 72
24 25 30 46 80 87
3 4 28 31 59 65
11 26 41 62 74 86
20 48 49 54 68 73
0 2 41 57 83 87
5 24 61 70 86 89
22 35 37 47 59 63
4 9 12 15 45 62
3 16 18 29 32 88
2 3 22 52 62 88
6 38 56 66 72 85
9 22 48 64 72 87
0 1 38 44 56 76
4 17 21 40 56 73
29 47 68 74 77 83
5 11 37 54 64 77
7 13 22 23 30 66
2 12 29 78 81 85
9 33 35 43 77 85
15 17 24 33 53 75
7 11 25 29 57 61
24 32 55 64 83 84
25 28 30 36 46 76
