40 49 61 66
42 51 63 68
44 53 65 70
46 55 67 72
48 57 69 74
50 59 71 76
52 61 73 78
54 63 75 80
56 65 77 82
58 67 79 84
60 69 81 86
62 71 83 88
0 64 73 85
2 66 75 87
4 68 77 89
1 6 70 79
3 8 72 81
5 10 74 83
7 12 76 85
9 14 78 87
11 16 80 89
1 13 18 82
3 15 20 84
5 17 22 86
7 19 24 88
0 9 21 26
2 11 23 28
4 13 25 30
6 15 27 32
8 17 29 34
10 19 31 36
12 21 33 38
14 23 35 40
16 25 37 42
18 27 39 44
20 29 41 46
22 31 43 48
24 33 45 50
26 35 47 52
28 37 49 54
30 39 51 56
32 41 53 58
34 43 55 60
36 45 57 62
38 47 59 64
0 16 41 54
2 18 43 56
4 20 45 58
6 22 47 60
8 24 49 62
10 26 51 64
12 28 53 66
14 30 55 68
16 32 57 70
18 34 59 72
20 36 61 74
22 38 63 76
24 40 65 78
26 42 67 80
28 44 69 82
30 46 71 84
32 48 73 86
34 50 75 88
0 36 52 77
2 38 54 79
4 40 56 81
6 42 58 83
8 44 60 85
10 46 62 87
12 48 64 89
1 14 50 66
3 16 52 68
5 18 54 70
7 20 56 72
9 22 58 74
11 24 60 76
13 26 62 78
15 28 64 80
17 30 66 82
19 32 68 84
21 34 70 86
23 36 72 88
0 25 38 74
2 27 40 76
4 29 42 78
6 31 44 80
8 33 46 82
10 35 48 84
12 37 50 86
14 39 52 88
13 44 52 54
15 46 54 56
17 48 56 58
19 50 58 60
21 52 60 62
23 54 62 64
25 56 64 66
27 58 66 68
29 60 68 70
31 62 70 72
33 64 72 74
35 66 74 76
37 68 76 78
39 70 78 80
41 72 80 82
43 74 82 84
45 76 84 86
47 78 86 88
0 49 80 88
0 2 51 82
2 4 53 84
4 6 55 86
6 8 57 88
0 8 10 59
2 10 12 61
4 12 14 63
6 14 16 65
8 16 18 67
10 18 20 69
12 20 22 71
14 22 24 73
16 24 26 75
18 26 28 77
20 28 30 79
22 30 32 81
24 32 34 83
26 34 36 85
28 36 38 87
30 38 40 89
1 32 40 42
3 34 42 44
5 36 44 46
7 38 46 48
9 40 48 50
11 42 50 52
10 25 41 47
12 27 43 49
14 29 45 51
16 31 47 53
18 33 49 55
20 35 51 57
22 37 53 59
24 39 55 61
26 41 57 63
28 43 59 65
30 45 61 67
32 47 63 69
34 49 65 71
36 51 67 73
38 53 69 75
40 55 71 77
42 57 73 79
44 59 75 81
46 61 77 83
48 63 79 85
50 65 81 87
52 67 83 89
1 54 69 85
3 56 71 87
5 58 73 89
1 7 60 75
3 9 62 77
5 11 64 79
7 13 66 81
9 15 68 83
11 17 70 85
13 19 72 87
15 21 74 89
1 17 23 76
3 19 25 78
5 21 27 80
7 23 29 82
9 25 31 84
11 27 33 86
13 29 35 88
0 15 31 37
2 17 33 39
4 19 35 41
6 21 37 43
8 23 39 45
18 64 68 79
20 66 70 81
22 68 72 83
24 70 74 85
26 72 76 87
28 74 78 89
1 30 76 80
3 32 78 82
5 34 80 84
7 36 82 86
9 38 84 88
0 11 40 86
2 13 42 88
0 4 15 44
2 6 17 46
4 8 19 48
6 10 21 50
8 12 23 52
10 14 25 54
12 16 27 56
14 18 29 58
16 20 31 60
18 22 33 62
20 24 35 64
22 26 37 66
24 28 39 68
26 30 41 70
28 32 43 72
30 34 45 74
32 36 47 76
34 38 49 78
36 40 51 80
38 42 53 82
40 44 55 84
42 46 57 86
44 48 59 88
0 46 50 61
2 48 52 63
4 50 54 65
6 52 56 67
8 54 58 69
10 56 60 71
12 58 62 73
14 60 64 75
16 62 66 77
10 37 65 89
1 12 39 67
3 14 41 69
5 16 43 71
7 18 45 73
9 20 47 75
11 22 49 77
13 24 51 79
15 26 53 81
17 28 55 83
19 30 57 85
21 32 59 87
23 34 61 89
1 25 36 63
3 27 38 65
5 29 40 67
7 31 42 69
9 33 44 71
11 35 46 73
13 37 48 75
15 39 50 77
17 41 52 79
19 43 54 81
21 45 56 83
23 47 58 85
25 49 60 87
27 51 62 89
1 29 53 64
3 31 55 66
5 33 57 68
7 35 59 70
9 37 61 72
11 39 63 74
13 41 65 76
15 43 67 78
17 45 69 80
19 47 71 82
21 49 73 84
23 51 75 86
25 53 77 88
0 27 55 79
2 29 57 81
4 31 59 83
6 33 61 85
8 35 63 87
33 36 55 84
35 38 57 86
37 40 59 88
0 39 42 61
2 41 44 63
4 43 46 65
6 45 48 67
8 47 50 69
10 49 52 71
12 51 54 73
14 53 56 75
16 55 58 77
18 57 60 79
20 59 62 81
22 61 64 83
24 63 66 85
26 65 68 87
28 67 70 89
1 30 69 72
3 32 71 74
5 34 73 76
7 36 75 78
9 38 77 80
11 40 79 82
13 42 81 84
15 44 83 86
17 46 85 88
0 19 48 87
2 21 50 89
1 4 23 52
3 6 25 54
5 8 27 56
7 10 29 58
9 12 31 60
11 14 33 62
13 16 35 64
15 18 37 66
17 20 39 68
19 22 41 70
21 24 43 72
23 26 45 74
25 28 47 76
27 30 49 78
29 32 51 80
31 34 53 82
20 33 42 54
22 35 44 56
24 37 46 58
26 39 48 60
28 41 50 62
30 43 52 64
32 45 54 66
34 47 56 68
36 49 58 70
38 51 60 72
40 53 62 74
42 55 64 76
44 57 66 78
46 59 68 80
48 61 70 82
50 63 72 84
52 65 74 86
54 67 76 88
0 56 69 78
2 58 71 80
4 60 73 82
6 62 75 84
8 64 77 86
10 66 79 88
0 12 68 81
2 14 70 83
4 16 72 85
6 18 74 87
8 20 76 89
1 10 22 78
3 12 24 80
5 14 26 82
7 16 28 84
9 18 30 86
11 20 32 88
0 13 22 34
2 15 24 36
4 17 26 38
6 19 28 40
8 21 30 42
10 23 32 44
12 25 34 46
14 27 36 48
16 29 38 50
18 31 40 52
2 3 7 22
4 5 9 24
6 7 11 26
8 9 13 28
10 11 15 30
12 13 17 32
14 15 19 34
16 17 21 36
18 19 23 38
20 21 25 40
22 23 27 42
24 25 29 44
26 27 31 46
28 29 33 48
30 31 35 50
32 33 37 52
34 35 39 54
36 37 41 56
38 39 43 58
40 41 45 60
42 43 47 62
44 45 49 64
46 47 51 66
48 49 53 68
50 51 55 70
52 53 57 72
54 55 59 74
56 57 61 76
58 59 63 78
60 61 65 80
62 63 67 82
64 65 69 84
66 67 71 86
68 69 73 88
0 70 71 75
2 72 73 77
4 74 75 79
6 76 77 81
8 78 79 83
10 80 81 85
12 82 83 87
14 84 85 89
1 16 86 87
3 18 88 89
0 1 5 20
1 9 28 73
3 11 30 75
5 13 32 77
7 15 34 79
9 17 36 81
11 19 38 83
13 21 40 85
15 23 42 87
17 25 44 89
1 19 27 46
3 21 29 48
5 23 31 50
7 25 33 52
9 27 35 54
11 29 37 56
13 31 39 58
15 33 41 60
17 35 43 62
19 37 45 64
21 39 47 66
23 41 49 68
25 43 51 70
27 45 53 72
29 47 55 74
31 49 57 76
33 51 59 78
35 53 61 80
37 55 63 82
39 57 65 84
41 59 67 86
43 61 69 88
0 45 63 71
2 47 65 73
4 49 67 75
6 51 69 77
8 53 71 79
10 55 73 81
12 57 75 83
14 59 77 85
16 61 79 87
18 63 81 89
1 20 65 83
3 22 67 85
5 24 69 87
7 26 71 89
4 33 69 90
6 35 71 90
8 37 73 90
10 39 75 90
12 41 77 90
14 43 79 90
16 45 81 90
18 47 83 90
20 49 85 90
22 51 87 90
24 53 89 90
1 26 55 90
3 28 57 90
5 30 59 90
7 32 61 90
9 34 63 90
11 36 65 90
13 38 67 90
15 40 69 90
17 42 71 90
19 44 73 90
21 46 75 90
23 48 77 90
25 50 79 90
27 52 81 90
29 54 83 90
31 56 85 90
33 58 87 90
35 60 89 90
1 37 62 90
3 39 64 90
5 41 66 90
7 43 68 90
9 45 70 90
11 47 72 90
13 49 74 90
15 51 76 90
17 53 78 90
19 55 80 90
21 57 82 90
23 59 84 90
25 61 86 90
27 63 88 90
0 29 65 90
2 31 67 90
16 19 39 69
18 21 41 71
20 23 43 73
22 25 45 75
24 27 47 77
26 29 49 79
28 31 51 81
30 33 53 83
32 35 55 85
34 37 57 87
36 39 59 89
1 38 41 61
3 40 43 63
5 42 45 65
7 44 47 67
9 46 49 69
11 48 51 71
13 50 53 73
15 52 55 75
17 54 57 77
19 56 59 79
21 58 61 81
23 60 63 83
25 62 65 85
27 64 67 87
29 66 69 89
1 31 68 71
3 33 70 73
5 35 72 75
7 37 74 77
9 39 76 79
11 41 78 81
13 43 80 83
15 45 82 85
17 47 84 87
19 49 86 89
1 21 51 88
0 3 23 53
2 5 25 55
4 7 27 57
6 9 29 59
8 11 31 61
10 13 33 63
12 15 35 65
14 17 37 67
24 41 42 48
26 43 44 50
28 45 46 52
30 47 48 54
32 49 50 56
34 51 52 58
36 53 54 60
38 55 56 62
40 57 58 64
42 59 60 66
44 61 62 68
46 63 64 70
48 65 66 72
50 67 68 74
52 69 70 76
54 71 72 78
56 73 74 80
58 75 76 82
60 77 78 84
62 79 80 86
64 81 82 88
0 66 83 84
2 68 85 86
4 70 87 88
0 6 72 89
1 2 8 74
3 4 10 76
5 6 12 78
7 8 14 80
9 10 16 82
11 12 18 84
13 14 20 86
15 16 22 88
0 17 18 24
2 19 20 26
4 21 22 28
6 23 24 30
8 25 26 32
10 27 28 34
12 29 30 36
14 31 32 38
16 33 34 40
18 35 36 42
20 37 38 44
22 39 40 46
1 3 35 49
3 5 37 51
5 7 39 53
7 9 41 55
9 11 43 57
11 13 45 59
13 15 47 61
15 17 49 63
17 19 51 65
19 21 53 67
21 23 55 69
23 25 57 71
25 27 59 73
27 29 61 75
29 31 63 77
31 33 65 79
33 35 67 81
35 37 69 83
37 39 71 85
39 41 73 87
41 43 75 89
1 43 45 77
3 45 47 79
5 47 49 81
7 49 51 83
9 51 53 85
11 53 55 87
13 55 57 89
1 15 57 59
3 17 59 61
5 19 61 63
7 21 63 65
9 23 65 67
11 25 67 69
13 27 69 71
15 29 71 73
17 31 73 75
19 33 75 77
21 35 77 79
23 37 79 81
25 39 81 83
27 41 83 85
29 43 85 87
31 45 87 89
1 33 47 89
24 31 54 86
26 33 56 88
0 28 35 58
2 30 37 60
4 32 39 62
6 34 41 64
8 36 43 66
10 38 45 68
12 40 47 70
14 42 49 72
16 44 51 74
18 46 53 76
20 48 55 78
22 50 57 80
24 52 59 82
26 54 61 84
28 56 63 86
30 58 65 88
0 32 60 67
2 34 62 69
4 36 64 71
6 38 66 73
8 40 68 75
10 42 70 77
12 44 72 79
14 46 74 81
16 48 76 83
18 50 78 85
20 52 80 87
22 54 82 89
1 24 56 84
3 26 58 86
5 28 60 88
0 7 30 62
2 9 32 64
4 11 34 66
6 13 36 68
8 15 38 70
10 17 40 72
12 19 42 74
14 21 44 76
16 23 46 78
18 25 48 80
20 27 50 82
22 29 52 84
10 43 53 86
12 45 55 88
0 14 47 57
2 16 49 59
4 18 51 61
6 20 53 63
8 22 55 65
10 24 57 67
12 26 59 69
14 28 61 71
16 30 63 73
18 32 65 75
20 34 67 77
22 36 69 79
24 38 71 81
26 40 73 83
28 42 75 85
30 44 77 87
32 46 79 89
1 34 48 81
3 36 50 83
5 38 52 85
7 40 54 87
9 42 56 89
1 11 44 58
3 13 46 60
5 15 48 62
7 17 50 64
9 19 52 66
11 21 54 68
13 23 56 70
15 25 58 72
17 27 60 74
19 29 62 76
21 31 64 78
23 33 66 80
25 35 68 82
27 37 70 84
29 39 72 86
31 41 74 88
0 33 43 76
2 35 45 78
4 37 47 80
6 39 49 82
8 41 51 84
