0 8 10 43 46 59 64 75 79
1 12 19 28 38 45 68 81 82
1 2 4 6 15 22 30 35 85
3 5 14 15 20 28 59 70 77
1 7 13 16 20 21 27 31 48
3 9 11 17 23 29 39 51 52
18 29 32 36 57 62 66 79 87
15 24 27 32 38 49 64 78 81
20 25 33 56 58 65 69 85 86
3 26 36 40 41 55 60 73 85
4 11 13 25 34 43 63 83 90
6 32 33 37 48 52 60 72 88
30 31 42 51 55 63 67 78 82
19 20 26 47 63 76 80 88 89
35 39 48 54 72 75 84 85 90
0 15 23 25 41 53 66 68 74
5 20 37 38 50 62 68 71 73
0 12 20 21 22 40 61 78 84
7 11 12 44 47 57 69 70 71
8 9 14 18 60 65 71 75 89
2 10 30 51 66 70 71 76 85
6 43 47 49 50 53 54 55 57
9 24 31 40 59 69 72 83 87
28 34 35 36 42 46 61 69 89
52 53 58 67 71 76 77 79 90
16 28 30 32 39 40 45 56 76
5 10 31 34 52 65 74 80 87
8 15 18 19 30 31 37 83 86
4 23 26 37 46 57 65 72 78
5 13 29 33 53 61 72 82 85
10 14 23 40 42 48 50 81 86
17 21 24 28 51 53 65 79 88
9 22 34 37 41 45 49 67 70
3 16 47 61 64 67 68 83 85
3 4 10 12 18 38 54 58 88
8 23 24 60 62 77 80 82 84
10 13 15 26 45 56 71 84 87
0 11 21 49 71 72 73 80 81
4 8 17 26 32 50 67 69 74
2 21 36 56 57 63 74 75 82
22 38 44 51 56 64 72 77 89
14 33 35 38 44 47 55 74 79
2 17 19 33 41 46 54 77 87
7 22 29 37 38 42 43 80 85
6 12 27 29 34 62 75 76 86
5 17 18 25 42 49 59 76 84
13 19 39 55 62 64 65 70 84
31 32 43 57 58 60 61 76 81
0 3 25 27 35 50 51 82 87
1 54 56 70 76 78 79 80 83
0 4 7 24 39 55 67 86 89
4 9 20 42 64 73 74 79 87
14 16 19 22 24 25 27 52 54
5 9 10 16 21 32 41 47 90
28 43 44 52 66 73 78 84 86
7 9 30 46 50 58 63 68 84
25 30 38 41 48 59 61 87 89
2 18 45 55 61 63 72 80 86
29 31 35 40 41 63 64 71 88
8 10 11 22 24 33 36 68 76
0 16 29 37 70 74 81 84 89
25 26 31 39 44 49 68 75 77
5 11 19 35 48 56 60 66 67
5 16 23 45 58 69 73 75 79
7 14 23 49 56 61 62 88 90
6 20 38 39 46 66 71 82 83
19 23 32 34 44 55 59 71 85
2 12 13 24 37 42 47 66 90
11 27 45 46 74 77 78 85 88
4 14 27 41 57 68 69 80 84
4 30 36 47 52 53 56 59 81
18 21 33 46 50 60 64 70 86
1 38 40 47 65 66 67 75 84
3 19 21 30 43 62 69 72 74
12 15 37 48 51 60 63 69 79
13 18 20 34 41 51 54 78 81
2 26 27 28 29 48 49 58 83
1 15 33 34 39 40 43 58 89
6 14 17 21 31 45 60 66 83
3 22 24 46 48 55 58 73 90
1 29 36 45 50 59 65 78 90
9 15 23 41 65 72 76 82 86
17 20 27 30 44 60 81 82 90
3 32 42 45 53 54 57 63 89
9 13 30 35 38 57 77 86 88
2 13 14 32 44 46 67 68 80
12 16 17 35 53 59 80 82 86
0 3 30 31 33 47 75 78 80
0 4 9 28 31 47 48 62 85
1 7 46 47 49 51 60 86 87
10 21 25 35 37 55 77 81 83
14 37 39 64 69 73 76 82 88
6 22 23 28 33 63 67 81 87
5 12 23 26 30 36 54 64 83
13 20 41 50 52 55 75 83 88
2 7 10 16 19 34 53 60 78
8 27 36 39 41 42 47 58 72
15 21 29 44 46 54 62 67 89
4 11 32 40 61 70 75 77 82
2 3 31 34 38 50 56 79 84
0 16 18 26 38 56 57 77 90
11 18 20 23 24 35 43 45 47
21 26 34 37 54 58 59 66 82
0 1 5 7 8 34 55 66 88
1 6 10 24 44 58 61 64 74
9 19 22 39 50 61 66 79 80
8 12 14 21 39 53 78 85 87
10 13 49 52 62 69 78 82 89
22 28 31 43 54 71 74 86 90
36 43 44 48 65 68 70 87 88
5 6 11 26 79 81 85 86 89
4 8 21 38 45 48 51 61 76
9 12 17 27 33 43 55 56 89
1 12 25 31 32 56 67 72 73
5 7 12 22 32 35 41 65 83
12 19 40 45 49 52 57 64 85
6 7 13 18 40 59 73 74 76
3 8 16 44 49 63 65 66 81
11 16 28 37 55 58 75 80 87
4 19 29 42 60 68 76 87 90
4 5 6 15 40 44 51 80 90
17 18 22 34 47 48 64 65 82
1 11 14 26 33 41 59 62 63
1 21 23 27 42 68 71 79 86
4 16 33 35 36 49 51 71 84
7 10 17 20 28 36 57 67 72
1 8 34 35 46 52 57 73 81
2 5 18 39 43 67 69 81 88
0 11 27 30 54 60 61 65 73
18 24 28 37 41 44 50 56 85
5 6 9 24 25 48 57 71 78
0 6 13 14 19 32 36 51 58
6 8 20 29 54 55 56 68 69
0 33 42 44 45 53 62 73 83
2 8 23 27 31 70 73 89 90
7 11 15 16 26 42 50 52 61
13 23 25 28 29 38 60 64 80
14 20 24 29 30 34 49 72 79
2 11 20 32 48 53 64 84 86
2 7 9 25 36 40 54 62 81
6 12 16 25 30 42 46 70 88
1 3 13 17 36 37 61 71 86
11 15 31 36 38 46 53 55 76
18 34 51 52 68 74 83 89 90
15 27 33 57 59 67 83 84 88
17 35 40 58 62 68 70 72 78
0 17 24 38 52 63 69 70 85
4 14 16 43 50 66 72 76 89
3 6 7 41 43 77 79 82 84
0 2 3 9 20 26 35 44 76
5 10 27 37 40 46 53 56 63
13 15 17 22 42 56 75 81 88
2 6 21 42 52 59 65 68 77
8 13 22 25 26 28 40 47 79
10 15 17 29 39 47 63 73 77
16 22 39 51 57 59 60 62 74
7 25 33 45 64 66 69 75 90
19 24 26 43 51 53 70 73 75
12 34 36 48 49 50 74 77 80
1 9 18 22 27 53 66 69 77
