3 15 18 31 35 49 58 87
4 16 19 32 36 50 59 88
5 17 20 33 37 51 60 89
6 18 21 34 38 52 61 90
0 7 19 22 35 39 53 62
1 8 20 23 36 40 54 63
2 9 21 24 37 41 55 64
3 10 22 25 38 42 56 65
4 11 23 26 39 43 57 66
5 12 24 27 40 44 58 67
6 13 25 28 41 45 59 68
7 14 26 29 42 46 60 69
8 15 27 30 43 47 61 70
9 16 28 31 44 48 62 71
10 17 29 32 45 49 63 72
11 18 30 33 46 50 64 73
12 19 31 34 47 51 65 74
13 20 32 35 48 52 66 75
14 21 33 36 49 53 67 76
15 22 34 37 50 54 68 77
16 23 35 38 51 55 69 78
17 24 36 39 52 56 70 79
18 25 37 40 53 57 71 80
19 26 38 41 54 58 72 81
20 27 39 42 55 59 73 82
21 28 40 43 56 60 74 83
22 29 41 44 57 61 75 84
23 30 42 45 58 62 76 85
24 31 43 46 59 63 77 86
25 32 44 47 60 64 78 87
26 33 45 48 61 65 79 88
27 34 46 49 62 66 80 89
28 35 47 50 63 67 81 90
0 29 36 48 51 64 68 82
1 30 37 49 52 65 69 83
2 31 38 50 53 66 70 84
3 32 39 51 54 67 71 85
4 33 40 52 55 68 72 86
5 34 41 53 56 69 73 87
6 35 42 54 57 70 74 88
7 36 43 55 58 71 75 89
8 37 44 56 59 72 76 90
0 9 38 45 57 60 73 77
1 10 39 46 58 61 74 78
2 11 40 47 59 62 75 79
3 12 41 48 60 63 76 80
4 13 42 49 61 64 77 81
5 14 43 50 62 65 78 82
6 15 44 51 63 66 79 83
7 16 45 52 64 67 80 84
8 17 46 53 65 68 81 85
9 18 47 54 66 69 82 86
10 19 48 55 67 70 83 87
11 20 49 56 68 71 84 88
12 21 50 57 69 72 85 89
13 22 51 58 70 73 86 90
0 14 23 52 59 71 74 87
1 15 24 53 60 72 75 88
2 16 25 54 61 73 76 89
3 17 26 55 62 74 77 90
0 4 18 27 56 63 75 78
1 5 19 28 57 64 76 79
2 6 20 29 58 65 77 80
3 7 21 30 59 66 78 81
4 8 22 31 60 67 79 82
5 9 23 32 61 68 80 83
6 10 24 33 62 69 81 84
7 11 25 34 63 70 82 85
8 12 26 35 64 71 83 86
9 13 27 36 65 72 84 87
10 14 28 37 66 73 85 88
11 15 29 38 67 74 86 89
12 16 30 39 68 75 87 90
0 13 17 31 40 69 76 88
1 14 18 32 41 70 77 89
2 15 19 33 42 71 78 90
0 3 16 20 34 43 72 79
1 4 17 21 35 44 73 80
2 5 18 22 36 45 74 81
3 6 19 23 37 46 75 82
4 7 20 24 38 47 76 83
5 8 21 25 39 48 77 84
6 9 22 26 40 49 78 85
7 10 23 27 41 50 79 86
8 11 24 28 42 51 80 87
9 12 25 29 43 52 81 88
10 13 26 30 44 53 82 89
11 14 27 31 45 54 83 90
0 12 15 28 32 46 55 84
1 13 16 29 33 47 56 85
2 14 17 30 34 48 57 86
10 35 40 41 43 67 80 90
0 11 36 41 42 44 68 81
1 12 37 42 43 45 69 82
2 13 38 43 44 46 70 83
3 14 39 44 45 47 71 84
4 15 40 45 46 48 72 85
5 16 41 46 47 49 73 86
6 17 42 47 48 50 74 87
7 18 43 48 49 51 75 88
8 19 44 49 50 52 76 89
9 20 45 50 51 53 77 90
0 10 21 46 51 52 54 78
1 11 22 47 52 53 55 79
2 12 23 48 53 54 56 80
3 13 24 49 54 55 57 81
4 14 25 50 55 56 58 82
5 15 26 51 56 57 59 83
6 16 27 52 57 58 60 84
7 17 28 53 58 59 61 85
8 18 29 54 59 60 62 86
9 19 30 55 60 61 63 87
10 20 31 56 61 62 64 88
11 21 32 57 62 63 65 89
12 22 33 58 63 64 66 90
0 13 23 34 59 64 65 67
1 14 24 35 60 65 66 68
2 15 25 36 61 66 67 69
3 16 26 37 62 67 68 70
4 17 27 38 63 68 69 71
5 18 28 39 64 69 70 72
6 19 29 40 65 70 71 73
7 20 30 41 66 71 72 74
8 21 31 42 67 72 73 75
9 22 32 43 68 73 74 76
10 23 33 44 69 74 75 77
11 24 34 45 70 75 76 78
12 25 35 46 71 76 77 79
13 26 36 47 72 77 78 80
14 27 37 48 73 78 79 81
15 28 38 49 74 79 80 82
16 29 39 50 75 80 81 83
17 30 40 51 76 81 82 84
18 31 41 52 77 82 83 85
19 32 42 53 78 83 84 86
20 33 43 54 79 84 85 87
21 34 44 55 80 85 86 88
22 35 45 56 81 86 87 89
23 36 46 57 82 87 88 90
0 24 37 47 58 83 88 89
1 25 38 48 59 84 89 90
0 2 26 39 49 60 85 90
0 1 3 27 40 50 61 86
1 2 4 28 41 51 62 87
2 3 5 29 42 52 63 88
3 4 6 30 43 53 64 89
4 5 7 31 44 54 65 90
0 5 6 8 32 45 55 66
1 6 7 9 33 46 56 67
2 7 8 10 34 47 57 68
3 8 9 11 35 48 58 69
4 9 10 12 36 49 59 70
5 10 11 13 37 50 60 71
6 11 12 14 38 51 61 72
7 12 13 15 39 52 62 73
8 13 14 16 40 53 63 74
9 14 15 17 41 54 64 75
10 15 16 18 42 55 65 76
11 16 17 19 43 56 66 77
12 17 18 20 44 57 67 78
13 18 19 21 45 58 68 79
14 19 20 22 46 59 69 80
15 20 21 23 47 60 70 81
16 21 22 24 48 61 71 82
17 22 23 25 49 62 72 83
18 23 24 26 50 63 73 84
19 24 25 27 51 64 74 85
20 25 26 28 52 65 75 86
21 26 27 29 53 66 76 87
22 27 28 30 54 67 77 88
23 28 29 31 55 68 78 89
24 29 30 32 56 69 79 90
0 25 30 31 33 57 70 80
1 26 31 32 34 58 71 81
2 27 32 33 35 59 72 82
3 28 33 34 36 60 73 83
4 29 34 35 37 61 74 84
5 30 35 36 38 62 75 85
6 31 36 37 39 63 76 86
7 32 37 38 40 64 77 87
8 33 38 39 41 65 78 88
9 34 39 40 42 66 79 89
