35 67 68 72 82 90
0 37 69 70 74 84
2 39 71 72 76 86
4 41 73 74 78 88
6 43 75 76 80 90
0 8 45 77 78 82
2 10 47 79 80 84
4 12 49 81 82 86
6 14 51 83 84 88
8 16 53 85 86 90
0 10 18 55 87 88
2 12 20 57 89 90
0 4 14 22 59 91
1 2 6 16 24 61
3 4 8 18 26 63
5 6 10 20 28 65
7 8 12 22 30 67
9 10 14 24 32 69
11 12 16 26 34 71
13 14 18 28 36 73
15 16 20 30 38 75
17 18 22 32 40 77
19 20 24 34 42 79
21 22 26 36 44 81
23 24 28 38 46 83
25 26 30 40 48 85
27 28 32 42 50 87
29 30 34 44 52 89
31 32 36 46 54 91
1 33 34 38 48 56
3 35 36 40 50 58
5 37 38 42 52 60
7 39 40 44 54 62
9 41 42 46 56 64
11 43 44 48 58 66
13 45 46 50 60 68
15 47 48 52 62 70
17 49 50 54 64 72
19 51 52 56 66 74
21 53 54 58 68 76
23 55 56 60 70 78
25 57 58 62 72 80
27 59 60 64 74 82
29 61 62 66 76 84
31 63 64 68 78 86
33 65 66 70 80 88
52 60 75 86 87 91
1 54 62 77 88 89
3 56 64 79 90 91
0 1 5 58 66 81
2 3 7 60 68 83
4 5 9 62 70 85
6 7 11 64 72 87
8 9 13 66 74 89
10 11 15 68 76 91
1 12 13 17 70 78
3 14 15 19 72 80
5 16 17 21 74 82
7 18 19 23 76 84
9 20 21 25 78 86
11 22 23 27 80 88
13 24 25 29 82 90
0 15 26 27 31 84
2 17 28 29 33 86
4 19 30 31 35 88
6 21 32 33 37 90
0 8 23 34 35 39
2 10 25 36 37 41
4 12 27 38 39 43
6 14 29 40 41 45
8 16 31 42 43 47
10 18 33 44 45 49
12 20 35 46 47 51
14 22 37 48 49 53
16 24 39 50 51 55
18 26 41 52 53 57
20 28 43 54 55 59
22 30 45 56 57 61
24 32 47 58 59 63
26 34 49 60 61 65
28 36 51 62 63 67
30 38 53 64 65 69
32 40 55 66 67 71
34 42 57 68 69 73
36 44 59 70 71 75
38 46 61 72 73 77
40 48 63 74 75 79
42 50 65 76 77 81
44 52 67 78 79 83
46 54 69 80 81 85
48 56 71 82 83 87
50 58 73 84 85 89
6 36 38 47 78 82
8 38 40 49 80 84
10 40 42 51 82 86
12 42 44 53 84 88
14 44 46 55 86 90
0 16 46 48 57 88
2 18 48 50 59 90
0 4 20 50 52 61
2 6 22 52 54 63
4 8 24 54 56 65
6 10 26 56 58 67
8 12 28 58 60 69
10 14 30 60 62 71
12 16 32 62 64 73
14 18 34 64 66 75
16 20 36 66 68 77
18 22 38 68 70 79
20 24 40 70 72 81
22 26 42 72 74 83
24 28 44 74 76 85
26 30 46 76 78 87
28 32 48 78 80 89
30 34 50 80 82 91
1 32 36 52 82 84
3 34 38 54 84 86
5 36 40 56 86 88
7 38 42 58 88 90
0 9 40 44 60 90
0 2 11 42 46 62
2 4 13 44 48 64
4 6 15 46 50 66
6 8 17 48 52 68
8 10 19 50 54 70
10 12 21 52 56 72
12 14 23 54 58 74
14 16 25 56 60 76
16 18 27 58 62 78
18 20 29 60 64 80
20 22 31 62 66 82
22 24 33 64 68 84
24 26 35 66 70 86
26 28 37 68 72 88
28 30 39 70 74 90
0 30 32 41 72 76
2 32 34 43 74 78
4 34 36 45 76 80
11 21 39 41 65 82
13 23 41 43 67 84
15 25 43 45 69 86
17 27 45 47 71 88
19 29 47 49 73 90
0 21 31 49 51 75
2 23 33 51 53 77
4 25 35 53 55 79
6 27 37 55 57 81
8 29 39 57 59 83
10 31 41 59 61 85
12 33 43 61 63 87
14 35 45 63 65 89
16 37 47 65 67 91
1 18 39 49 67 69
3 20 41 51 69 71
5 22 43 53 71 73
7 24 45 55 73 75
9 26 47 57 75 77
11 28 49 59 77 79
13 30 51 61 79 81
15 32 53 63 81 83
17 34 55 65 83 85
19 36 57 67 85 87
21 38 59 69 87 89
23 40 61 71 89 91
1 25 42 63 73 91
1 3 27 44 65 75
3 5 29 46 67 77
5 7 31 48 69 79
7 9 33 50 71 81
9 11 35 52 73 83
11 13 37 54 75 85
13 15 39 56 77 87
15 17 41 58 79 89
17 19 43 60 81 91
1 19 21 45 62 83
3 21 23 47 64 85
5 23 25 49 66 87
7 25 27 51 68 89
9 27 29 53 70 91
1 11 29 31 55 72
3 13 31 33 57 74
5 15 33 35 59 76
7 17 35 37 61 78
9 19 37 39 63 80
43 46 70 82 83 89
45 48 72 84 85 91
1 47 50 74 86 87
3 49 52 76 88 89
5 51 54 78 90 91
0 1 7 53 56 80
2 3 9 55 58 82
4 5 11 57 60 84
6 7 13 59 62 86
8 9 15 61 64 88
10 11 17 63 66 90
0 12 13 19 65 68
2 14 15 21 67 70
4 16 17 23 69 72
6 18 19 25 71 74
8 20 21 27 73 76
10 22 23 29 75 78
12 24 25 31 77 80
14 26 27 33 79 82
16 28 29 35 81 84
18 30 31 37 83 86
20 32 33 39 85 88
22 34 35 41 87 90
0 24 36 37 43 89
2 26 38 39 45 91
1 4 28 40 41 47
3 6 30 42 43 49
5 8 32 44 45 51
7 10 34 46 47 53
9 12 36 48 49 55
11 14 38 50 51 57
13 16 40 52 53 59
15 18 42 54 55 61
17 20 44 56 57 63
19 22 46 58 59 65
21 24 48 60 61 67
23 26 50 62 63 69
25 28 52 64 65 71
27 30 54 66 67 73
29 32 56 68 69 75
31 34 58 70 71 77
33 36 60 72 73 79
35 38 62 74 75 81
37 40 64 76 77 83
39 42 66 78 79 85
41 44 68 80 81 87
5 13 27 34 63 72
7 15 29 36 65 74
9 17 31 38 67 76
11 19 33 40 69 78
13 21 35 42 71 80
15 23 37 44 73 82
17 25 39 46 75 84
19 27 41 48 77 86
21 29 43 50 79 88
23 31 45 52 81 90
0 25 33 47 54 83
2 27 35 49 56 85
4 29 37 51 58 87
6 31 39 53 60 89
8 33 41 55 62 91
1 10 35 43 57 64
3 12 37 45 59 66
5 14 39 47 61 68
7 16 41 49 63 70
9 18 43 51 65 72
11 20 45 53 67 74
13 22 47 55 69 76
15 24 49 57 71 78
17 26 51 59 73 80
19 28 53 61 75 82
21 30 55 63 77 84
23 32 57 65 79 86
25 34 59 67 81 88
27 36 61 69 83 90
0 29 38 63 71 85
2 31 40 65 73 87
4 33 42 67 75 89
6 35 44 69 77 91
1 8 37 46 71 79
3 10 39 48 73 81
5 12 41 50 75 83
7 14 43 52 77 85
9 16 45 54 79 87
11 18 47 56 81 89
13 20 49 58 83 91
1 15 22 51 60 85
3 17 24 53 62 87
5 19 26 55 64 89
7 21 28 57 66 91
1 9 23 30 59 68
3 11 25 32 61 70
2 19 66 69 75 88
4 21 68 71 77 90
0 6 23 70 73 79
2 8 25 72 75 81
4 10 27 74 77 83
6 12 29 76 79 85
8 14 31 78 81 87
10 16 33 80 83 89
12 18 35 82 85 91
1 14 20 37 84 87
3 16 22 39 86 89
5 18 24 41 88 91
1 7 20 26 43 90
0 3 9 22 28 45
2 5 11 24 30 47
4 7 13 26 32 49
6 9 15 28 34 51
8 11 17 30 36 53
10 13 19 32 38 55
12 15 21 34 40 57
14 17 23 36 42 59
16 19 25 38 44 61
18 21 27 40 46 63
20 23 29 42 48 65
22 25 31 44 50 67
24 27 33 46 52 69
26 29 35 48 54 71
28 31 37 50 56 73
30 33 39 52 58 75
32 35 41 54 60 77
34 37 43 56 62 79
36 39 45 58 64 81
38 41 47 60 66 83
40 43 49 62 68 85
42 45 51 64 70 87
44 47 53 66 72 89
46 49 55 68 74 91
1 48 51 57 70 76
3 50 53 59 72 78
5 52 55 61 74 80
7 54 57 63 76 82
9 56 59 65 78 84
11 58 61 67 80 86
13 60 63 69 82 88
15 62 65 71 84 90
0 17 64 67 73 86
