41 66 70
42 67 71
43 68 72
44 69 73
45 70 74
46 71 75
47 72 76
48 73 77
49 74 78
50 75 79
51 76 80
52 77 81
53 78 82
54 79 83
55 80 84
56 81 85
57 82 86
58 83 87
59 84 88
60 85 89
61 86 90
0 62 87
1 63 88
2 64 89
3 65 90
0 4 66
1 5 67
2 6 68
3 7 69
4 8 70
5 9 71
6 10 72
7 11 73
8 12 74
9 13 75
10 14 76
11 15 77
12 16 78
13 17 79
14 18 80
15 19 81
16 20 82
17 21 83
18 22 84
19 23 85
20 24 86
21 25 87
22 26 88
23 27 89
24 28 90
0 25 29
1 26 30
2 27 31
3 28 32
4 29 33
5 30 34
6 31 35
7 32 36
8 33 37
9 34 38
10 35 39
11 36 40
12 37 41
13 38 42
14 39 43
15 40 44
16 41 45
17 42 46
18 43 47
19 44 48
20 45 49
21 46 50
22 47 51
23 48 52
24 49 53
25 50 54
26 51 55
27 52 56
28 53 57
29 54 58
30 55 59
31 56 60
32 57 61
33 58 62
34 59 63
35 60 64
36 61 65
37 62 66
38 63 67
39 64 68
40 65 69
25 81 90
0 26 82
1 27 83
2 28 84
3 29 85
4 30 86
5 31 87
6 32 88
7 33 89
8 34 90
0 9 35
1 10 36
2 11 37
3 12 38
4 13 39
5 14 40
6 15 41
7 16 42
8 17 43
9 18 44
10 19 45
11 20 46
12 21 47
13 22 48
14 23 49
15 24 50
16 25 51
17 26 52
18 27 53
19 28 54
20 29 55
21 30 56
22 31 57
23 32 58
24 33 59
25 34 60
26 35 61
27 36 62
28 37 63
29 38 64
30 39 65
31 40 66
32 41 67
33 42 68
34 43 69
35 44 70
36 45 71
37 46 72
38 47 73
39 48 74
40 49 75
41 50 76
42 51 77
43 52 78
44 53 79
45 54 80
46 55 81
47 56 82
48 57 83
49 58 84
50 59 85
51 60 86
52 61 87
53 62 88
54 63 89
55 64 90
0 56 65
1 57 66
2 58 67
3 59 68
4 60 69
5 61 70
6 62 71
7 63 72
8 64 73
9 65 74
10 66 75
11 67 76
12 68 77
13 69 78
14 70 79
15 71 80
16 72 81
17 73 82
18 74 83
19 75 84
20 76 85
21 77 86
22 78 87
23 79 88
24 80 89
45 53 86
46 54 87
47 55 88
48 56 89
49 57 90
0 50 58
1 51 59
2 52 60
3 53 61
4 54 62
5 55 63
6 56 64
7 57 65
8 58 66
9 59 67
10 60 68
11 61 69
12 62 70
13 63 71
14 64 72
15 65 73
16 66 74
17 67 75
18 68 76
19 69 77
20 70 78
21 71 79
22 72 80
23 73 81
24 74 82
25 75 83
26 76 84
27 77 85
28 78 86
29 79 87
30 80 88
31 81 89
32 82 90
0 33 83
1 34 84
2 35 85
3 36 86
4 37 87
5 38 88
6 39 89
7 40 90
0 8 41
1 9 42
2 10 43
3 11 44
4 12 45
5 13 46
6 14 47
7 15 48
8 16 49
9 17 50
10 18 51
11 19 52
12 20 53
13 21 54
14 22 55
15 23 56
16 24 57
17 25 58
18 26 59
19 27 60
20 28 61
21 29 62
22 30 63
23 31 64
24 32 65
25 33 66
26 34 67
27 35 68
28 36 69
29 37 70
30 38 71
31 39 72
32 40 73
33 41 74
34 42 75
35 43 76
36 44 77
37 45 78
38 46 79
39 47 80
40 48 81
41 49 82
42 50 83
43 51 84
44 52 85
25 31 63
26 32 64
27 33 65
28 34 66
29 35 67
30 36 68
31 37 69
32 38 70
33 39 71
34 40 72
35 41 73
36 42 74
37 43 75
38 44 76
39 45 77
40 46 78
41 47 79
42 48 80
43 49 81
44 50 82
45 51 83
46 52 84
47 53 85
48 54 86
49 55 87
50 56 88
51 57 89
52 58 90
0 53 59
1 54 60
2 55 61
3 56 62
4 57 63
5 58 64
6 59 65
7 60 66
8 61 67
9 62 68
10 63 69
11 64 70
12 65 71
13 66 72
14 67 73
15 68 74
16 69 75
17 70 76
18 71 77
19 72 78
20 73 79
21 74 80
22 75 81
23 76 82
24 77 83
25 78 84
26 79 85
27 80 86
28 81 87
29 82 88
30 83 89
31 84 90
0 32 85
1 33 86
2 34 87
3 35 88
4 36 89
5 37 90
0 6 38
1 7 39
2 8 40
3 9 41
4 10 42
5 11 43
6 12 44
7 13 45
8 14 46
9 15 47
10 16 48
11 17 49
12 18 50
13 19 51
14 20 52
15 21 53
16 22 54
17 23 55
18 24 56
19 25 57
20 26 58
21 27 59
22 28 60
23 29 61
24 30 62
41 44 83
42 45 84
43 46 85
44 47 86
45 48 87
46 49 88
47 50 89
48 51 90
0 49 52
1 50 53
2 51 54
3 52 55
4 53 56
5 54 57
6 55 58
7 56 59
8 57 60
9 58 61
10 59 62
11 60 63
12 61 64
13 62 65
14 63 66
15 64 67
16 65 68
17 66 69
18 67 70
19 68 71
20 69 72
21 70 73
22 71 74
23 72 75
24 73 76
25 74 77
26 75 78
27 76 79
28 77 80
29 78 81
30 79 82
31 80 83
32 81 84
33 82 85
34 83 86
35 84 87
36 85 88
37 86 89
38 87 90
0 39 88
1 40 89
2 41 90
0 3 42
1 4 43
2 5 44
3 6 45
4 7 46
5 8 47
6 9 48
7 10 49
8 11 50
9 12 51
10 13 52
11 14 53
12 15 54
13 16 55
14 17 56
15 18 57
16 19 58
17 20 59
18 21 60
19 22 61
20 23 62
21 24 63
22 25 64
23 26 65
24 27 66
25 28 67
26 29 68
27 30 69
28 31 70
29 32 71
30 33 72
31 34 73
32 35 74
33 36 75
34 37 76
35 38 77
36 39 78
37 40 79
38 41 80
39 42 81
40 43 82
13 49 50
14 50 51
15 51 52
16 52 53
17 53 54
18 54 55
19 55 56
20 56 57
21 57 58
22 58 59
23 59 60
24 60 61
25 61 62
26 62 63
27 63 64
28 64 65
29 65 66
30 66 67
31 67 68
32 68 69
33 69 70
34 70 71
35 71 72
36 72 73
37 73 74
38 74 75
39 75 76
40 76 77
41 77 78
42 78 79
43 79 80
44 80 81
45 81 82
46 82 83
47 83 84
48 84 85
49 85 86
50 86 87
51 87 88
52 88 89
53 89 90
0 54 90
0 1 55
1 2 56
2 3 57
3 4 58
4 5 59
5 6 60
6 7 61
7 8 62
8 9 63
9 10 64
10 11 65
11 12 66
12 13 67
13 14 68
14 15 69
15 16 70
16 17 71
17 18 72
18 19 73
19 20 74
20 21 75
21 22 76
22 23 77
23 24 78
24 25 79
25 26 80
26 27 81
27 28 82
28 29 83
29 30 84
30 31 85
31 32 86
32 33 87
33 34 88
34 35 89
35 36 90
0 36 37
1 37 38
2 38 39
3 39 40
4 40 41
5 41 42
6 42 43
7 43 44
8 44 45
9 45 46
10 46 47
11 47 48
12 48 49
33 60 80
34 61 81
35 62 82
36 63 83
37 64 84
38 65 85
39 66 86
40 67 87
41 68 88
42 69 89
43 70 90
0 44 71
1 45 72
2 46 73
3 47 74
4 48 75
5 49 76
6 50 77
7 51 78
8 52 79
9 53 80
10 54 81
11 55 82
12 56 83
13 57 84
14 58 85
15 59 86
16 60 87
17 61 88
18 62 89
19 63 90
0 20 64
1 21 65
2 22 66
3 23 67
4 24 68
5 25 69
6 26 70
7 27 71
8 28 72
9 29 73
10 30 74
11 31 75
12 32 76
13 33 77
14 34 78
15 35 79
16 36 80
17 37 81
18 38 82
19 39 83
20 40 84
21 41 85
22 42 86
23 43 87
24 44 88
25 45 89
26 46 90
0 27 47
1 28 48
2 29 49
3 30 50
4 31 51
5 32 52
6 33 53
7 34 54
8 35 55
9 36 56
10 37 57
11 38 58
12 39 59
13 40 60
14 41 61
15 42 62
16 43 63
17 44 64
18 45 65
19 46 66
20 47 67
21 48 68
22 49 69
23 50 70
24 51 71
25 52 72
26 53 73
27 54 74
28 55 75
29 56 76
30 57 77
31 58 78
32 59 79
5 18 20
6 19 21
7 20 22
8 21 23
9 22 24
10 23 25
11 24 26
12 25 27
13 26 28
14 27 29
15 28 30
16 29 31
17 30 32
18 31 33
19 32 34
20 33 35
21 34 36
22 35 37
23 36 38
24 37 39
25 38 40
26 39 41
27 40 42
28 41 43
29 42 44
30 43 45
31 44 46
32 45 47
33 46 48
34 47 49
35 48 50
36 49 51
37 50 52
38 51 53
39 52 54
40 53 55
41 54 56
42 55 57
43 56 58
44 57 59
45 58 60
46 59 61
47 60 62
48 61 63
49 62 64
50 63 65
51 64 66
52 65 67
53 66 68
54 67 69
55 68 70
56 69 71
57 70 72
58 71 73
59 72 74
60 73 75
61 74 76
62 75 77
63 76 78
64 77 79
65 78 80
66 79 81
67 80 82
68 81 83
69 82 84
70 83 85
71 84 86
72 85 87
73 86 88
74 87 89
75 88 90
0 76 89
1 77 90
0 2 78
1 3 79
2 4 80
3 5 81
4 6 82
5 7 83
6 8 84
7 9 85
8 10 86
9 11 87
10 12 88
11 13 89
12 14 90
0 13 15
1 14 16
2 15 17
3 16 18
4 17 19
54 72 88
55 73 89
56 74 90
0 57 75
1 58 76
2 59 77
3 60 78
4 61 79
5 62 80
6 63 81
7 64 82
8 65 83
9 66 84
10 67 85
11 68 86
12 69 87
13 70 88
14 71 89
15 72 90
0 16 73
1 17 74
2 18 75
3 19 76
4 20 77
5 21 78
6 22 79
7 23 80
8 24 81
9 25 82
10 26 83
11 27 84
12 28 85
13 29 86
14 30 87
15 31 88
16 32 89
17 33 90
0 18 34
1 19 35
2 20 36
3 21 37
4 22 38
5 23 39
6 24 40
7 25 41
8 26 42
9 27 43
10 28 44
11 29 45
12 30 46
13 31 47
14 32 48
15 33 49
16 34 50
17 35 51
18 36 52
19 37 53
20 38 54
21 39 55
22 40 56
23 41 57
24 42 58
25 43 59
26 44 60
27 45 61
28 46 62
29 47 63
30 48 64
31 49 65
32 50 66
33 51 67
34 52 68
35 53 69
36 54 70
37 55 71
38 56 72
39 57 73
40 58 74
41 59 75
42 60 76
43 61 77
44 62 78
45 63 79
46 64 80
47 65 81
48 66 82
49 67 83
50 68 84
51 69 85
52 70 86
53 71 87
18 29 41
19 30 42
20 31 43
21 32 44
22 33 45
23 34 46
24 35 47
25 36 48
26 37 49
27 38 50
28 39 51
29 40 52
30 41 53
31 42 54
32 43 55
33 44 56
34 45 57
35 46 58
36 47 59
37 48 60
38 49 61
39 50 62
40 51 63
41 52 64
42 53 65
43 54 66
44 55 67
45 56 68
46 57 69
47 58 70
48 59 71
49 60 72
50 61 73
51 62 74
52 63 75
53 64 76
54 65 77
55 66 78
56 67 79
57 68 80
58 69 81
59 70 82
60 71 83
61 72 84
62 73 85
63 74 86
64 75 87
65 76 88
66 77 89
67 78 90
0 68 79
1 69 80
2 70 81
3 71 82
4 72 83
5 73 84
6 74 85
7 75 86
8 76 87
9 77 88
10 78 89
11 79 90
0 12 80
1 13 81
2 14 82
3 15 83
4 16 84
5 17 85
6 18 86
7 19 87
8 20 88
9 21 89
10 22 90
0 11 23
1 12 24
2 13 25
3 14 26
4 15 27
5 16 28
6 17 29
7 18 30
8 19 31
9 20 32
10 21 33
11 22 34
12 23 35
13 24 36
14 25 37
15 26 38
16 27 39
17 28 40
8 80 85
9 81 86
10 82 87
11 83 88
12 84 89
13 85 90
0 14 86
1 15 87
2 16 88
3 17 89
4 18 90
0 5 19
1 6 20
2 7 21
3 8 22
4 9 23
5 10 24
6 11 25
7 12 26
8 13 27
9 14 28
10 15 29
11 16 30
12 17 31
13 18 32
14 19 33
15 20 34
16 21 35
17 22 36
18 23 37
19 24 38
20 25 39
21 26 40
22 27 41
23 28 42
24 29 43
25 30 44
26 31 45
27 32 46
28 33 47
29 34 48
30 35 49
31 36 50
32 37 51
33 38 52
34 39 53
35 40 54
36 41 55
37 42 56
38 43 57
39 44 58
40 45 59
41 46 60
42 47 61
43 48 62
44 49 63
45 50 64
46 51 65
47 52 66
48 53 67
49 54 68
50 55 69
51 56 70
52 57 71
53 58 72
54 59 73
55 60 74
56 61 75
57 62 76
58 63 77
59 64 78
60 65 79
61 66 80
62 67 81
63 68 82
64 69 83
65 70 84
66 71 85
67 72 86
68 73 87
69 74 88
70 75 89
71 76 90
0 72 77
1 73 78
2 74 79
3 75 80
4 76 81
5 77 82
6 78 83
7 79 84
41 51 81
42 52 82
43 53 83
44 54 84
45 55 85
46 56 86
47 57 87
48 58 88
49 59 89
50 60 90
0 51 61
1 52 62
2 53 63
3 54 64
4 55 65
5 56 66
6 57 67
7 58 68
8 59 69
9 60 70
10 61 71
11 62 72
12 63 73
13 64 74
14 65 75
15 66 76
16 67 77
17 68 78
18 69 79
19 70 80
20 71 81
21 72 82
22 73 83
23 74 84
24 75 85
25 76 86
26 77 87
27 78 88
28 79 89
29 80 90
0 30 81
1 31 82
2 32 83
3 33 84
4 34 85
5 35 86
6 36 87
7 37 88
8 38 89
9 39 90
0 10 40
1 11 41
2 12 42
3 13 43
4 14 44
5 15 45
6 16 46
7 17 47
8 18 48
9 19 49
10 20 50
11 21 51
12 22 52
13 23 53
14 24 54
15 25 55
16 26 56
17 27 57
18 28 58
19 29 59
20 30 60
21 31 61
22 32 62
23 33 63
24 34 64
25 35 65
26 36 66
27 37 67
28 38 68
29 39 69
30 40 70
31 41 71
32 42 72
33 43 73
34 44 74
35 45 75
36 46 76
37 47 77
38 48 78
39 49 79
40 50 80
2 24 72
3 25 73
4 26 74
5 27 75
6 28 76
7 29 77
8 30 78
9 31 79
10 32 80
11 33 81
12 34 82
13 35 83
14 36 84
15 37 85
16 38 86
17 39 87
18 40 88
19 41 89
20 42 90
0 21 43
1 22 44
2 23 45
3 24 46
4 25 47
5 26 48
6 27 49
7 28 50
8 29 51
9 30 52
10 31 53
11 32 54
12 33 55
13 34 56
14 35 57
15 36 58
16 37 59
17 38 60
18 39 61
19 40 62
20 41 63
21 42 64
22 43 65
23 44 66
24 45 67
25 46 68
26 47 69
27 48 70
28 49 71
29 50 72
30 51 73
31 52 74
32 53 75
33 54 76
34 55 77
35 56 78
36 57 79
37 58 80
38 59 81
39 60 82
40 61 83
41 62 84
42 63 85
43 64 86
44 65 87
45 66 88
46 67 89
47 68 90
0 48 69
1 49 70
2 50 71
3 51 72
4 52 73
5 53 74
6 54 75
7 55 76
8 56 77
9 57 78
10 58 79
11 59 80
12 60 81
13 61 82
14 62 83
15 63 84
16 64 85
17 65 86
18 66 87
19 67 88
20 68 89
21 69 90
0 22 70
1 23 71
5 29 89
6 30 90
0 7 31
1 8 32
2 9 33
3 10 34
4 11 35
5 12 36
6 13 37
7 14 38
8 15 39
9 16 40
10 17 41
11 18 42
12 19 43
13 20 44
14 21 45
15 22 46
16 23 47
17 24 48
18 25 49
19 26 50
20 27 51
21 28 52
22 29 53
23 30 54
24 31 55
25 32 56
26 33 57
27 34 58
28 35 59
29 36 60
30 37 61
31 38 62
32 39 63
33 40 64
34 41 65
35 42 66
36 43 67
37 44 68
38 45 69
39 46 70
40 47 71
41 48 72
42 49 73
43 50 74
44 51 75
45 52 76
46 53 77
47 54 78
48 55 79
49 56 80
50 57 81
51 58 82
52 59 83
53 60 84
54 61 85
55 62 86
56 63 87
57 64 88
58 65 89
59 66 90
0 60 67
1 61 68
2 62 69
3 63 70
4 64 71
5 65 72
6 66 73
7 67 74
8 68 75
9 69 76
10 70 77
11 71 78
12 72 79
13 73 80
14 74 81
15 75 82
16 76 83
17 77 84
18 78 85
19 79 86
20 80 87
21 81 88
22 82 89
23 83 90
0 24 84
1 25 85
2 26 86
3 27 87
4 28 88
8 25 71
9 26 72
10 27 73
11 28 74
12 29 75
13 30 76
14 31 77
15 32 78
16 33 79
17 34 80
18 35 81
19 36 82
20 37 83
21 38 84
22 39 85
23 40 86
24 41 87
25 42 88
26 43 89
27 44 90
0 28 45
1 29 46
2 30 47
3 31 48
4 32 49
5 33 50
6 34 51
7 35 52
8 36 53
9 37 54
10 38 55
11 39 56
12 40 57
13 41 58
14 42 59
15 43 60
16 44 61
17 45 62
18 46 63
19 47 64
20 48 65
21 49 66
22 50 67
23 51 68
24 52 69
25 53 70
26 54 71
27 55 72
28 56 73
29 57 74
30 58 75
31 59 76
32 60 77
33 61 78
34 62 79
35 63 80
36 64 81
37 65 82
38 66 83
39 67 84
40 68 85
41 69 86
42 70 87
43 71 88
44 72 89
45 73 90
0 46 74
1 47 75
2 48 76
3 49 77
4 50 78
5 51 79
6 52 80
7 53 81
8 54 82
9 55 83
10 56 84
11 57 85
12 58 86
13 59 87
14 60 88
15 61 89
16 62 90
0 17 63
1 18 64
2 19 65
3 20 66
4 21 67
5 22 68
6 23 69
7 24 70
26 83 91
54 61 91
82 85 91
59 77 91
62 88 91
47 69 91
0 16 91
22 73 91
58 68 91
10 74 91
13 57 91
32 36 91
12 37 91
38 55 91
72 87 91
63 71 91
4 11 91
8 24 91
5 27 91
43 79 91
41 78 91
2 39 91
40 80 91
21 84 91
50 75 91
19 81 91
17 90 91
6 64 91
66 76 91
14 33 91
9 67 91
18 34 91
28 30 91
3 20 91
1 35 91
44 86 91
15 23 91
29 65 91
25 60 91
53 89 91
31 45 91
7 48 91
30 51 91
46 49 91
56 70 91
42 52 91
