6 8 18 27 55 60 73 84
7 9 19 28 56 61 74 85
8 10 20 29 57 62 75 86
9 11 21 30 58 63 76 87
10 12 22 31 59 64 77 88
11 13 23 32 60 65 78 89
12 14 24 33 61 66 79 90
13 15 25 34 62 67 80 91
0 14 16 26 35 63 68 81
1 15 17 27 36 64 69 82
2 16 18 28 37 65 70 83
3 17 19 29 38 66 71 84
4 18 20 30 39 67 72 85
5 19 21 31 40 68 73 86
6 20 22 32 41 69 74 87
7 21 23 33 42 70 75 88
8 22 24 34 43 71 76 89
9 23 25 35 44 72 77 90
10 24 26 36 45 73 78 91
0 11 25 27 37 46 74 79
1 12 26 28 38 47 75 80
2 13 27 29 39 48 76 81
3 14 28 30 40 49 77 82
4 15 29 31 41 50 78 83
5 16 30 32 42 51 79 84
6 17 31 33 43 52 80 85
7 18 32 34 44 53 81 86
8 19 33 35 45 54 82 87
9 20 34 36 46 55 83 88
10 21 35 37 47 56 84 89
11 22 36 38 48 57 85 90
12 23 37 39 49 58 86 91
0 13 24 38 40 50 59 87
1 14 25 39 41 51 60 88
2 15 26 40 42 52 61 89
3 16 27 41 43 53 62 90
4 17 28 42 44 54 63 91
0 5 18 29 43 45 55 64
1 6 19 30 44 46 56 65
2 7 20 31 45 47 57 66
3 8 21 32 46 48 58 67
4 9 22 33 47 49 59 68
5 10 23 34 48 50 60 69
6 11 24 35 49 51 61 70
7 12 25 36 50 52 62 71
8 13 26 37 51 53 63 72
9 14 27 38 52 54 64 73
10 15 28 39 53 55 65 74
11 16 29 40 54 56 66 75
12 17 30 41 55 57 67 76
13 18 31 42 56 58 68 77
14 19 32 43 57 59 69 78
15 20 33 44 58 60 70 79
16 21 34 45 59 61 71 80
17 22 35 46 60 62 72 81
18 23 36 47 61 63 73 82
19 24 37 48 62 64 74 83
20 25 38 49 63 65 75 84
21 26 39 50 64 66 76 85
22 27 40 51 65 67 77 86
23 28 41 52 66 68 78 87
24 29 42 53 67 69 79 88
25 30 43 54 68 70 80 89
26 31 44 55 69 71 81 90
27 32 45 56 70 72 82 91
0 28 33 46 57 71 73 83
1 29 34 47 58 72 74 84
2 30 35 48 59 73 75 85
3 31 36 49 60 74 76 86
4 32 37 50 61 75 77 87
5 33 38 51 62 76 78 88
6 34 39 52 63 77 79 89
7 35 40 53 64 78 80 90
8 36 41 54 65 79 81 91
0 9 37 42 55 66 80 82
1 10 38 43 56 67 81 83
2 11 39 44 57 68 82 84
3 12 40 45 58 69 83 85
4 13 41 46 59 70 84 86
5 14 42 47 60 71 85 87
6 15 43 48 61 72 86 88
7 16 44 49 62 73 87 89
8 17 45 50 63 74 88 90
9 18 46 51 64 75 89 91
0 10 19 47 52 65 76 90
1 11 20 48 53 66 77 91
0 2 12 21 49 54 67 78
1 3 13 22 50 55 68 79
2 4 14 23 51 56 69 80
3 5 15 24 52 57 70 81
4 6 16 25 53 58 71 82
5 7 17 26 54 59 72 83
2 5 6 13 28 44 64 88
3 6 7 14 29 45 65 89
4 7 8 15 30 46 66 90
5 8 9 16 31 47 67 91
0 6 9 10 17 32 48 68
1 7 10 11 18 33 49 69
2 8 11 12 19 34 50 70
3 9 12 13 20 35 51 71
4 10 13 14 21 36 52 72
5 11 14 15 22 37 53 73
6 12 15 16 23 38 54 74
7 13 16 17 24 39 55 75
8 14 17 18 25 40 56 76
9 15 18 19 26 41 57 77
10 16 19 20 27 42 58 78
11 17 20 21 28 43 59 79
12 18 21 22 29 44 60 80
13 19 22 23 30 45 61 81
14 20 23 24 31 46 62 82
15 21 24 25 32 47 63 83
16 22 25 26 33 48 64 84
17 23 26 27 34 49 65 85
18 24 27 28 35 50 66 86
19 25 28 29 36 51 67 87
20 26 29 30 37 52 68 88
21 27 30 31 38 53 69 89
22 28 31 32 39 54 70 90
23 29 32 33 40 55 71 91
0 24 30 33 34 41 56 72
1 25 31 34 35 42 57 73
2 26 32 35 36 43 58 74
3 27 33 36 37 44 59 75
4 28 34 37 38 45 60 76
5 29 35 38 39 46 61 77
6 30 36 39 40 47 62 78
7 31 37 40 41 48 63 79
8 32 38 41 42 49 64 80
9 33 39 42 43 50 65 81
10 34 40 43 44 51 66 82
11 35 41 44 45 52 67 83
12 36 42 45 46 53 68 84
13 37 43 46 47 54 69 85
14 38 44 47 48 55 70 86
15 39 45 48 49 56 71 87
16 40 46 49 50 57 72 88
17 41 47 50 51 58 73 89
18 42 48 51 52 59 74 90
19 43 49 52 53 60 75 91
0 20 44 50 53 54 61 76
1 21 45 51 54 55 62 77
2 22 46 52 55 56 63 78
3 23 47 53 56 57 64 79
4 24 48 54 57 58 65 80
5 25 49 55 58 59 66 81
6 26 50 56 59 60 67 82
7 27 51 57 60 61 68 83
8 28 52 58 61 62 69 84
9 29 53 59 62 63 70 85
10 30 54 60 63 64 71 86
11 31 55 61 64 65 72 87
12 32 56 62 65 66 73 88
13 33 57 63 66 67 74 89
14 34 58 64 67 68 75 90
15 35 59 65 68 69 76 91
0 16 36 60 66 69 70 77
1 17 37 61 67 70 71 78
2 18 38 62 68 71 72 79
3 19 39 63 69 72 73 80
4 20 40 64 70 73 74 81
5 21 41 65 71 74 75 82
6 22 42 66 72 75 76 83
7 23 43 67 73 76 77 84
8 24 44 68 74 77 78 85
9 25 45 69 75 78 79 86
10 26 46 70 76 79 80 87
11 27 47 71 77 80 81 88
12 28 48 72 78 81 82 89
13 29 49 73 79 82 83 90
14 30 50 74 80 83 84 91
0 15 31 51 75 81 84 85
1 16 32 52 76 82 85 86
2 17 33 53 77 83 86 87
3 18 34 54 78 84 87 88
4 19 35 55 79 85 88 89
5 20 36 56 80 86 89 90
6 21 37 57 81 87 90 91
0 7 22 38 58 82 88 91
0 1 8 23 39 59 83 89
1 2 9 24 40 60 84 90
2 3 10 25 41 61 85 91
0 3 4 11 26 42 62 86
1 4 5 12 27 43 63 87
