2 21 62 69 79
4 23 64 71 81
6 25 66 73 83
8 27 68 75 85
10 29 70 77 87
12 31 72 79 89
14 33 74 81 91
1 16 35 76 83
3 18 37 78 85
5 20 39 80 87
7 22 41 82 89
9 24 43 84 91
1 11 26 45 86
3 13 28 47 88
5 15 30 49 90
0 7 17 32 51
2 9 19 34 53
4 11 21 36 55
6 13 23 38 57
8 15 25 40 59
10 17 27 42 61
12 19 29 44 63
14 21 31 46 65
16 23 33 48 67
18 25 35 50 69
20 27 37 52 71
22 29 39 54 73
24 31 41 56 75
26 33 43 58 77
28 35 45 60 79
30 37 47 62 81
32 39 49 64 83
34 41 51 66 85
36 43 53 68 87
38 45 55 70 89
40 47 57 72 91
1 42 49 59 74
3 44 51 61 76
5 46 53 63 78
7 48 55 65 80
9 50 57 67 82
11 52 59 69 84
13 54 61 71 86
15 56 63 73 88
17 58 65 75 90
0 19 60 67 77
15 20 23 24 35
17 22 25 26 37
19 24 27 28 39
21 26 29 30 41
23 28 31 32 43
25 30 33 34 45
27 32 35 36 47
29 34 37 38 49
31 36 39 40 51
33 38 41 42 53
35 40 43 44 55
37 42 45 46 57
39 44 47 48 59
41 46 49 50 61
43 48 51 52 63
45 50 53 54 65
47 52 55 56 67
49 54 57 58 69
51 56 59 60 71
53 58 61 62 73
55 60 63 64 75
57 62 65 66 77
59 64 67 68 79
61 66 69 70 81
63 68 71 72 83
65 70 73 74 85
67 72 75 76 87
69 74 77 78 89
71 76 79 80 91
1 73 78 81 82
3 75 80 83 84
5 77 82 85 86
7 79 84 87 88
9 81 86 89 90
0 11 83 88 91
1 2 13 85 90
0 3 4 15 87
2 5 6 17 89
4 7 8 19 91
1 6 9 10 21
3 8 11 12 23
5 10 13 14 25
7 12 15 16 27
9 14 17 18 29
11 16 19 20 31
13 18 21 22 33
2 10 16 28 65
4 12 18 30 67
6 14 20 32 69
8 16 22 34 71
10 18 24 36 73
12 20 26 38 75
14 22 28 40 77
16 24 30 42 79
18 26 32 44 81
20 28 34 46 83
22 30 36 48 85
24 32 38 50 87
26 34 40 52 89
28 36 42 54 91
1 30 38 44 56
3 32 40 46 58
5 34 42 48 60
7 36 44 50 62
9 38 46 52 64
11 40 48 54 66
13 42 50 56 68
15 44 52 58 70
17 46 54 60 72
19 48 56 62 74
21 50 58 64 76
23 52 60 66 78
25 54 62 68 80
27 56 64 70 82
29 58 66 72 84
31 60 68 74 86
33 62 70 76 88
35 64 72 78 90
0 37 66 74 80
2 39 68 76 82
4 41 70 78 84
6 43 72 80 86
8 45 74 82 88
10 47 76 84 90
0 12 49 78 86
2 14 51 80 88
4 16 53 82 90
0 6 18 55 84
2 8 20 57 86
4 10 22 59 88
6 12 24 61 90
0 8 14 26 63
1 22 29 55 80
3 24 31 57 82
5 26 33 59 84
7 28 35 61 86
9 30 37 63 88
11 32 39 65 90
0 13 34 41 67
2 15 36 43 69
4 17 38 45 71
6 19 40 47 73
8 21 42 49 75
10 23 44 51 77
12 25 46 53 79
14 27 48 55 81
16 29 50 57 83
18 31 52 59 85
20 33 54 61 87
22 35 56 63 89
24 37 58 65 91
1 26 39 60 67
3 28 41 62 69
5 30 43 64 71
7 32 45 66 73
9 34 47 68 75
11 36 49 70 77
13 38 51 72 79
15 40 53 74 81
17 42 55 76 83
19 44 57 78 85
21 46 59 80 87
23 48 61 82 89
25 50 63 84 91
1 27 52 65 86
3 29 54 67 88
5 31 56 69 90
0 7 33 58 71
2 9 35 60 73
4 11 37 62 75
6 13 39 64 77
8 15 41 66 79
10 17 43 68 81
12 19 45 70 83
14 21 47 72 85
16 23 49 74 87
18 25 51 76 89
20 27 53 78 91
16 18 46 77 88
18 20 48 79 90
0 20 22 50 81
2 22 24 52 83
4 24 26 54 85
6 26 28 56 87
8 28 30 58 89
10 30 32 60 91
1 12 32 34 62
3 14 34 36 64
5 16 36 38 66
7 18 38 40 68
9 20 40 42 70
11 22 42 44 72
13 24 44 46 74
15 26 46 48 76
17 28 48 50 78
19 30 50 52 80
21 32 52 54 82
23 34 54 56 84
25 36 56 58 86
27 38 58 60 88
29 40 60 62 90
0 31 42 62 64
2 33 44 64 66
4 35 46 66 68
6 37 48 68 70
8 39 50 70 72
10 41 52 72 74
12 43 54 74 76
14 45 56 76 78
16 47 58 78 80
18 49 60 80 82
20 51 62 82 84
22 53 64 84 86
24 55 66 86 88
26 57 68 88 90
0 28 59 70 90
0 2 30 61 72
2 4 32 63 74
4 6 34 65 76
6 8 36 67 78
8 10 38 69 80
10 12 40 71 82
12 14 42 73 84
14 16 44 75 86
19 26 55 71 72
21 28 57 73 74
23 30 59 75 76
25 32 61 77 78
27 34 63 79 80
29 36 65 81 82
31 38 67 83 84
33 40 69 85 86
35 42 71 87 88
37 44 73 89 90
0 39 46 75 91
1 2 41 48 77
3 4 43 50 79
5 6 45 52 81
7 8 47 54 83
9 10 49 56 85
11 12 51 58 87
13 14 53 60 89
15 16 55 62 91
1 17 18 57 64
3 19 20 59 66
5 21 22 61 68
7 23 24 63 70
9 25 26 65 72
11 27 28 67 74
13 29 30 69 76
15 31 32 71 78
17 33 34 73 80
19 35 36 75 82
21 37 38 77 84
23 39 40 79 86
25 41 42 81 88
27 43 44 83 90
0 29 45 46 85
2 31 47 48 87
4 33 49 50 89
6 35 51 52 91
1 8 37 53 54
3 10 39 55 56
5 12 41 57 58
7 14 43 59 60
9 16 45 61 62
11 18 47 63 64
13 20 49 65 66
15 22 51 67 68
17 24 53 69 70
15 34 43 72 82
17 36 45 74 84
19 38 47 76 86
21 40 49 78 88
23 42 51 80 90
0 25 44 53 82
2 27 46 55 84
4 29 48 57 86
6 31 50 59 88
8 33 52 61 90
0 10 35 54 63
2 12 37 56 65
4 14 39 58 67
6 16 41 60 69
8 18 43 62 71
10 20 45 64 73
12 22 47 66 75
14 24 49 68 77
16 26 51 70 79
18 28 53 72 81
20 30 55 74 83
22 32 57 76 85
24 34 59 78 87
26 36 61 80 89
28 38 63 82 91
1 30 40 65 84
3 32 42 67 86
5 34 44 69 88
7 36 46 71 90
0 9 38 48 73
2 11 40 50 75
4 13 42 52 77
6 15 44 54 79
8 17 46 56 81
10 19 48 58 83
12 21 50 60 85
14 23 52 62 87
16 25 54 64 89
18 27 56 66 91
1 20 29 58 68
3 22 31 60 70
5 24 33 62 72
7 26 35 64 74
9 28 37 66 76
11 30 39 68 78
13 32 41 70 80
2 25 67 70 71
4 27 69 72 73
6 29 71 74 75
8 31 73 76 77
10 33 75 78 79
12 35 77 80 81
14 37 79 82 83
16 39 81 84 85
18 41 83 86 87
20 43 85 88 89
22 45 87 90 91
0 1 24 47 89
2 3 26 49 91
1 4 5 28 51
3 6 7 30 53
5 8 9 32 55
7 10 11 34 57
9 12 13 36 59
11 14 15 38 61
13 16 17 40 63
15 18 19 42 65
17 20 21 44 67
19 22 23 46 69
21 24 25 48 71
23 26 27 50 73
25 28 29 52 75
27 30 31 54 77
29 32 33 56 79
31 34 35 58 81
33 36 37 60 83
35 38 39 62 85
37 40 41 64 87
39 42 43 66 89
41 44 45 68 91
1 43 46 47 70
3 45 48 49 72
5 47 50 51 74
7 49 52 53 76
9 51 54 55 78
11 53 56 57 80
13 55 58 59 82
15 57 60 61 84
17 59 62 63 86
19 61 64 65 88
21 63 66 67 90
0 23 65 68 69
41 59 65 71 73
43 61 67 73 75
45 63 69 75 77
47 65 71 77 79
49 67 73 79 81
51 69 75 81 83
53 71 77 83 85
55 73 79 85 87
57 75 81 87 89
59 77 83 89 91
1 61 79 85 91
1 3 63 81 87
3 5 65 83 89
5 7 67 85 91
1 7 9 69 87
3 9 11 71 89
5 11 13 73 91
1 7 13 15 75
3 9 15 17 77
5 11 17 19 79
7 13 19 21 81
9 15 21 23 83
11 17 23 25 85
13 19 25 27 87
15 21 27 29 89
17 23 29 31 91
1 19 25 31 33
3 21 27 33 35
5 23 29 35 37
7 25 31 37 39
9 27 33 39 41
11 29 35 41 43
13 31 37 43 45
15 33 39 45 47
17 35 41 47 49
19 37 43 49 51
21 39 45 51 53
23 41 47 53 55
25 43 49 55 57
27 45 51 57 59
29 47 53 59 61
31 49 55 61 63
33 51 57 63 65
35 53 59 65 67
37 55 61 67 69
39 57 63 69 71
15 28 64 80 85
17 30 66 82 87
19 32 68 84 89
21 34 70 86 91
1 23 36 72 88
3 25 38 74 90
0 5 27 40 76
2 7 29 42 78
4 9 31 44 80
6 11 33 46 82
8 13 35 48 84
10 15 37 50 86
12 17 39 52 88
14 19 41 54 90
0 16 21 43 56
2 18 23 45 58
4 20 25 47 60
6 22 27 49 62
8 24 29 51 64
10 26 31 53 66
12 28 33 55 68
14 30 35 57 70
16 32 37 59 72
18 34 39 61 74
20 36 41 63 76
22 38 43 65 78
24 40 45 67 80
26 42 47 69 82
28 44 49 71 84
30 46 51 73 86
32 48 53 75 88
34 50 55 77 90
0 36 52 57 79
2 38 54 59 81
4 40 56 61 83
6 42 58 63 85
8 44 60 65 87
10 46 62 67 89
12 48 64 69 91
1 14 50 66 71
3 16 52 68 73
5 18 54 70 75
7 20 56 72 77
9 22 58 74 79
11 24 60 76 81
13 26 62 78 83
