0 3 23 36 69 71 77
4 7 27 40 73 75 81
8 11 31 44 77 79 85
12 15 35 48 81 83 89
1 16 19 39 52 85 87
5 20 23 43 56 89 91
1 3 9 24 27 47 60
5 7 13 28 31 51 64
9 11 17 32 35 55 68
13 15 21 36 39 59 72
17 19 25 40 43 63 76
21 23 29 44 47 67 80
25 27 33 48 51 71 84
29 31 37 52 55 75 88
0 33 35 41 56 59 79
4 37 39 45 60 63 83
8 41 43 49 64 67 87
12 45 47 53 68 71 91
3 16 49 51 57 72 75
7 20 53 55 61 76 79
11 24 57 59 65 80 83
15 28 61 63 69 84 87
19 32 65 67 73 88 91
5 8 16 40 69 80 84
9 12 20 44 73 84 88
0 13 16 24 48 77 88
0 4 17 20 28 52 81
4 8 21 24 32 56 85
8 12 25 28 36 60 89
1 12 16 29 32 40 64
5 16 20 33 36 44 68
9 20 24 37 40 48 72
13 24 28 41 44 52 76
17 28 32 45 48 56 80
21 32 36 49 52 60 84
25 36 40 53 56 64 88
0 29 40 44 57 60 68
4 33 44 48 61 64 72
8 37 48 52 65 68 76
12 41 52 56 69 72 80
16 45 56 60 73 76 84
20 49 60 64 77 80 88
0 24 53 64 68 81 84
4 28 57 68 72 85 88
0 8 32 61 72 76 89
1 4 12 36 65 76 80
6 21 33 34 43 53 57
10 25 37 38 47 57 61
14 29 41 42 51 61 65
18 33 45 46 55 65 69
22 37 49 50 59 69 73
26 41 53 54 63 73 77
30 45 57 58 67 77 81
34 49 61 62 71 81 85
38 53 65 66 75 85 89
1 42 57 69 70 79 89
1 5 46 61 73 74 83
5 9 50 65 77 78 87
9 13 54 69 81 82 91
3 13 17 58 73 85 86
7 17 21 62 77 89 90
1 2 11 21 25 66 81
5 6 15 25 29 70 85
9 10 19 29 33 74 89
1 13 14 23 33 37 78
5 17 18 27 37 41 82
9 21 22 31 41 45 86
13 25 26 35 45 49 90
2 17 29 30 39 49 53
3 26 48 55 56 62 74
7 30 52 59 60 66 78
11 34 56 63 64 70 82
15 38 60 67 68 74 86
19 42 64 71 72 78 90
2 23 46 68 75 76 82
6 27 50 72 79 80 86
10 31 54 76 83 84 90
2 14 35 58 80 87 88
0 6 18 39 62 84 91
3 4 10 22 43 66 88
0 7 8 14 26 47 70
4 11 12 18 30 51 74
8 15 16 22 34 55 78
12 19 20 26 38 59 82
16 23 24 30 42 63 86
20 27 28 34 46 67 90
2 24 31 32 38 50 71
6 28 35 36 42 54 75
10 32 39 40 46 58 79
14 36 43 44 50 62 83
18 40 47 48 54 66 87
22 44 51 52 58 70 91
21 55 59 68 73 80 87
25 59 63 72 77 84 91
3 29 63 67 76 81 88
0 7 33 67 71 80 85
4 11 37 71 75 84 89
1 8 15 41 75 79 88
0 5 12 19 45 79 83
4 9 16 23 49 83 87
8 13 20 27 53 87 91
3 12 17 24 31 57 91
3 7 16 21 28 35 61
7 11 20 25 32 39 65
11 15 24 29 36 43 69
15 19 28 33 40 47 73
19 23 32 37 44 51 77
23 27 36 41 48 55 81
27 31 40 45 52 59 85
31 35 44 49 56 63 89
1 35 39 48 53 60 67
5 39 43 52 57 64 71
9 43 47 56 61 68 75
13 47 51 60 65 72 79
17 51 55 64 69 76 83
14 39 40 55 77 86 89
1 18 43 44 59 81 90
2 5 22 47 48 63 85
6 9 26 51 52 67 89
1 10 13 30 55 56 71
5 14 17 34 59 60 75
9 18 21 38 63 64 79
13 22 25 42 67 68 83
17 26 29 46 71 72 87
21 30 33 50 75 76 91
3 25 34 37 54 79 80
7 29 38 41 58 83 84
11 33 42 45 62 87 88
0 15 37 46 49 66 91
3 4 19 41 50 53 70
7 8 23 45 54 57 74
11 12 27 49 58 61 78
15 16 31 53 62 65 82
19 20 35 57 66 69 86
23 24 39 61 70 73 90
2 27 28 43 65 74 77
6 31 32 47 69 78 81
10 35 36 51 73 82 85
3 32 37 42 53 59 74
7 36 41 46 57 63 78
11 40 45 50 61 67 82
15 44 49 54 65 71 86
19 48 53 58 69 75 90
2 23 52 57 62 73 79
6 27 56 61 66 77 83
10 31 60 65 70 81 87
14 35 64 69 74 85 91
3 18 39 68 73 78 89
1 7 22 43 72 77 82
5 11 26 47 76 81 86
9 15 30 51 80 85 90
2 13 19 34 55 84 89
1 6 17 23 38 59 88
0 5 10 21 27 42 63
4 9 14 25 31 46 67
8 13 18 29 35 50 71
12 17 22 33 39 54 75
16 21 26 37 43 58 79
20 25 30 41 47 62 83
24 29 34 45 51 66 87
28 33 38 49 55 70 91
0 2 32 43 51 54 78
4 6 36 47 55 58 82
8 10 40 51 59 62 86
12 14 44 55 63 66 90
2 16 18 48 59 67 70
6 20 22 52 63 71 74
10 24 26 56 67 75 78
14 28 30 60 71 79 82
18 32 34 64 75 83 86
22 36 38 68 79 87 90
2 26 40 42 72 83 91
3 6 30 44 46 76 87
7 10 34 48 50 80 91
3 11 14 38 52 54 84
7 15 18 42 56 58 88
0 11 19 22 46 60 62
4 15 23 26 50 64 66
8 19 27 30 54 68 70
12 23 31 34 58 72 74
16 27 35 38 62 76 78
20 31 39 42 66 80 82
24 35 43 46 70 84 86
28 39 47 50 74 88 90
12 28 29 62 66 68 77
16 32 33 66 70 72 81
20 36 37 70 74 76 85
24 40 41 74 78 80 89
1 28 44 45 78 82 84
5 32 48 49 82 86 88
0 9 36 52 53 86 90
2 4 13 40 56 57 90
2 6 8 17 44 60 61
6 10 12 21 48 64 65
10 14 16 25 52 68 69
14 18 20 29 56 72 73
18 22 24 33 60 76 77
22 26 28 37 64 80 81
26 30 32 41 68 84 85
30 34 36 45 72 88 89
0 1 34 38 40 49 76
4 5 38 42 44 53 80
8 9 42 46 48 57 84
12 13 46 50 52 61 88
0 16 17 50 54 56 65
4 20 21 54 58 60 69
8 24 25 58 62 64 73
2 10 34 39 41 44 69
6 14 38 43 45 48 73
10 18 42 47 49 52 77
14 22 46 51 53 56 81
18 26 50 55 57 60 85
22 30 54 59 61 64 89
1 26 34 58 63 65 68
5 30 38 62 67 69 72
9 34 42 66 71 73 76
13 38 46 70 75 77 80
17 42 50 74 79 81 84
21 46 54 78 83 85 88
0 25 50 58 82 87 89
1 4 29 54 62 86 91
3 5 8 33 58 66 90
2 7 9 12 37 62 70
6 11 13 16 41 66 74
10 15 17 20 45 70 78
14 19 21 24 49 74 82
18 23 25 28 53 78 86
22 27 29 32 57 82 90
2 26 31 33 36 61 86
6 30 35 37 40 65 90
4 15 34 35 47 52 77
8 19 38 39 51 56 81
12 23 42 43 55 60 85
16 27 46 47 59 64 89
1 20 31 50 51 63 68
5 24 35 54 55 67 72
9 28 39 58 59 71 76
13 32 43 62 63 75 80
17 36 47 66 67 79 84
21 40 51 70 71 83 88
0 25 44 55 74 75 87
4 29 48 59 78 79 91
3 8 33 52 63 82 83
7 12 37 56 67 86 87
11 16 41 60 71 90 91
2 3 15 20 45 64 75
6 7 19 24 49 68 79
10 11 23 28 53 72 83
14 15 27 32 57 76 87
18 19 31 36 61 80 91
3 22 23 35 40 65 84
7 26 27 39 44 69 88
0 11 30 31 43 48 73
