23 37 71 84
25 39 73 86
27 41 75 88
29 43 77 90
0 31 45 79
2 33 47 81
4 35 49 83
6 37 51 85
8 39 53 87
10 41 55 89
12 43 57 91
1 14 45 59
3 16 47 61
5 18 49 63
7 20 51 65
9 22 53 67
11 24 55 69
13 26 57 71
15 28 59 73
17 30 61 75
19 32 63 77
21 34 65 79
23 36 67 81
25 38 69 83
27 40 71 85
29 42 73 87
31 44 75 89
33 46 77 91
1 35 48 79
3 37 50 81
5 39 52 83
7 41 54 85
9 43 56 87
11 45 58 89
13 47 60 91
1 15 49 62
3 17 51 64
5 19 53 66
7 21 55 68
9 23 57 70
11 25 59 72
13 27 61 74
15 29 63 76
17 31 65 78
19 33 67 80
21 35 69 82
36 43 48 49
38 45 50 51
40 47 52 53
42 49 54 55
44 51 56 57
46 53 58 59
48 55 60 61
50 57 62 63
52 59 64 65
54 61 66 67
56 63 68 69
58 65 70 71
60 67 72 73
62 69 74 75
64 71 76 77
66 73 78 79
68 75 80 81
70 77 82 83
72 79 84 85
74 81 86 87
76 83 88 89
78 85 90 91
0 1 80 87
2 3 82 89
4 5 84 91
1 6 7 86
3 8 9 88
5 10 11 90
0 7 12 13
2 9 14 15
4 11 16 17
6 13 18 19
8 15 20 21
10 17 22 23
12 19 24 25
14 21 26 27
16 23 28 29
18 25 30 31
20 27 32 33
22 29 34 35
24 31 36 37
26 33 38 39
28 35 40 41
30 37 42 43
32 39 44 45
34 41 46 47
46 49 61 69
48 51 63 71
50 53 65 73
52 55 67 75
54 57 69 77
56 59 71 79
58 61 73 81
60 63 75 83
62 65 77 85
64 67 79 87
66 69 81 89
68 71 83 91
1 70 73 85
3 72 75 87
5 74 77 89
7 76 79 91
1 9 78 81
3 11 80 83
5 13 82 85
7 15 84 87
9 17 86 89
11 19 88 91
1 13 21 90
0 3 15 23
2 5 17 25
4 7 19 27
6 9 21 29
8 11 23 31
10 13 25 33
12 15 27 35
14 17 29 37
16 19 31 39
18 21 33 41
20 23 35 43
22 25 37 45
24 27 39 47
26 29 41 49
28 31 43 51
30 33 45 53
32 35 47 55
34 37 49 57
36 39 51 59
38 41 53 61
40 43 55 63
42 45 57 65
44 47 59 67
30 56 60 70
32 58 62 72
34 60 64 74
36 62 66 76
38 64 68 78
40 66 70 80
42 68 72 82
44 70 74 84
46 72 76 86
48 74 78 88
50 76 80 90
0 52 78 82
2 54 80 84
4 56 82 86
6 58 84 88
8 60 86 90
0 10 62 88
2 12 64 90
0 4 14 66
2 6 16 68
4 8 18 70
6 10 20 72
8 12 22 74
10 14 24 76
12 16 26 78
14 18 28 80
16 20 30 82
18 22 32 84
20 24 34 86
22 26 36 88
24 28 38 90
0 26 30 40
2 28 32 42
4 30 34 44
6 32 36 46
8 34 38 48
10 36 40 50
12 38 42 52
14 40 44 54
16 42 46 56
18 44 48 58
20 46 50 60
22 48 52 62
24 50 54 64
26 52 56 66
28 54 58 68
23 42 64 85
25 44 66 87
27 46 68 89
29 48 70 91
1 31 50 72
3 33 52 74
5 35 54 76
7 37 56 78
9 39 58 80
11 41 60 82
13 43 62 84
15 45 64 86
17 47 66 88
19 49 68 90
0 21 51 70
2 23 53 72
4 25 55 74
6 27 57 76
8 29 59 78
10 31 61 80
12 33 63 82
14 35 65 84
16 37 67 86
18 39 69 88
20 41 71 90
0 22 43 73
2 24 45 75
4 26 47 77
6 28 49 79
8 30 51 81
10 32 53 83
12 34 55 85
14 36 57 87
16 38 59 89
18 40 61 91
1 20 42 63
3 22 44 65
5 24 46 67
7 26 48 69
9 28 50 71
11 30 52 73
13 32 54 75
15 34 56 77
17 36 58 79
19 38 60 81
21 40 62 83
8 45 69 80
10 47 71 82
12 49 73 84
14 51 75 86
16 53 77 88
18 55 79 90
0 20 57 81
2 22 59 83
4 24 61 85
6 26 63 87
8 28 65 89
10 30 67 91
1 12 32 69
3 14 34 71
5 16 36 73
7 18 38 75
9 20 40 77
11 22 42 79
13 24 44 81
15 26 46 83
17 28 48 85
19 30 50 87
21 32 52 89
23 34 54 91
1 25 36 56
3 27 38 58
5 29 40 60
7 31 42 62
9 33 44 64
11 35 46 66
13 37 48 68
15 39 50 70
17 41 52 72
19 43 54 74
21 45 56 76
23 47 58 78
25 49 60 80
27 51 62 82
29 53 64 84
31 55 66 86
33 57 68 88
35 59 70 90
0 37 61 72
2 39 63 74
4 41 65 76
6 43 67 78
6 17 38 55
8 19 40 57
10 21 42 59
12 23 44 61
14 25 46 63
16 27 48 65
18 29 50 67
20 31 52 69
22 33 54 71
24 35 56 73
26 37 58 75
28 39 60 77
30 41 62 79
32 43 64 81
34 45 66 83
36 47 68 85
38 49 70 87
40 51 72 89
42 53 74 91
1 44 55 76
3 46 57 78
5 48 59 80
7 50 61 82
9 52 63 84
11 54 65 86
13 56 67 88
15 58 69 90
0 17 60 71
2 19 62 73
4 21 64 75
6 23 66 77
8 25 68 79
10 27 70 81
12 29 72 83
14 31 74 85
16 33 76 87
18 35 78 89
20 37 80 91
1 22 39 82
3 24 41 84
5 26 43 86
7 28 45 88
9 30 47 90
0 11 32 49
2 13 34 51
4 15 36 53
11 26 50 85
13 28 52 87
15 30 54 89
17 32 56 91
1 19 34 58
3 21 36 60
5 23 38 62
7 25 40 64
9 27 42 66
11 29 44 68
13 31 46 70
15 33 48 72
17 35 50 74
19 37 52 76
21 39 54 78
23 41 56 80
25 43 58 82
27 45 60 84
29 47 62 86
31 49 64 88
33 51 66 90
0 35 53 68
2 37 55 70
4 39 57 72
6 41 59 74
8 43 61 76
10 45 63 78
12 47 65 80
14 49 67 82
16 51 69 84
18 53 71 86
20 55 73 88
22 57 75 90
0 24 59 77
2 26 61 79
4 28 63 81
6 30 65 83
8 32 67 85
10 34 69 87
12 36 71 89
14 38 73 91
1 16 40 75
3 18 42 77
5 20 44 79
7 22 46 81
9 24 48 83
14 33 35 61
16 35 37 63
18 37 39 65
20 39 41 67
22 41 43 69
24 43 45 71
26 45 47 73
28 47 49 75
30 49 51 77
32 51 53 79
34 53 55 81
36 55 57 83
38 57 59 85
40 59 61 87
42 61 63 89
44 63 65 91
1 46 65 67
3 48 67 69
5 50 69 71
7 52 71 73
9 54 73 75
11 56 75 77
13 58 77 79
15 60 79 81
17 62 81 83
19 64 83 85
21 66 85 87
23 68 87 89
25 70 89 91
1 27 72 91
1 3 29 74
3 5 31 76
5 7 33 78
7 9 35 80
9 11 37 82
11 13 39 84
13 15 41 86
15 17 43 88
17 19 45 90
0 19 21 47
2 21 23 49
4 23 25 51
6 25 27 53
8 27 29 55
10 29 31 57
12 31 33 59
8 56 62 64
10 58 64 66
12 60 66 68
14 62 68 70
16 64 70 72
18 66 72 74
20 68 74 76
22 70 76 78
24 72 78 80
26 74 80 82
28 76 82 84
30 78 84 86
32 80 86 88
34 82 88 90
0 36 84 90
0 2 38 86
2 4 40 88
4 6 42 90
0 6 8 44
2 8 10 46
4 10 12 48
6 12 14 50
8 14 16 52
10 16 18 54
12 18 20 56
14 20 22 58
16 22 24 60
18 24 26 62
20 26 28 64
22 28 30 66
24 30 32 68
26 32 34 70
28 34 36 72
30 36 38 74
32 38 40 76
34 40 42 78
36 42 44 80
38 44 46 82
40 46 48 84
42 48 50 86
44 50 52 88
46 52 54 90
0 48 54 56
2 50 56 58
4 52 58 60
6 54 60 62
17 24 33 42
19 26 35 44
21 28 37 46
23 30 39 48
25 32 41 50
27 34 43 52
29 36 45 54
31 38 47 56
33 40 49 58
35 42 51 60
37 44 53 62
39 46 55 64
41 48 57 66
43 50 59 68
45 52 61 70
47 54 63 72
49 56 65 74
51 58 67 76
53 60 69 78
55 62 71 80
57 64 73 82
59 66 75 84
61 68 77 86
63 70 79 88
65 72 81 90
0 67 74 83
2 69 76 85
4 71 78 87
6 73 80 89
8 75 82 91
1 10 77 84
3 12 79 86
5 14 81 88
7 16 83 90
0 9 18 85
2 11 20 87
4 13 22 89
6 15 24 91
1 8 17 26
3 10 19 28
5 12 21 30
7 14 23 32
9 16 25 34
11 18 27 36
13 20 29 38
15 22 31 40
9 19 36 61
11 21 38 63
13 23 40 65
15 25 42 67
17 27 44 69
19 29 46 71
21 31 48 73
23 33 50 75
25 35 52 77
27 37 54 79
29 39 56 81
31 41 58 83
33 43 60 85
35 45 62 87
37 47 64 89
39 49 66 91
1 41 51 68
3 43 53 70
5 45 55 72
7 47 57 74
9 49 59 76
11 51 61 78
13 53 63 80
15 55 65 82
17 57 67 84
19 59 69 86
21 61 71 88
23 63 73 90
0 25 65 75
2 27 67 77
4 29 69 79
6 31 71 81
8 33 73 83
10 35 75 85
12 37 77 87
14 39 79 89
16 41 81 91
1 18 43 83
3 20 45 85
5 22 47 87
7 24 49 89
9 26 51 91
1 11 28 53
3 13 30 55
5 15 32 57
7 17 34 59
17 39 40 68
19 41 42 70
21 43 44 72
23 45 46 74
25 47 48 76
27 49 50 78
29 51 52 80
31 53 54 82
33 55 56 84
35 57 58 86
37 59 60 88
39 61 62 90
0 41 63 64
2 43 65 66
4 45 67 68
6 47 69 70
8 49 71 72
10 51 73 74
12 53 75 76
14 55 77 78
16 57 79 80
18 59 81 82
20 61 83 84
22 63 85 86
24 65 87 88
26 67 89 90
0 28 69 91
1 2 30 71
3 4 32 73
5 6 34 75
7 8 36 77
9 10 38 79
11 12 40 81
13 14 42 83
15 16 44 85
17 18 46 87
19 20 48 89
21 22 50 91
1 23 24 52
3 25 26 54
5 27 28 56
7 29 30 58
9 31 32 60
11 33 34 62
13 35 36 64
15 37 38 66
28 33 70 86
30 35 72 88
32 37 74 90
0 34 39 76
2 36 41 78
4 38 43 80
6 40 45 82
8 42 47 84
10 44 49 86
12 46 51 88
14 48 53 90
0 16 50 55
2 18 52 57
4 20 54 59
6 22 56 61
8 24 58 63
10 26 60 65
12 28 62 67
14 30 64 69
16 32 66 71
18 34 68 73
20 36 70 75
22 38 72 77
24 40 74 79
26 42 76 81
28 44 78 83
30 46 80 85
32 48 82 87
34 50 84 89
36 52 86 91
1 38 54 88
3 40 56 90
0 5 42 58
2 7 44 60
4 9 46 62
6 11 48 64
8 13 50 66
10 15 52 68
12 17 54 70
14 19 56 72
16 21 58 74
18 23 60 76
20 25 62 78
22 27 64 80
24 29 66 82
26 31 68 84
25 29 85 88
27 31 87 90
0 29 33 89
2 31 35 91
1 4 33 37
3 6 35 39
5 8 37 41
7 10 39 43
9 12 41 45
11 14 43 47
13 16 45 49
15 18 47 51
17 20 49 53
19 22 51 55
21 24 53 57
23 26 55 59
25 28 57 61
27 30 59 63
29 32 61 65
31 34 63 67
33 36 65 69
35 38 67 71
37 40 69 73
39 42 71 75
41 44 73 77
43 46 75 79
45 48 77 81
47 50 79 83
49 52 81 85
51 54 83 87
53 56 85 89
55 58 87 91
1 57 60 89
3 59 62 91
1 5 61 64
3 7 63 66
5 9 65 68
7 11 67 70
9 13 69 72
11 15 71 74
13 17 73 76
15 19 75 78
17 21 77 80
19 23 79 82
21 25 81 84
23 27 83 86
10 37 56 83
3 22 49 68
23 42 69 88
18 45 64 91
2 29 48 75
13 32 59 78
14 41 60 87
19 38 65 84
25 44 71 90
9 28 55 74
5 24 51 70
11 30 57 76
15 34 61 80
21 40 67 86
0 27 46 73
1 20 47 66
8 35 54 81
7 26 53 72
16 43 62 89
4 31 50 77
17 36 63 82
12 39 58 85
6 33 52 79
