0 4 6 10 23 28 56 73 82 84
0 1 13 18 36 39 55 57 62 66
2 8 9 11 30 38 43 47 54 92
2 3 37 44 48 62 64 70 85 91
5 18 20 24 28 35 37 53 71 76
7 24 30 32 36 63 89 90 91 92
8 11 19 24 40 41 43 46 48 59
8 12 14 32 34 52 65 74 76 82
5 13 15 17 22 29 47 52 59 68
16 18 23 33 41 49 50 64 65 83
2 12 16 21 47 60 71 73 79 87
10 13 18 25 27 44 51 54 72 80
11 14 21 28 36 41 58 60 62 83
4 17 19 20 38 42 45 61 62 92
11 20 22 23 57 67 69 77 87 88
9 41 42 63 67 68 72 79 81 84
2 10 18 26 31 45 67 75 84 91
22 38 40 51 55 78 81 83 84 90
3 8 15 31 36 50 61 77 79 87
7 10 15 20 21 33 34 43 55 70
6 15 25 30 62 64 67 71 74 86
3 17 21 23 51 54 56 66 74 75
21 28 31 39 46 53 68 77 80 85
12 27 28 29 43 62 63 75 83 88
1 34 42 56 58 59 71 77 83 91
0 9 22 24 25 34 60 61 79 85
1 4 7 31 50 69 70 78 80 81
4 7 13 40 42 54 65 76 85 87
4 9 15 16 19 44 58 66 77 88
1 9 13 35 46 50 56 75 82 90
11 27 29 37 46 51 52 61 66 89
23 30 32 35 45 59 60 62 72 78
12 15 28 37 40 49 57 72 91 92
10 11 40 50 53 60 63 66 70 86
1 6 22 33 44 45 58 76 79 92
0 3 27 30 45 46 58 65 81 87
0 41 45 52 54 70 71 77 88 90
5 7 14 27 38 39 49 56 67 73
17 37 47 55 63 64 77 80 82 89
0 16 31 35 39 42 48 51 63 74
8 16 25 45 47 51 53 56 57 78
24 55 65 69 71 72 73 75 86 89
2 3 5 28 32 42 50 52 55 66
18 21 25 32 40 61 68 81 82 88
30 36 49 52 53 54 61 69 80 84
9 33 36 37 38 59 74 75 80 87
20 29 30 31 41 44 50 76 78 82
0 7 12 17 21 44 53 59 64 84
1 6 11 12 20 31 65 68 89 90
1 4 21 26 48 52 67 72 76 83
6 14 24 47 50 51 79 80 88 91
0 2 31 33 34 46 57 80 86 92
23 26 32 43 66 68 71 80 85 92
17 43 50 57 73 74 76 81 90 91
7 10 29 38 46 60 64 67 76 88
5 10 19 30 46 57 74 79 83 89
12 24 33 48 66 67 75 77 78 81
4 14 44 57 59 61 63 71 75 90
14 15 18 26 42 56 60 69 70 89
5 6 17 18 34 46 63 78 87 92
8 13 14 23 37 45 81 83 85 86
2 4 22 27 41 53 74 78 89 91
19 20 23 25 39 52 60 75 87 91
15 21 22 45 48 56 63 65 80 82
13 16 24 26 28 34 38 44 49 70
35 36 44 47 61 65 67 70 83 92
9 20 26 27 32 40 52 56 64 79
20 39 43 49 54 59 78 79 82 86
1 9 10 16 17 32 41 61 86 87
5 8 26 50 53 54 58 62 67 84
1 14 19 24 33 42 47 53 72 82
6 8 19 21 27 42 50 57 64 85
10 24 29 31 33 52 56 62 81 92
1 11 25 29 35 49 55 74 79 88
1 8 18 22 30 34 36 63 73 88
6 11 13 19 32 33 38 71 77 84
11 16 30 42 55 61 75 76 80 91
9 29 34 39 40 45 50 71 72 89
2 15 17 23 24 35 39 80 83 90
4 12 20 25 37 38 50 63 83 86
0 5 9 14 21 29 65 78 86 91
12 14 22 28 31 54 64 72 81 87
5 9 12 19 23 45 51 55 61 70
17 25 26 30 33 37 39 65 84 88
23 27 34 47 48 55 58 68 84 86
7 14 16 39 46 51 62 68 77 92
16 17 27 31 36 55 60 67 71 82
18 40 47 59 60 74 76 77 84 92
0 19 22 32 37 43 50 67 68 69
13 21 30 31 34 37 41 67 79 90
9 25 31 59 66 69 70 73 76 83
2 7 19 36 56 68 76 78 86 88
3 7 25 35 38 41 52 57 58 89
15 32 34 41 51 53 64 73 75 92
0 6 7 26 54 61 66 72 74 83
10 12 22 26 36 42 43 46 71 78
4 10 11 24 36 45 64 68 73 74
1 5 23 31 38 40 48 54 88 89
3 6 10 12 39 41 47 55 69 85
14 15 20 36 46 48 66 73 84 85
5 13 58 70 72 74 82 85 88 92
4 6 18 30 43 48 49 52 77 86
2 20 21 24 38 51 58 63 69 74
3 10 38 42 53 59 65 66 79 88
0 7 20 26 40 41 47 62 75 79
24 29 32 42 48 57 70 83 84 87
28 39 43 48 58 60 61 64 78 90
6 16 37 40 42 44 52 73 78 89
3 12 18 19 29 40 58 67 73 80
0 15 49 51 62 71 76 81 87 89
33 35 43 44 53 55 56 68 83 87
3 13 23 26 33 61 63 73 76 78
9 10 28 35 54 57 62 65 73 77
17 31 32 46 47 49 58 63 70 72
10 14 25 26 27 48 50 55 59 92
0 11 15 17 18 38 56 72 78 85
19 21 26 28 45 47 49 66 87 90
2 6 9 13 20 48 49 53 60 81
1 8 28 30 33 51 59 67 85 89
4 8 29 32 33 46 54 55 60 91
16 18 23 29 36 53 69 79 85 90
1 3 15 24 27 37 54 57 60 68
5 25 27 33 36 40 69 72 77 90
6 8 22 27 35 39 66 70 75 76
7 8 17 28 44 45 48 69 71 79
0 8 10 37 42 49 58 68 75 90
3 13 14 21 35 43 69 84 89 92
7 23 25 28 42 44 46 69 74 86
5 12 30 41 44 56 60 66 80 81
3 8 16 20 22 62 72 80 86 90
3 4 5 11 32 34 39 44 47 81
4 19 31 43 49 51 60 65 75 85
3 7 9 11 18 22 49 71 82 83
2 6 26 29 36 51 57 59 81 82
1 2 5 16 25 43 45 64 75 84
16 19 34 35 52 54 59 63 81 85
2 4 14 17 30 35 40 68 70 79
34 38 62 64 66 68 69 82 87 91
11 12 13 26 35 51 64 77 86 91
2 7 29 37 43 56 61 65 72 77
