13 27 53 87
14 28 54 88
15 29 55 89
16 30 56 90
17 31 57 91
18 32 58 92
0 19 33 59
1 20 34 60
2 21 35 61
3 22 36 62
4 23 37 63
5 24 38 64
6 25 39 65
7 26 40 66
8 27 41 67
9 28 42 68
10 29 43 69
11 30 44 70
12 31 45 71
13 32 46 72
14 33 47 73
15 34 48 74
16 35 49 75
17 36 50 76
18 37 51 77
19 38 52 78
20 39 53 79
21 40 54 80
22 41 55 81
23 42 56 82
24 43 57 83
25 44 58 84
26 45 59 85
27 46 60 86
28 47 61 87
29 48 62 88
30 49 63 89
31 50 64 90
32 51 65 91
33 52 66 92
0 34 53 67
1 35 54 68
2 36 55 69
3 37 56 70
4 38 57 71
5 39 58 72
6 40 59 73
7 41 60 74
8 42 61 75
9 43 62 76
10 44 63 77
11 45 64 78
12 46 65 79
13 47 66 80
14 48 67 81
15 49 68 82
16 50 69 83
17 51 70 84
18 52 71 85
19 53 72 86
20 54 73 87
21 55 74 88
22 56 75 89
23 57 76 90
24 58 77 91
25 59 78 92
0 26 60 79
1 27 61 80
2 28 62 81
3 29 63 82
4 30 64 83
5 31 65 84
6 32 66 85
7 33 67 86
8 34 68 87
9 35 69 88
10 36 70 89
11 37 71 90
12 38 72 91
13 39 73 92
0 14 40 74
1 15 41 75
2 16 42 76
3 17 43 77
4 18 44 78
5 19 45 79
6 20 46 80
7 21 47 81
8 22 48 82
9 23 49 83
10 24 50 84
11 25 51 85
12 26 52 86
7 12 28 30
8 13 29 31
9 14 30 32
10 15 31 33
11 16 32 34
12 17 33 35
13 18 34 36
14 19 35 37
15 20 36 38
16 21 37 39
17 22 38 40
18 23 39 41
19 24 40 42
20 25 41 43
21 26 42 44
22 27 43 45
23 28 44 46
24 29 45 47
25 30 46 48
26 31 47 49
27 32 48 50
28 33 49 51
29 34 50 52
30 35 51 53
31 36 52 54
32 37 53 55
33 38 54 56
34 39 55 57
35 40 56 58
36 41 57 59
37 42 58 60
38 43 59 61
39 44 60 62
40 45 61 63
41 46 62 64
42 47 63 65
43 48 64 66
44 49 65 67
45 50 66 68
46 51 67 69
47 52 68 70
48 53 69 71
49 54 70 72
50 55 71 73
51 56 72 74
52 57 73 75
53 58 74 76
54 59 75 77
55 60 76 78
56 61 77 79
57 62 78 80
58 63 79 81
59 64 80 82
60 65 81 83
61 66 82 84
62 67 83 85
63 68 84 86
64 69 85 87
65 70 86 88
66 71 87 89
67 72 88 90
68 73 89 91
69 74 90 92
0 70 75 91
1 71 76 92
0 2 72 77
1 3 73 78
2 4 74 79
3 5 75 80
4 6 76 81
5 7 77 82
6 8 78 83
7 9 79 84
8 10 80 85
9 11 81 86
10 12 82 87
11 13 83 88
12 14 84 89
13 15 85 90
14 16 86 91
15 17 87 92
0 16 18 88
1 17 19 89
2 18 20 90
3 19 21 91
4 20 22 92
0 5 21 23
1 6 22 24
2 7 23 25
3 8 24 26
4 9 25 27
5 10 26 28
6 11 27 29
0 12 22 61
1 13 23 62
2 14 24 63
3 15 25 64
4 16 26 65
5 17 27 66
6 18 28 67
7 19 29 68
8 20 30 69
9 21 31 70
10 22 32 71
11 23 33 72
12 24 34 73
13 25 35 74
14 26 36 75
15 27 37 76
16 28 38 77
17 29 39 78
18 30 40 79
19 31 41 80
20 32 42 81
21 33 43 82
22 34 44 83
23 35 45 84
24 36 46 85
25 37 47 86
26 38 48 87
27 39 49 88
28 40 50 89
29 41 51 90
30 42 52 91
31 43 53 92
0 32 44 54
1 33 45 55
2 34 46 56
3 35 47 57
4 36 48 58
5 37 49 59
6 38 50 60
7 39 51 61
8 40 52 62
9 41 53 63
10 42 54 64
11 43 55 65
12 44 56 66
13 45 57 67
14 46 58 68
15 47 59 69
16 48 60 70
17 49 61 71
18 50 62 72
19 51 63 73
20 52 64 74
21 53 65 75
22 54 66 76
23 55 67 77
24 56 68 78
25 57 69 79
26 58 70 80
27 59 71 81
28 60 72 82
29 61 73 83
30 62 74 84
31 63 75 85
32 64 76 86
33 65 77 87
34 66 78 88
35 67 79 89
36 68 80 90
37 69 81 91
38 70 82 92
0 39 71 83
1 40 72 84
2 41 73 85
3 42 74 86
4 43 75 87
5 44 76 88
6 45 77 89
7 46 78 90
8 47 79 91
9 48 80 92
0 10 49 81
1 11 50 82
2 12 51 83
3 13 52 84
4 14 53 85
5 15 54 86
6 16 55 87
7 17 56 88
8 18 57 89
9 19 58 90
10 20 59 91
11 21 60 92
1 4 42 88
2 5 43 89
3 6 44 90
4 7 45 91
5 8 46 92
0 6 9 47
1 7 10 48
2 8 11 49
3 9 12 50
4 10 13 51
5 11 14 52
6 12 15 53
7 13 16 54
8 14 17 55
9 15 18 56
10 16 19 57
11 17 20 58
12 18 21 59
13 19 22 60
14 20 23 61
15 21 24 62
16 22 25 63
17 23 26 64
18 24 27 65
19 25 28 66
20 26 29 67
21 27 30 68
22 28 31 69
23 29 32 70
24 30 33 71
25 31 34 72
26 32 35 73
27 33 36 74
28 34 37 75
29 35 38 76
30 36 39 77
31 37 40 78
32 38 41 79
33 39 42 80
34 40 43 81
35 41 44 82
36 42 45 83
37 43 46 84
38 44 47 85
39 45 48 86
40 46 49 87
41 47 50 88
42 48 51 89
43 49 52 90
44 50 53 91
45 51 54 92
0 46 52 55
1 47 53 56
2 48 54 57
3 49 55 58
4 50 56 59
5 51 57 60
6 52 58 61
7 53 59 62
8 54 60 63
9 55 61 64
10 56 62 65
11 57 63 66
12 58 64 67
13 59 65 68
14 60 66 69
15 61 67 70
16 62 68 71
17 63 69 72
18 64 70 73
19 65 71 74
20 66 72 75
21 67 73 76
22 68 74 77
23 69 75 78
24 70 76 79
25 71 77 80
26 72 78 81
27 73 79 82
28 74 80 83
29 75 81 84
30 76 82 85
31 77 83 86
32 78 84 87
33 79 85 88
34 80 86 89
35 81 87 90
36 82 88 91
37 83 89 92
0 38 84 90
1 39 85 91
2 40 86 92
0 3 41 87
26 53 61 76
27 54 62 77
28 55 63 78
29 56 64 79
30 57 65 80
31 58 66 81
32 59 67 82
33 60 68 83
34 61 69 84
35 62 70 85
36 63 71 86
37 64 72 87
38 65 73 88
39 66 74 89
40 67 75 90
41 68 76 91
42 69 77 92
0 43 70 78
1 44 71 79
2 45 72 80
3 46 73 81
4 47 74 82
5 48 75 83
6 49 76 84
7 50 77 85
8 51 78 86
9 52 79 87
10 53 80 88
11 54 81 89
12 55 82 90
13 56 83 91
14 57 84 92
0 15 58 85
1 16 59 86
2 17 60 87
3 18 61 88
4 19 62 89
5 20 63 90
6 21 64 91
7 22 65 92
0 8 23 66
1 9 24 67
2 10 25 68
3 11 26 69
4 12 27 70
5 13 28 71
6 14 29 72
7 15 30 73
8 16 31 74
9 17 32 75
10 18 33 76
11 19 34 77
12 20 35 78
13 21 36 79
14 22 37 80
15 23 38 81
16 24 39 82
17 25 40 83
18 26 41 84
19 27 42 85
20 28 43 86
21 29 44 87
22 30 45 88
23 31 46 89
24 32 47 90
25 33 48 91
26 34 49 92
0 27 35 50
1 28 36 51
2 29 37 52
3 30 38 53
4 31 39 54
5 32 40 55
6 33 41 56
7 34 42 57
8 35 43 58
9 36 44 59
10 37 45 60
11 38 46 61
12 39 47 62
13 40 48 63
14 41 49 64
15 42 50 65
16 43 51 66
17 44 52 67
18 45 53 68
19 46 54 69
20 47 55 70
21 48 56 71
22 49 57 72
23 50 58 73
24 51 59 74
25 52 60 75
30 31 60 67
31 32 61 68
32 33 62 69
33 34 63 70
34 35 64 71
35 36 65 72
36 37 66 73
37 38 67 74
38 39 68 75
39 40 69 76
40 41 70 77
41 42 71 78
42 43 72 79
43 44 73 80
44 45 74 81
45 46 75 82
46 47 76 83
47 48 77 84
48 49 78 85
49 50 79 86
50 51 80 87
51 52 81 88
52 53 82 89
53 54 83 90
54 55 84 91
55 56 85 92
0 56 57 86
1 57 58 87
2 58 59 88
3 59 60 89
4 60 61 90
5 61 62 91
6 62 63 92
0 7 63 64
1 8 64 65
2 9 65 66
3 10 66 67
4 11 67 68
5 12 68 69
6 13 69 70
7 14 70 71
8 15 71 72
9 16 72 73
10 17 73 74
11 18 74 75
12 19 75 76
13 20 76 77
14 21 77 78
15 22 78 79
16 23 79 80
17 24 80 81
18 25 81 82
19 26 82 83
20 27 83 84
21 28 84 85
22 29 85 86
23 30 86 87
24 31 87 88
25 32 88 89
26 33 89 90
27 34 90 91
28 35 91 92
0 29 36 92
0 1 30 37
1 2 31 38
2 3 32 39
3 4 33 40
4 5 34 41
5 6 35 42
6 7 36 43
7 8 37 44
8 9 38 45
9 10 39 46
10 11 40 47
11 12 41 48
12 13 42 49
13 14 43 50
14 15 44 51
15 16 45 52
16 17 46 53
17 18 47 54
18 19 48 55
19 20 49 56
20 21 50 57
21 22 51 58
22 23 52 59
23 24 53 60
24 25 54 61
25 26 55 62
26 27 56 63
27 28 57 64
28 29 58 65
29 30 59 66
17 48 65 90
18 49 66 91
19 50 67 92
0 20 51 68
1 21 52 69
2 22 53 70
3 23 54 71
4 24 55 72
5 25 56 73
6 26 57 74
7 27 58 75
8 28 59 76
9 29 60 77
10 30 61 78
11 31 62 79
12 32 63 80
13 33 64 81
14 34 65 82
15 35 66 83
16 36 67 84
17 37 68 85
18 38 69 86
19 39 70 87
20 40 71 88
21 41 72 89
22 42 73 90
23 43 74 91
24 44 75 92
0 25 45 76
1 26 46 77
2 27 47 78
3 28 48 79
4 29 49 80
5 30 50 81
6 31 51 82
7 32 52 83
8 33 53 84
9 34 54 85
10 35 55 86
11 36 56 87
12 37 57 88
13 38 58 89
14 39 59 90
15 40 60 91
16 41 61 92
0 17 42 62
1 18 43 63
2 19 44 64
3 20 45 65
4 21 46 66
5 22 47 67
6 23 48 68
7 24 49 69
8 25 50 70
9 26 51 71
10 27 52 72
11 28 53 73
12 29 54 74
13 30 55 75
14 31 56 76
15 32 57 77
16 33 58 78
17 34 59 79
18 35 60 80
19 36 61 81
20 37 62 82
21 38 63 83
22 39 64 84
23 40 65 85
24 41 66 86
25 42 67 87
26 43 68 88
27 44 69 89
28 45 70 90
29 46 71 91
30 47 72 92
0 31 48 73
1 32 49 74
2 33 50 75
3 34 51 76
4 35 52 77
5 36 53 78
6 37 54 79
7 38 55 80
8 39 56 81
9 40 57 82
10 41 58 83
11 42 59 84
12 43 60 85
13 44 61 86
14 45 62 87
15 46 63 88
16 47 64 89
41 45 58 69
42 46 59 70
43 47 60 71
44 48 61 72
45 49 62 73
46 50 63 74
47 51 64 75
48 52 65 76
49 53 66 77
50 54 67 78
51 55 68 79
52 56 69 80
53 57 70 81
54 58 71 82
55 59 72 83
56 60 73 84
57 61 74 85
58 62 75 86
59 63 76 87
60 64 77 88
61 65 78 89
62 66 79 90
63 67 80 91
64 68 81 92
0 65 69 82
1 66 70 83
2 67 71 84
3 68 72 85
4 69 73 86
5 70 74 87
6 71 75 88
7 72 76 89
8 73 77 90
9 74 78 91
10 75 79 92
0 11 76 80
1 12 77 81
2 13 78 82
3 14 79 83
4 15 80 84
5 16 81 85
6 17 82 86
7 18 83 87
8 19 84 88
9 20 85 89
10 21 86 90
11 22 87 91
12 23 88 92
0 13 24 89
1 14 25 90
2 15 26 91
3 16 27 92
0 4 17 28
1 5 18 29
2 6 19 30
3 7 20 31
4 8 21 32
5 9 22 33
6 10 23 34
7 11 24 35
8 12 25 36
9 13 26 37
10 14 27 38
11 15 28 39
12 16 29 40
13 17 30 41
14 18 31 42
15 19 32 43
16 20 33 44
17 21 34 45
18 22 35 46
19 23 36 47
20 24 37 48
21 25 38 49
22 26 39 50
23 27 40 51
24 28 41 52
25 29 42 53
26 30 43 54
27 31 44 55
28 32 45 56
29 33 46 57
30 34 47 58
31 35 48 59
32 36 49 60
33 37 50 61
34 38 51 62
35 39 52 63
36 40 53 64
37 41 54 65
38 42 55 66
39 43 56 67
40 44 57 68
