18 23 33 51 58 63 69
21 26 36 54 61 66 72
24 29 39 57 64 69 75
27 32 42 60 67 72 78
30 35 45 63 70 75 81
33 38 48 66 73 78 84
36 41 51 69 76 81 87
39 44 54 72 79 84 90
0 42 47 57 75 82 87
3 45 50 60 78 85 90
0 6 48 53 63 81 88
3 9 51 56 66 84 91
1 6 12 54 59 69 87
4 9 15 57 62 72 90
0 7 12 18 60 65 75
3 10 15 21 63 68 78
6 13 18 24 66 71 81
9 16 21 27 69 74 84
12 19 24 30 72 77 87
15 22 27 33 75 80 90
0 18 25 30 36 78 83
3 21 28 33 39 81 86
6 24 31 36 42 84 89
9 27 34 39 45 87 92
2 12 30 37 42 48 90
0 5 15 33 40 45 51
3 8 18 36 43 48 54
6 11 21 39 46 51 57
9 14 24 42 49 54 60
12 17 27 45 52 57 63
15 20 30 48 55 60 66
5 52 60 69 71 77 82
8 55 63 72 74 80 85
11 58 66 75 77 83 88
14 61 69 78 80 86 91
1 17 64 72 81 83 89
4 20 67 75 84 86 92
2 7 23 70 78 87 89
5 10 26 73 81 90 92
0 2 8 13 29 76 84
3 5 11 16 32 79 87
6 8 14 19 35 82 90
0 9 11 17 22 38 85
3 12 14 20 25 41 88
6 15 17 23 28 44 91
1 9 18 20 26 31 47
4 12 21 23 29 34 50
7 15 24 26 32 37 53
10 18 27 29 35 40 56
13 21 30 32 38 43 59
16 24 33 35 41 46 62
19 27 36 38 44 49 65
22 30 39 41 47 52 68
25 33 42 44 50 55 71
28 36 45 47 53 58 74
31 39 48 50 56 61 77
34 42 51 53 59 64 80
37 45 54 56 62 67 83
40 48 57 59 65 70 86
43 51 60 62 68 73 89
46 54 63 65 71 76 92
2 49 57 66 68 74 79
11 20 36 43 59 89 92
2 14 23 39 46 62 92
2 5 17 26 42 49 65
5 8 20 29 45 52 68
8 11 23 32 48 55 71
11 14 26 35 51 58 74
14 17 29 38 54 61 77
17 20 32 41 57 64 80
20 23 35 44 60 67 83
23 26 38 47 63 70 86
26 29 41 50 66 73 89
29 32 44 53 69 76 92
2 32 35 47 56 72 79
5 35 38 50 59 75 82
8 38 41 53 62 78 85
11 41 44 56 65 81 88
14 44 47 59 68 84 91
1 17 47 50 62 71 87
4 20 50 53 65 74 90
0 7 23 53 56 68 77
3 10 26 56 59 71 80
6 13 29 59 62 74 83
9 16 32 62 65 77 86
12 19 35 65 68 80 89
15 22 38 68 71 83 92
2 18 25 41 71 74 86
5 21 28 44 74 77 89
8 24 31 47 77 80 92
2 11 27 34 50 80 83
5 14 30 37 53 83 86
8 17 33 40 56 86 89
4 26 33 67 87 88 91
1 7 29 36 70 90 91
0 1 4 10 32 39 73
3 4 7 13 35 42 76
6 7 10 16 38 45 79
9 10 13 19 41 48 82
12 13 16 22 44 51 85
15 16 19 25 47 54 88
18 19 22 28 50 57 91
1 21 22 25 31 53 60
4 24 25 28 34 56 63
7 27 28 31 37 59 66
10 30 31 34 40 62 69
13 33 34 37 43 65 72
16 36 37 40 46 68 75
19 39 40 43 49 71 78
22 42 43 46 52 74 81
25 45 46 49 55 77 84
28 48 49 52 58 80 87
31 51 52 55 61 83 90
0 34 54 55 58 64 86
3 37 57 58 61 67 89
6 40 60 61 64 70 92
2 9 43 63 64 67 73
5 12 46 66 67 70 76
8 15 49 69 70 73 79
11 18 52 72 73 76 82
14 21 55 75 76 79 85
17 24 58 78 79 82 88
20 27 61 81 82 85 91
1 23 30 64 84 85 88
9 29 30 46 56 58 80
12 32 33 49 59 61 83
15 35 36 52 62 64 86
18 38 39 55 65 67 89
21 41 42 58 68 70 92
2 24 44 45 61 71 73
5 27 47 48 64 74 76
8 30 50 51 67 77 79
11 33 53 54 70 80 82
14 36 56 57 73 83 85
17 39 59 60 76 86 88
20 42 62 63 79 89 91
1 23 45 65 66 82 92
2 4 26 48 68 69 85
5 7 29 51 71 72 88
8 10 32 54 74 75 91
1 11 13 35 57 77 78
4 14 16 38 60 80 81
7 17 19 41 63 83 84
10 20 22 44 66 86 87
13 23 25 47 69 89 90
0 16 26 28 50 72 92
2 3 19 29 31 53 75
5 6 22 32 34 56 78
8 9 25 35 37 59 81
11 12 28 38 40 62 84
14 15 31 41 43 65 87
17 18 34 44 46 68 90
0 20 21 37 47 49 71
3 23 24 40 50 52 74
6 26 27 43 53 55 77
12 13 27 31 58 73 86
15 16 30 34 61 76 89
18 19 33 37 64 79 92
2 21 22 36 40 67 82
5 24 25 39 43 70 85
8 27 28 42 46 73 88
11 30 31 45 49 76 91
1 14 33 34 48 52 79
4 17 36 37 51 55 82
7 20 39 40 54 58 85
10 23 42 43 57 61 88
13 26 45 46 60 64 91
1 16 29 48 49 63 67
4 19 32 51 52 66 70
7 22 35 54 55 69 73
10 25 38 57 58 72 76
13 28 41 60 61 75 79
16 31 44 63 64 78 82
19 34 47 66 67 81 85
22 37 50 69 70 84 88
25 40 53 72 73 87 91
1 28 43 56 75 76 90
0 4 31 46 59 78 79
3 7 34 49 62 81 82
6 10 37 52 65 84 85
9 13 40 55 68 87 88
12 16 43 58 71 90 91
0 1 15 19 46 61 74
3 4 18 22 49 64 77
6 7 21 25 52 67 80
9 10 24 28 55 70 83
8 16 39 42 53 66 83
11 19 42 45 56 69 86
14 22 45 48 59 72 89
17 25 48 51 62 75 92
2 20 28 51 54 65 78
5 23 31 54 57 68 81
8 26 34 57 60 71 84
11 29 37 60 63 74 87
14 32 40 63 66 77 90
0 17 35 43 66 69 80
3 20 38 46 69 72 83
6 23 41 49 72 75 86
9 26 44 52 75 78 89
12 29 47 55 78 81 92
2 15 32 50 58 81 84
5 18 35 53 61 84 87
8 21 38 56 64 87 90
0 11 24 41 59 67 90
0 3 14 27 44 62 70
3 6 17 30 47 65 73
6 9 20 33 50 68 76
9 12 23 36 53 71 79
12 15 26 39 56 74 82
15 18 29 42 59 77 85
18 21 32 45 62 80 88
21 24 35 48 65 83 91
1 24 27 38 51 68 86
4 27 30 41 54 71 89
7 30 33 44 57 74 92
2 10 33 36 47 60 77
5 13 36 39 50 63 80
16 17 19 21 23 59 73
19 20 22 24 26 62 76
22 23 25 27 29 65 79
25 26 28 30 32 68 82
28 29 31 33 35 71 85
31 32 34 36 38 74 88
34 35 37 39 41 77 91
1 37 38 40 42 44 80
4 40 41 43 45 47 83
7 43 44 46 48 50 86
10 46 47 49 51 53 89
13 49 50 52 54 56 92
2 16 52 53 55 57 59
5 19 55 56 58 60 62
8 22 58 59 61 63 65
11 25 61 62 64 66 68
14 28 64 65 67 69 71
17 31 67 68 70 72 74
20 34 70 71 73 75 77
23 37 73 74 76 78 80
26 40 76 77 79 81 83
29 43 79 80 82 84 86
32 46 82 83 85 87 89
35 49 85 86 88 90 92
0 2 38 52 88 89 91
1 3 5 41 55 91 92
1 2 4 6 8 44 58
4 5 7 9 11 47 61
7 8 10 12 14 50 64
10 11 13 15 17 53 67
13 14 16 18 20 56 70
