17 47 76 78 85 88
20 50 79 81 88 91
1 23 53 82 84 91
1 4 26 56 85 87
4 7 29 59 88 90
0 7 10 32 62 91
1 3 10 13 35 65
4 6 13 16 38 68
7 9 16 19 41 71
10 12 19 22 44 74
13 15 22 25 47 77
16 18 25 28 50 80
19 21 28 31 53 83
22 24 31 34 56 86
25 27 34 37 59 89
28 30 37 40 62 92
2 31 33 40 43 65
5 34 36 43 46 68
8 37 39 46 49 71
11 40 42 49 52 74
14 43 45 52 55 77
17 46 48 55 58 80
20 49 51 58 61 83
23 52 54 61 64 86
26 55 57 64 67 89
29 58 60 67 70 92
2 32 61 63 70 73
5 35 64 66 73 76
8 38 67 69 76 79
11 41 70 72 79 82
14 44 73 75 82 85
13 44 70 86 87 92
2 16 47 73 89 90
0 5 19 50 76 92
2 3 8 22 53 79
5 6 11 25 56 82
8 9 14 28 59 85
11 12 17 31 62 88
14 15 20 34 65 91
1 17 18 23 37 68
4 20 21 26 40 71
7 23 24 29 43 74
10 26 27 32 46 77
13 29 30 35 49 80
16 32 33 38 52 83
19 35 36 41 55 86
22 38 39 44 58 89
25 41 42 47 61 92
2 28 44 45 50 64
5 31 47 48 53 67
8 34 50 51 56 70
11 37 53 54 59 73
14 40 56 57 62 76
17 43 59 60 65 79
20 46 62 63 68 82
23 49 65 66 71 85
26 52 68 69 74 88
29 55 71 72 77 91
1 32 58 74 75 80
4 35 61 77 78 83
7 38 64 80 81 86
10 41 67 83 84 89
6 41 43 45 49 63
9 44 46 48 52 66
12 47 49 51 55 69
15 50 52 54 58 72
18 53 55 57 61 75
21 56 58 60 64 78
24 59 61 63 67 81
27 62 64 66 70 84
30 65 67 69 73 87
33 68 70 72 76 90
0 36 71 73 75 79
3 39 74 76 78 82
6 42 77 79 81 85
9 45 80 82 84 88
12 48 83 85 87 91
1 15 51 86 88 90
0 4 18 54 89 91
1 3 7 21 57 92
2 4 6 10 24 60
5 7 9 13 27 63
8 10 12 16 30 66
11 13 15 19 33 69
14 16 18 22 36 72
17 19 21 25 39 75
20 22 24 28 42 78
23 25 27 31 45 81
26 28 30 34 48 84
29 31 33 37 51 87
32 34 36 40 54 90
0 35 37 39 43 57
3 38 40 42 46 60
27 42 43 69 90 92
0 2 30 45 46 72
3 5 33 48 49 75
6 8 36 51 52 78
9 11 39 54 55 81
12 14 42 57 58 84
15 17 45 60 61 87
18 20 48 63 64 90
0 21 23 51 66 67
3 24 26 54 69 70
6 27 29 57 72 73
9 30 32 60 75 76
12 33 35 63 78 79
15 36 38 66 81 82
18 39 41 69 84 85
21 42 44 72 87 88
24 45 47 75 90 91
0 1 27 48 50 78
3 4 30 51 53 81
6 7 33 54 56 84
9 10 36 57 59 87
12 13 39 60 62 90
0 15 16 42 63 65
3 18 19 45 66 68
6 21 22 48 69 71
9 24 25 51 72 74
12 27 28 54 75 77
15 30 31 57 78 80
18 33 34 60 81 83
21 36 37 63 84 86
24 39 40 66 87 89
4 25 34 44 49 69
7 28 37 47 52 72
10 31 40 50 55 75
13 34 43 53 58 78
16 37 46 56 61 81
19 40 49 59 64 84
22 43 52 62 67 87
25 46 55 65 70 90
0 28 49 58 68 73
3 31 52 61 71 76
6 34 55 64 74 79
9 37 58 67 77 82
12 40 61 70 80 85
15 43 64 73 83 88
18 46 67 76 86 91
1 21 49 70 79 89
4 24 52 73 82 92
2 7 27 55 76 85
5 10 30 58 79 88
8 13 33 61 82 91
1 11 16 36 64 85
4 14 19 39 67 88
7 17 22 42 70 91
1 10 20 25 45 73
4 13 23 28 48 76
7 16 26 31 51 79
10 19 29 34 54 82
13 22 32 37 57 85
16 25 35 40 60 88
19 28 38 43 63 91
1 22 31 41 46 66
0 1 14 55 83 87
3 4 17 58 86 90
0 6 7 20 61 89
3 9 10 23 64 92
2 6 12 13 26 67
5 9 15 16 29 70
8 12 18 19 32 73
11 15 21 22 35 76
14 18 24 25 38 79
17 21 27 28 41 82
20 24 30 31 44 85
23 27 33 34 47 88
26 30 36 37 50 91
1 29 33 39 40 53
4 32 36 42 43 56
7 35 39 45 46 59
10 38 42 48 49 62
13 41 45 51 52 65
16 44 48 54 55 68
19 47 51 57 58 71
22 50 54 60 61 74
25 53 57 63 64 77
28 56 60 66 67 80
31 59 63 69 70 83
34 62 66 72 73 86
37 65 69 75 76 89
40 68 72 78 79 92
2 43 71 75 81 82
5 46 74 78 84 85
8 49 77 81 87 88
11 52 80 84 90 91
6 28 31 32 35 91
1 9 31 34 35 38
4 12 34 37 38 41
7 15 37 40 41 44
10 18 40 43 44 47
13 21 43 46 47 50
16 24 46 49 50 53
19 27 49 52 53 56
22 30 52 55 56 59
25 33 55 58 59 62
28 36 58 61 62 65
31 39 61 64 65 68
34 42 64 67 68 71
37 45 67 70 71 74
40 48 70 73 74 77
43 51 73 76 77 80
46 54 76 79 80 83
49 57 79 82 83 86
52 60 82 85 86 89
55 63 85 88 89 92
2 58 66 88 91 92
1 2 5 61 69 91
1 4 5 8 64 72
4 7 8 11 67 75
7 10 11 14 70 78
10 13 14 17 73 81
13 16 17 20 76 84
16 19 20 23 79 87
19 22 23 26 82 90
0 22 25 26 29 85
3 25 28 29 32 88
10 15 51 53 68 85
13 18 54 56 71 88
16 21 57 59 74 91
1 19 24 60 62 77
4 22 27 63 65 80
7 25 30 66 68 83
10 28 33 69 71 86
13 31 36 72 74 89
16 34 39 75 77 92
2 19 37 42 78 80
5 22 40 45 81 83
8 25 43 48 84 86
11 28 46 51 87 89
14 31 49 54 90 92
0 2 17 34 52 57
3 5 20 37 55 60
6 8 23 40 58 63
9 11 26 43 61 66
12 14 29 46 64 69
15 17 32 49 67 72
18 20 35 52 70 75
21 23 38 55 73 78
24 26 41 58 76 81
27 29 44 61 79 84
30 32 47 64 82 87
33 35 50 67 85 90
0 36 38 53 70 88
3 39 41 56 73 91
1 6 42 44 59 76
4 9 45 47 62 79
7 12 48 50 65 82
5 23 30 42 77 89
8 26 33 45 80 92
2 11 29 36 48 83
5 14 32 39 51 86
8 17 35 42 54 89
11 20 38 45 57 92
2 14 23 41 48 60
5 17 26 44 51 63
8 20 29 47 54 66
11 23 32 50 57 69
14 26 35 53 60 72
17 29 38 56 63 75
20 32 41 59 66 78
23 35 44 62 69 81
26 38 47 65 72 84
29 41 50 68 75 87
32 44 53 71 78 90
0 35 47 56 74 81
3 38 50 59 77 84
6 41 53 62 80 87
9 44 56 65 83 90
0 12 47 59 68 86
3 15 50 62 71 89
6 18 53 65 74 92
2 9 21 56 68 77
5 12 24 59 71 80
8 15 27 62 74 83
11 18 30 65 77 86
14 21 33 68 80 89
17 24 36 71 83 92
2 20 27 39 74 86
10 39 48 61 72 88
13 42 51 64 75 91
1 16 45 54 67 78
4 19 48 57 70 81
7 22 51 60 73 84
10 25 54 63 76 87
13 28 57 66 79 90
0 16 31 60 69 82
3 19 34 63 72 85
6 22 37 66 75 88
9 25 40 69 78 91
1 12 28 43 72 81
4 15 31 46 75 84
7 18 34 49 78 87
10 21 37 52 81 90
0 13 24 40 55 84
3 16 27 43 58 87
6 19 30 46 61 90
0 9 22 33 49 64
3 12 25 36 52 67
6 15 28 39 55 70
9 18 31 42 58 73
12 21 34 45 61 76
15 24 37 48 64 79
18 27 40 51 67 82
21 30 43 54 70 85
24 33 46 57 73 88
27 36 49 60 76 91
1 30 39 52 63 79
4 33 42 55 66 82
7 36 45 58 69 85
8 44 57 60 68 91
1 11 47 60 63 71
4 14 50 63 66 74
7 17 53 66 69 77
10 20 56 69 72 80
13 23 59 72 75 83
16 26 62 75 78 86
19 29 65 78 81 89
22 32 68 81 84 92
2 25 35 71 84 87
5 28 38 74 87 90
0 8 31 41 77 90
0 3 11 34 44 80
3 6 14 37 47 83
6 9 17 40 50 86
9 12 20 43 53 89
12 15 23 46 56 92
2 15 18 26 49 59
5 18 21 29 52 62
8 21 24 32 55 65
11 24 27 35 58 68
14 27 30 38 61 71
17 30 33 41 64 74
20 33 36 44 67 77
23 36 39 47 70 80
26 39 42 50 73 83
29 42 45 53 76 86
32 45 48 56 79 89
35 48 51 59 82 92
2 38 51 54 62 85
5 41 54 57 65 88
