17 67 68 71 76
18 68 69 72 77
19 69 70 73 78
20 70 71 74 79
21 71 72 75 80
22 72 73 76 81
23 73 74 77 82
24 74 75 78 83
25 75 76 79 84
26 76 77 80 85
27 77 78 81 86
28 78 79 82 87
29 79 80 83 88
30 80 81 84 89
31 81 82 85 90
32 82 83 86 91
33 83 84 87 92
0 34 84 85 88
1 35 85 86 89
2 36 86 87 90
3 37 87 88 91
4 38 88 89 92
0 5 39 89 90
1 6 40 90 91
2 7 41 91 92
0 3 8 42 92
0 1 4 9 43
1 2 5 10 44
2 3 6 11 45
3 4 7 12 46
4 5 8 13 47
5 6 9 14 48
6 7 10 15 49
7 8 11 16 50
8 9 12 17 51
9 10 13 18 52
10 11 14 19 53
11 12 15 20 54
12 13 16 21 55
13 14 17 22 56
14 15 18 23 57
15 16 19 24 58
16 17 20 25 59
17 18 21 26 60
18 19 22 27 61
19 20 23 28 62
20 21 24 29 63
21 22 25 30 64
22 23 26 31 65
23 24 27 32 66
24 25 28 33 67
25 26 29 34 68
26 27 30 35 69
27 28 31 36 70
28 29 32 37 71
29 30 33 38 72
30 31 34 39 73
31 32 35 40 74
32 33 36 41 75
33 34 37 42 76
34 35 38 43 77
35 36 39 44 78
36 37 40 45 79
37 38 41 46 80
38 39 42 47 81
39 40 43 48 82
40 41 44 49 83
41 42 45 50 84
42 43 46 51 85
43 44 47 52 86
44 45 48 53 87
45 46 49 54 88
46 47 50 55 89
47 48 51 56 90
48 49 52 57 91
49 50 53 58 92
0 50 51 54 59
1 51 52 55 60
2 52 53 56 61
3 53 54 57 62
4 54 55 58 63
5 55 56 59 64
6 56 57 60 65
7 57 58 61 66
8 58 59 62 67
9 59 60 63 68
10 60 61 64 69
11 61 62 65 70
12 62 63 66 71
13 63 64 67 72
14 64 65 68 73
15 65 66 69 74
16 66 67 70 75
0 20 31 44 76
1 21 32 45 77
2 22 33 46 78
3 23 34 47 79
4 24 35 48 80
5 25 36 49 81
6 26 37 50 82
7 27 38 51 83
8 28 39 52 84
9 29 40 53 85
10 30 41 54 86
11 31 42 55 87
12 32 43 56 88
13 33 44 57 89
14 34 45 58 90
15 35 46 59 91
16 36 47 60 92
0 17 37 48 61
1 18 38 49 62
2 19 39 50 63
3 20 40 51 64
4 21 41 52 65
5 22 42 53 66
6 23 43 54 67
7 24 44 55 68
8 25 45 56 69
9 26 46 57 70
10 27 47 58 71
11 28 48 59 72
12 29 49 60 73
13 30 50 61 74
14 31 51 62 75
15 32 52 63 76
16 33 53 64 77
17 34 54 65 78
18 35 55 66 79
19 36 56 67 80
20 37 57 68 81
21 38 58 69 82
22 39 59 70 83
23 40 60 71 84
24 41 61 72 85
25 42 62 73 86
26 43 63 74 87
27 44 64 75 88
28 45 65 76 89
29 46 66 77 90
30 47 67 78 91
31 48 68 79 92
0 32 49 69 80
1 33 50 70 81
2 34 51 71 82
3 35 52 72 83
4 36 53 73 84
5 37 54 74 85
6 38 55 75 86
7 39 56 76 87
8 40 57 77 88
9 41 58 78 89
10 42 59 79 90
11 43 60 80 91
12 44 61 81 92
0 13 45 62 82
1 14 46 63 83
2 15 47 64 84
3 16 48 65 85
4 17 49 66 86
5 18 50 67 87
6 19 51 68 88
7 20 52 69 89
8 21 53 70 90
9 22 54 71 91
10 23 55 72 92
0 11 24 56 73
1 12 25 57 74
2 13 26 58 75
3 14 27 59 76
4 15 28 60 77
5 16 29 61 78
6 17 30 62 79
7 18 31 63 80
8 19 32 64 81
9 20 33 65 82
10 21 34 66 83
11 22 35 67 84
12 23 36 68 85
13 24 37 69 86
14 25 38 70 87
15 26 39 71 88
16 27 40 72 89
17 28 41 73 90
18 29 42 74 91
19 30 43 75 92
54 56 60 79 89
55 57 61 80 90
56 58 62 81 91
57 59 63 82 92
0 58 60 64 83
1 59 61 65 84
2 60 62 66 85
3 61 63 67 86
4 62 64 68 87
5 63 65 69 88
6 64 66 70 89
7 65 67 71 90
8 66 68 72 91
9 67 69 73 92
0 10 68 70 74
1 11 69 71 75
2 12 70 72 76
3 13 71 73 77
4 14 72 74 78
5 15 73 75 79
6 16 74 76 80
7 17 75 77 81
8 18 76 78 82
9 19 77 79 83
10 20 78 80 84
11 21 79 81 85
12 22 80 82 86
13 23 81 83 87
14 24 82 84 88
15 25 83 85 89
16 26 84 86 90
17 27 85 87 91
18 28 86 88 92
0 19 29 87 89
1 20 30 88 90
2 21 31 89 91
3 22 32 90 92
0 4 23 33 91
1 5 24 34 92
0 2 6 25 35
1 3 7 26 36
2 4 8 27 37
3 5 9 28 38
4 6 10 29 39
5 7 11 30 40
6 8 12 31 41
7 9 13 32 42
8 10 14 33 43
9 11 15 34 44
10 12 16 35 45
11 13 17 36 46
12 14 18 37 47
13 15 19 38 48
14 16 20 39 49
15 17 21 40 50
16 18 22 41 51
17 19 23 42 52
18 20 24 43 53
19 21 25 44 54
20 22 26 45 55
21 23 27 46 56
22 24 28 47 57
23 25 29 48 58
24 26 30 49 59
25 27 31 50 60
26 28 32 51 61
27 29 33 52 62
28 30 34 53 63
29 31 35 54 64
30 32 36 55 65
31 33 37 56 66
32 34 38 57 67
33 35 39 58 68
34 36 40 59 69
35 37 41 60 70
36 38 42 61 71
37 39 43 62 72
38 40 44 63 73
39 41 45 64 74
40 42 46 65 75
41 43 47 66 76
42 44 48 67 77
43 45 49 68 78
44 46 50 69 79
45 47 51 70 80
46 48 52 71 81
47 49 53 72 82
48 50 54 73 83
49 51 55 74 84
50 52 56 75 85
51 53 57 76 86
52 54 58 77 87
53 55 59 78 88
10 28 37 63 75
11 29 38 64 76
12 30 39 65 77
13 31 40 66 78
14 32 41 67 79
15 33 42 68 80
16 34 43 69 81
17 35 44 70 82
18 36 45 71 83
19 37 46 72 84
20 38 47 73 85
21 39 48 74 86
22 40 49 75 87
23 41 50 76 88
24 42 51 77 89
25 43 52 78 90
26 44 53 79 91
27 45 54 80 92
0 28 46 55 81
1 29 47 56 82
2 30 48 57 83
3 31 49 58 84
4 32 50 59 85
5 33 51 60 86
6 34 52 61 87
7 35 53 62 88
8 36 54 63 89
9 37 55 64 90
10 38 56 65 91
11 39 57 66 92
0 12 40 58 67
1 13 41 59 68
2 14 42 60 69
3 15 43 61 70
4 16 44 62 71
5 17 45 63 72
6 18 46 64 73
7 19 47 65 74
8 20 48 66 75
9 21 49 67 76
10 22 50 68 77
11 23 51 69 78
12 24 52 70 79
13 25 53 71 80
14 26 54 72 81
15 27 55 73 82
16 28 56 74 83
17 29 57 75 84
18 30 58 76 85
19 31 59 77 86
20 32 60 78 87
21 33 61 79 88
22 34 62 80 89
23 35 63 81 90
24 36 64 82 91
25 37 65 83 92
0 26 38 66 84
1 27 39 67 85
2 28 40 68 86
3 29 41 69 87
4 30 42 70 88
5 31 43 71 89
6 32 44 72 90
7 33 45 73 91
8 34 46 74 92
0 9 35 47 75
1 10 36 48 76
2 11 37 49 77
3 12 38 50 78
4 13 39 51 79
5 14 40 52 80
6 15 41 53 81
7 16 42 54 82
8 17 43 55 83
9 18 44 56 84
10 19 45 57 85
11 20 46 58 86
12 21 47 59 87
13 22 48 60 88
14 23 49 61 89
15 24 50 62 90
16 25 51 63 91
17 26 52 64 92
0 18 27 53 65
1 19 28 54 66
2 20 29 55 67
3 21 30 56 68
4 22 31 57 69
5 23 32 58 70
6 24 33 59 71
7 25 34 60 72
8 26 35 61 73
9 27 36 62 74
15 31 45 52 67
16 32 46 53 68
17 33 47 54 69
18 34 48 55 70
19 35 49 56 71
20 36 50 57 72
21 37 51 58 73
22 38 52 59 74
23 39 53 60 75
24 40 54 61 76
25 41 55 62 77
26 42 56 63 78
27 43 57 64 79
28 44 58 65 80
29 45 59 66 81
30 46 60 67 82
31 47 61 68 83
32 48 62 69 84
33 49 63 70 85
34 50 64 71 86
35 51 65 72 87
36 52 66 73 88
37 53 67 74 89
38 54 68 75 90
39 55 69 76 91
40 56 70 77 92
0 41 57 71 78
1 42 58 72 79
2 43 59 73 80
3 44 60 74 81
4 45 61 75 82
5 46 62 76 83
6 47 63 77 84
7 48 64 78 85
8 49 65 79 86
9 50 66 80 87
10 51 67 81 88
11 52 68 82 89
12 53 69 83 90
13 54 70 84 91
14 55 71 85 92
0 15 56 72 86
1 16 57 73 87
2 17 58 74 88
3 18 59 75 89
4 19 60 76 90
5 20 61 77 91
6 21 62 78 92
0 7 22 63 79
1 8 23 64 80
2 9 24 65 81
3 10 25 66 82
4 11 26 67 83
5 12 27 68 84
6 13 28 69 85
7 14 29 70 86
8 15 30 71 87
9 16 31 72 88
10 17 32 73 89
11 18 33 74 90
12 19 34 75 91
13 20 35 76 92
0 14 21 36 77
1 15 22 37 78
2 16 23 38 79
3 17 24 39 80
4 18 25 40 81
5 19 26 41 82
6 20 27 42 83
7 21 28 43 84
8 22 29 44 85
9 23 30 45 86
10 24 31 46 87
11 25 32 47 88
12 26 33 48 89
13 27 34 49 90
14 28 35 50 91
15 29 36 51 92
0 16 30 37 52
1 17 31 38 53
2 18 32 39 54
3 19 33 40 55
4 20 34 41 56
5 21 35 42 57
6 22 36 43 58
7 23 37 44 59
8 24 38 45 60
9 25 39 46 61
10 26 40 47 62
11 27 41 48 63
12 28 42 49 64
13 29 43 50 65
14 30 44 51 66
