0 12 19 47 50 54 56 69 75
0 1 11 16 32 41 44 74 87
2 4 7 25 33 43 62 71 90
2 3 13 18 34 56 78 88 92
3 5 11 14 20 30 38 59 91
6 7 17 47 65 68 70 75 89
0 8 10 26 36 45 57 90 92
9 24 28 40 56 57 67 84 87
6 8 15 24 37 62 68 69 80
5 13 21 32 33 48 51 57 63
3 15 17 23 28 36 44 52 60
1 4 5 29 36 46 49 56 89
0 21 22 31 42 55 59 71 88
4 9 14 19 23 35 58 63 81
15 20 40 45 51 55 66 86 89
6 25 26 30 53 55 72 77 88
27 32 34 37 39 60 61 76 89
7 23 27 30 50 57 78 79 82
8 18 22 28 30 48 73 76 85
10 30 34 41 42 43 46 75 81
12 22 25 34 36 66 79 83 91
15 16 39 42 53 58 64 79 92
31 46 61 62 64 66 70 82 88
3 17 29 39 40 62 75 77 85
16 35 43 51 52 67 82 89 91
34 44 45 54 64 65 67 71 80
7 14 18 19 38 49 51 72 74
3 7 16 26 31 37 66 84 85
0 4 6 24 60 78 85 86 91
2 10 14 28 31 37 50 77 83
14 40 41 51 53 69 71 73 89
1 21 23 43 47 76 80 86 92
10 11 33 40 54 58 61 72 78
1 3 12 20 28 33 53 65 82
9 17 37 38 42 48 54 86 90
20 32 42 49 52 70 73 77 84
14 43 55 56 61 68 74 79 85
8 25 31 38 52 56 65 76 81
2 45 48 59 60 69 81 82 87
7 8 11 12 39 42 52 63 86
5 19 26 42 62 65 78 83 87
6 8 18 21 41 54 82 83 84
12 13 24 26 40 43 59 70 76
15 18 27 47 77 81 84 90 91
15 29 41 50 59 63 65 72 85
2 22 38 44 53 61 63 75 84
6 33 35 42 45 46 50 74 76
4 10 17 51 59 73 79 80 88
18 22 26 29 31 33 67 69 86
2 10 16 19 20 21 27 29 68
1 2 8 34 50 51 55 58 70
11 19 23 24 31 34 45 53 73
0 2 9 39 46 65 72 73 82
5 8 17 32 66 67 71 72 81
9 13 22 25 37 39 41 49 78
24 36 37 48 58 71 74 75 88
3 35 69 70 72 79 80 83 90
7 40 44 46 48 68 83 91 92
4 12 14 15 21 34 67 77 87
5 12 18 23 55 64 68 84 90
19 27 30 31 33 36 39 80 84
11 25 28 29 42 47 51 60 66
6 16 28 34 40 49 63 88 90
6 20 30 31 51 54 85 87 92
1 15 35 54 57 60 68 73 88
10 12 18 25 44 57 58 63 89
4 9 11 32 55 75 80 82 92
2 5 24 41 45 47 52 61 79
6 27 44 56 58 59 62 66 86
7 20 36 41 55 62 63 67 76
14 22 29 32 46 52 54 57 90
13 50 52 53 66 68 75 86 87
1 7 9 16 27 59 61 69 77
0 23 27 49 67 75 83 85 88
1 26 27 38 48 52 71 78 79
4 10 22 52 57 64 69 74 85
11 12 17 31 43 45 49 58 83
21 33 37 45 56 70 73 75 91
8 9 31 60 72 75 77 79 89
3 19 49 57 61 71 76 87 91
11 21 26 28 35 64 75 81 89
9 12 30 32 38 40 45 47 85
1 5 14 16 72 75 76 82 86
19 41 48 60 66 67 70 77 92
11 17 21 46 69 76 78 79 84
8 37 46 47 53 59 67 74 78
12 16 29 37 44 55 73 78 81
21 30 37 52 58 63 65 66 69
0 14 34 35 48 62 66 68 84
3 6 11 15 19 22 43 48 50
6 10 23 29 38 39 70 71 87
4 8 13 27 28 40 42 54 82
6 19 32 43 64 65 77 78 84
17 26 27 56 63 64 73 74 82
5 14 25 40 58 60 74 80 84
21 23 25 36 42 57 61 68 72
0 9 29 33 53 64 76 80 83
0 4 16 17 18 25 45 50 61
14 18 24 33 42 44 69 77 92
5 28 39 43 54 55 67 69 91
1 10 13 42 45 62 72 84 91
5 19 21 44 49 53 82 85 90
11 18 35 36 37 40 50 71 82
0 1 19 20 37 40 57 79 81
5 7 10 15 31 32 35 53 56
8 14 17 19 26 33 61 87 88
3 9 23 26 41 46 51 58 68
13 16 30 46 47 60 63 71 83
2 12 23 30 54 62 70 74 89
1 6 14 39 59 66 67 73 90
8 16 20 22 23 48 56 78 80
4 20 26 31 34 44 47 48 72
3 4 36 57 70 73 81 83 86
5 12 22 27 37 51 72 74 92
0 7 21 28 38 58 68 77 82
49 50 51 62 71 73 81 84 92
2 42 46 57 63 77 80 85 91
18 19 28 32 46 52 59 62 79
3 10 24 27 47 48 49 55 65
0 15 30 44 51 56 61 76 90
8 9 29 43 44 50 74 88 91
13 14 35 36 47 58 73 85 87
1 22 31 39 45 63 68 71 78
2 15 26 32 49 58 69 71 86
11 18 27 43 63 65 70 79 87
0 13 15 19 38 55 61 83 89
4 28 39 41 61 65 84 86 88
33 34 49 54 59 68 79 81 85
1 7 17 24 30 48 51 64 83
20 22 41 43 56 58 60 77 90
10 15 19 24 25 46 74 82 86
6 13 29 58 61 67 79 80 81
12 13 23 32 33 48 59 69 88
3 28 36 45 54 66 74 76 77
2 4 10 11 30 60 67 68 76
5 6 9 34 36 38 50 52 69
9 10 15 28 33 66 70 71 78
1 15 18 25 26 39 54 75 85
4 23 31 38 40 41 65 91 92
7 22 24 35 53 54 62 81 87
25 27 35 38 41 46 55 67 87
22 33 41 47 52 82 83 88 89
20 21 24 32 39 50 74 81 83
12 18 38 41 49 60 64 66 80
9 14 18 20 21 53 60 62 65
0 5 11 56 70 71 77 85 89
7 13 31 34 57 65 74 75 90
5 7 20 29 38 43 45 73 88
24 28 29 71 72 80 87 89 90
2 16 24 36 38 43 54 63 66
3 14 42 50 64 67 78 89 90
2 37 40 42 56 59 64 83 87
8 29 30 34 35 49 64 82 86
4 23 27 37 43 53 57 66 89
7 26 33 50 52 55 60 80 91
3 8 14 25 27 32 44 45 70
11 32 58 68 76 81 88 90 91
2 6 12 17 20 35 46 61 71
25 29 48 59 61 73 84 89 92
13 23 35 39 44 51 77 79 86
17 28 34 35 39 41 57 59 92
32 35 36 43 51 59 65 75 78
6 11 16 33 38 47 55 57 62
0 3 21 40 43 52 63 72 92
16 17 22 36 40 53 55 65 70
11 13 17 20 25 64 69 75 91
36 39 47 48 53 56 64 72 91
