3 13 21 23 25 26 53 77
4 14 22 24 26 27 54 78
5 15 23 25 27 28 55 79
6 16 24 26 28 29 56 80
7 17 25 27 29 30 57 81
8 18 26 28 30 31 58 82
9 19 27 29 31 32 59 83
10 20 28 30 32 33 60 84
11 21 29 31 33 34 61 85
12 22 30 32 34 35 62 86
13 23 31 33 35 36 63 87
14 24 32 34 36 37 64 88
15 25 33 35 37 38 65 89
16 26 34 36 38 39 66 90
17 27 35 37 39 40 67 91
18 28 36 38 40 41 68 92
0 19 29 37 39 41 42 69
1 20 30 38 40 42 43 70
2 21 31 39 41 43 44 71
3 22 32 40 42 44 45 72
4 23 33 41 43 45 46 73
5 24 34 42 44 46 47 74
6 25 35 43 45 47 48 75
7 26 36 44 46 48 49 76
8 27 37 45 47 49 50 77
9 28 38 46 48 50 51 78
10 29 39 47 49 51 52 79
11 30 40 48 50 52 53 80
12 31 41 49 51 53 54 81
13 32 42 50 52 54 55 82
14 33 43 51 53 55 56 83
15 34 44 52 54 56 57 84
16 35 45 53 55 57 58 85
17 36 46 54 56 58 59 86
18 37 47 55 57 59 60 87
19 38 48 56 58 60 61 88
20 39 49 57 59 61 62 89
21 40 50 58 60 62 63 90
22 41 51 59 61 63 64 91
23 42 52 60 62 64 65 92
0 24 43 53 61 63 65 66
1 25 44 54 62 64 66 67
2 26 45 55 63 65 67 68
3 27 46 56 64 66 68 69
4 28 47 57 65 67 69 70
5 29 48 58 66 68 70 71
6 30 49 59 67 69 71 72
7 31 50 60 68 70 72 73
8 32 51 61 69 71 73 74
9 33 52 62 70 72 74 75
10 34 53 63 71 73 75 76
11 35 54 64 72 74 76 77
12 36 55 65 73 75 77 78
13 37 56 66 74 76 78 79
14 38 57 67 75 77 79 80
15 39 58 68 76 78 80 81
16 40 59 69 77 79 81 82
17 41 60 70 78 80 82 83
18 42 61 71 79 81 83 84
19 43 62 72 80 82 84 85
20 44 63 73 81 83 85 86
21 45 64 74 82 84 86 87
22 46 65 75 83 85 87 88
23 47 66 76 84 86 88 89
24 48 67 77 85 87 89 90
25 49 68 78 86 88 90 91
26 50 69 79 87 89 91 92
0 27 51 70 80 88 90 92
0 1 28 52 71 81 89 91
1 2 29 53 72 82 90 92
0 2 3 30 54 73 83 91
1 3 4 31 55 74 84 92
0 2 4 5 32 56 75 85
1 3 5 6 33 57 76 86
2 4 6 7 34 58 77 87
3 5 7 8 35 59 78 88
4 6 8 9 36 60 79 89
5 7 9 10 37 61 80 90
6 8 10 11 38 62 81 91
7 9 11 12 39 63 82 92
0 8 10 12 13 40 64 83
1 9 11 13 14 41 65 84
2 10 12 14 15 42 66 85
3 11 13 15 16 43 67 86
4 12 14 16 17 44 68 87
5 13 15 17 18 45 69 88
6 14 16 18 19 46 70 89
7 15 17 19 20 47 71 90
8 16 18 20 21 48 72 91
9 17 19 21 22 49 73 92
0 10 18 20 22 23 50 74
1 11 19 21 23 24 51 75
2 12 20 22 24 25 52 76
9 25 42 56 57 63 82 91
10 26 43 57 58 64 83 92
0 11 27 44 58 59 65 84
1 12 28 45 59 60 66 85
2 13 29 46 60 61 67 86
3 14 30 47 61 62 68 87
4 15 31 48 62 63 69 88
5 16 32 49 63 64 70 89
6 17 33 50 64 65 71 90
7 18 34 51 65 66 72 91
8 19 35 52 66 67 73 92
0 9 20 36 53 67 68 74
1 10 21 37 54 68 69 75
2 11 22 38 55 69 70 76
3 12 23 39 56 70 71 77
4 13 24 40 57 71 72 78
5 14 25 41 58 72 73 79
6 15 26 42 59 73 74 80
7 16 27 43 60 74 75 81
8 17 28 44 61 75 76 82
9 18 29 45 62 76 77 83
10 19 30 46 63 77 78 84
11 20 31 47 64 78 79 85
12 21 32 48 65 79 80 86
13 22 33 49 66 80 81 87
14 23 34 50 67 81 82 88
15 24 35 51 68 82 83 89
16 25 36 52 69 83 84 90
17 26 37 53 70 84 85 91
18 27 38 54 71 85 86 92
0 19 28 39 55 72 86 87
1 20 29 40 56 73 87 88
2 21 30 41 57 74 88 89
3 22 31 42 58 75 89 90
4 23 32 43 59 76 90 91
5 24 33 44 60 77 91 92
0 6 25 34 45 61 78 92
0 1 7 26 35 46 62 79
1 2 8 27 36 47 63 80
2 3 9 28 37 48 64 81
3 4 10 29 38 49 65 82
4 5 11 30 39 50 66 83
5 6 12 31 40 51 67 84
6 7 13 32 41 52 68 85
7 8 14 33 42 53 69 86
8 9 15 34 43 54 70 87
9 10 16 35 44 55 71 88
10 11 17 36 45 56 72 89
11 12 18 37 46 57 73 90
12 13 19 38 47 58 74 91
13 14 20 39 48 59 75 92
0 14 15 21 40 49 60 76
1 15 16 22 41 50 61 77
2 16 17 23 42 51 62 78
3 17 18 24 43 52 63 79
4 18 19 25 44 53 64 80
5 19 20 26 45 54 65 81
6 20 21 27 46 55 66 82
7 21 22 28 47 56 67 83
8 22 23 29 48 57 68 84
9 23 24 30 49 58 69 85
10 24 25 31 50 59 70 86
11 25 26 32 51 60 71 87
12 26 27 33 52 61 72 88
13 27 28 34 53 62 73 89
14 28 29 35 54 63 74 90
15 29 30 36 55 64 75 91
16 30 31 37 56 65 76 92
0 17 31 32 38 57 66 77
1 18 32 33 39 58 67 78
2 19 33 34 40 59 68 79
3 20 34 35 41 60 69 80
4 21 35 36 42 61 70 81
5 22 36 37 43 62 71 82
6 23 37 38 44 63 72 83
7 24 38 39 45 64 73 84
8 25 39 40 46 65 74 85
9 26 40 41 47 66 75 86
10 27 41 42 48 67 76 87
11 28 42 43 49 68 77 88
12 29 43 44 50 69 78 89
13 30 44 45 51 70 79 90
14 31 45 46 52 71 80 91
15 32 46 47 53 72 81 92
0 16 33 47 48 54 73 82
1 17 34 48 49 55 74 83
2 18 35 49 50 56 75 84
3 19 36 50 51 57 76 85
4 20 37 51 52 58 77 86
5 21 38 52 53 59 78 87
6 22 39 53 54 60 79 88
7 23 40 54 55 61 80 89
8 24 41 55 56 62 81 90
