8 9 39 52 58 78
11 12 42 55 61 81
14 15 45 58 64 84
17 18 48 61 67 87
20 21 51 64 70 90
0 23 24 54 67 73
3 26 27 57 70 76
6 29 30 60 73 79
9 32 33 63 76 82
12 35 36 66 79 85
15 38 39 69 82 88
18 41 42 72 85 91
1 21 44 45 75 88
4 24 47 48 78 91
1 7 27 50 51 81
4 10 30 53 54 84
7 13 33 56 57 87
10 16 36 59 60 90
0 13 19 39 62 63
3 16 22 42 65 66
6 19 25 45 68 69
9 22 28 48 71 72
12 25 31 51 74 75
15 28 34 54 77 78
18 31 37 57 80 81
21 34 40 60 83 84
24 37 43 63 86 87
27 40 46 66 89 90
0 30 43 49 69 92
2 3 33 46 52 72
5 6 36 49 55 75
15 17 44 60 62 70
18 20 47 63 65 73
21 23 50 66 68 76
24 26 53 69 71 79
27 29 56 72 74 82
30 32 59 75 77 85
33 35 62 78 80 88
36 38 65 81 83 91
1 39 41 68 84 86
4 42 44 71 87 89
7 45 47 74 90 92
0 2 10 48 50 77
3 5 13 51 53 80
6 8 16 54 56 83
9 11 19 57 59 86
12 14 22 60 62 89
15 17 25 63 65 92
2 18 20 28 66 68
5 21 23 31 69 71
8 24 26 34 72 74
11 27 29 37 75 77
14 30 32 40 78 80
17 33 35 43 81 83
20 36 38 46 84 86
23 39 41 49 87 89
26 42 44 52 90 92
0 2 29 45 47 55
3 5 32 48 50 58
6 8 35 51 53 61
9 11 38 54 56 64
12 14 41 57 59 67
19 47 53 58 66 88
22 50 56 61 69 91
1 25 53 59 64 72
4 28 56 62 67 75
7 31 59 65 70 78
10 34 62 68 73 81
13 37 65 71 76 84
16 40 68 74 79 87
19 43 71 77 82 90
0 22 46 74 80 85
3 25 49 77 83 88
6 28 52 80 86 91
1 9 31 55 83 89
4 12 34 58 86 92
2 7 15 37 61 89
5 10 18 40 64 92
2 8 13 21 43 67
5 11 16 24 46 70
8 14 19 27 49 73
11 17 22 30 52 76
14 20 25 33 55 79
17 23 28 36 58 82
20 26 31 39 61 85
23 29 34 42 64 88
26 32 37 45 67 91
1 29 35 40 48 70
4 32 38 43 51 73
7 35 41 46 54 76
10 38 44 49 57 79
13 41 47 52 60 82
16 44 50 55 63 85
5 19 20 40 44 67
8 22 23 43 47 70
11 25 26 46 50 73
14 28 29 49 53 76
17 31 32 52 56 79
20 34 35 55 59 82
23 37 38 58 62 85
26 40 41 61 65 88
29 43 44 64 68 91
1 32 46 47 67 71
4 35 49 50 70 74
7 38 52 53 73 77
10 41 55 56 76 80
13 44 58 59 79 83
16 47 61 62 82 86
19 50 64 65 85 89
22 53 67 68 88 92
2 25 56 70 71 91
1 5 28 59 73 74
4 8 31 62 76 77
7 11 34 65 79 80
10 14 37 68 82 83
13 17 40 71 85 86
16 20 43 74 88 89
19 23 46 77 91 92
1 2 22 26 49 80
4 5 25 29 52 83
7 8 28 32 55 86
10 11 31 35 58 89
13 14 34 38 61 92
2 16 17 37 41 64
7 9 10 20 60 91
1 10 12 13 23 63
4 13 15 16 26 66
7 16 18 19 29 69
10 19 21 22 32 72
13 22 24 25 35 75
16 25 27 28 38 78
19 28 30 31 41 81
22 31 33 34 44 84
25 34 36 37 47 87
28 37 39 40 50 90
0 31 40 42 43 53
3 34 43 45 46 56
6 37 46 48 49 59
9 40 49 51 52 62
12 43 52 54 55 65
15 46 55 57 58 68
18 49 58 60 61 71
21 52 61 63 64 74
24 55 64 66 67 77
27 58 67 69 70 80
30 61 70 72 73 83
33 64 73 75 76 86
36 67 76 78 79 89
39 70 79 81 82 92
2 42 73 82 84 85
5 45 76 85 87 88
8 48 79 88 90 91
0 1 11 51 82 91
1 3 4 14 54 85
4 6 7 17 57 88
0 14 16 34 51 71
3 17 19 37 54 74
6 20 22 40 57 77
9 23 25 43 60 80
12 26 28 46 63 83
15 29 31 49 66 86
18 32 34 52 69 89
21 35 37 55 72 92
2 24 38 40 58 75
5 27 41 43 61 78
8 30 44 46 64 81
11 33 47 49 67 84
14 36 50 52 70 87
17 39 53 55 73 90
0 20 42 56 58 76
3 23 45 59 61 79
6 26 48 62 64 82
9 29 51 65 67 85
12 32 54 68 70 88
15 35 57 71 73 91
1 18 38 60 74 76
4 21 41 63 77 79
7 24 44 66 80 82
10 27 47 69 83 85
13 30 50 72 86 88
16 33 53 75 89 91
1 19 36 56 78 92
2 4 22 39 59 81
5 7 25 42 62 84
8 10 28 45 65 87
11 13 31 48 68 90
13 20 29 54 80 92
2 16 23 32 57 83
5 19 26 35 60 86
8 22 29 38 63 89
11 25 32 41 66 92
2 14 28 35 44 69
5 17 31 38 47 72
8 20 34 41 50 75
11 23 37 44 53 78
14 26 40 47 56 81
17 29 43 50 59 84
20 32 46 53 62 87
23 35 49 56 65 90
0 26 38 52 59 68
3 29 41 55 62 71
6 32 44 58 65 74
9 35 47 61 68 77
12 38 50 64 71 80
15 41 53 67 74 83
18 44 56 70 77 86
21 47 59 73 80 89
24 50 62 76 83 92
2 27 53 65 79 86
5 30 56 68 82 89
8 33 59 71 85 92
2 11 36 62 74 88
5 14 39 65 77 91
1 8 17 42 68 80
4 11 20 45 71 83
7 14 23 48 74 86
10 17 26 51 77 89
22 54 59 82 86 93
25 57 62 85 89 93
28 60 65 88 92 93
2 31 63 68 91 93
1 5 34 66 71 93
4 8 37 69 74 93
7 11 40 72 77 93
10 14 43 75 80 93
13 17 46 78 83 93
16 20 49 81 86 93
19 23 52 84 89 93
22 26 55 87 92 93
2 25 29 58 90 93
0 5 28 32 61 93
3 8 31 35 64 93
6 11 34 38 67 93
9 14 37 41 70 93
12 17 40 44 73 93
15 20 43 47 76 93
18 23 46 50 79 93
21 26 49 53 82 93
24 29 52 56 85 93
27 32 55 59 88 93
30 35 58 62 91 93
1 33 38 61 65 93
4 36 41 64 68 93
7 39 44 67 71 93
10 42 47 70 74 93
13 45 50 73 77 93
16 48 53 76 80 93
19 51 56 79 83 93
48 51 56 63 84 88
51 54 59 66 87 91
1 54 57 62 69 90
0 4 57 60 65 72
3 7 60 63 68 75
6 10 63 66 71 78
9 13 66 69 74 81
12 16 69 72 77 84
15 19 72 75 80 87
18 22 75 78 83 90
0 21 25 78 81 86
3 24 28 81 84 89
6 27 31 84 87 92
2 9 30 34 87 90
0 5 12 33 37 90
0 3 8 15 36 40
3 6 11 18 39 43
6 9 14 21 42 46
9 12 17 24 45 49
12 15 20 27 48 52
15 18 23 30 51 55
18 21 26 33 54 58
21 24 29 36 57 61
24 27 32 39 60 64
27 30 35 42 63 67
30 33 38 45 66 70
33 36 41 48 69 73
36 39 44 51 72 76
39 42 47 54 75 79
42 45 50 57 78 82
45 48 53 60 81 85
0 6 13 28 70 89
3 9 16 31 73 92
2 6 12 19 34 76
5 9 15 22 37 79
8 12 18 25 40 82
11 15 21 28 43 85
14 18 24 31 46 88
17 21 27 34 49 91
1 20 24 30 37 52
4 23 27 33 40 55
7 26 30 36 43 58
10 29 33 39 46 61
13 32 36 42 49 64
16 35 39 45 52 67
19 38 42 48 55 70
22 41 45 51 58 73
25 44 48 54 61 76
28 47 51 57 64 79
31 50 54 60 67 82
34 53 57 63 70 85
37 56 60 66 73 88
40 59 63 69 76 91
1 43 62 66 72 79
4 46 65 69 75 82
7 49 68 72 78 85
10 52 71 75 81 88
13 55 74 78 84 91
1 16 58 77 81 87
4 19 61 80 84 90
0 7 22 64 83 87
3 10 25 67 86 90
0 9 27 41 44 88
3 12 30 44 47 91
1 6 15 33 47 50
4 9 18 36 50 53
7 12 21 39 53 56
10 15 24 42 56 59
13 18 27 45 59 62
16 21 30 48 62 65
19 24 33 51 65 68
22 27 36 54 68 71
25 30 39 57 71 74
28 33 42 60 74 77
31 36 45 63 77 80
34 39 48 66 80 83
37 42 51 69 83 86
40 45 54 72 86 89
43 48 57 75 89 92
2 46 51 60 78 92
2 5 49 54 63 81
5 8 52 57 66 84
8 11 55 60 69 87
11 14 58 63 72 90
0 14 17 61 66 75
3 17 20 64 69 78
6 20 23 67 72 81
9 23 26 70 75 84
12 26 29 73 78 87
15 29 32 76 81 90
0 18 32 35 79 84
3 21 35 38 82 87
6 24 38 41 85 90
