17 31 32 64 91
18 32 33 65 92
19 33 34 66 93
0 20 34 35 67
1 21 35 36 68
2 22 36 37 69
3 23 37 38 70
4 24 38 39 71
5 25 39 40 72
6 26 40 41 73
7 27 41 42 74
8 28 42 43 75
9 29 43 44 76
10 30 44 45 77
11 31 45 46 78
12 32 46 47 79
13 33 47 48 80
14 34 48 49 81
15 35 49 50 82
16 36 50 51 83
17 37 51 52 84
18 38 52 53 85
19 39 53 54 86
20 40 54 55 87
21 41 55 56 88
22 42 56 57 89
23 43 57 58 90
24 44 58 59 91
25 45 59 60 92
26 46 60 61 93
0 27 47 61 62
1 28 48 62 63
2 29 49 63 64
3 30 50 64 65
4 31 51 65 66
5 32 52 66 67
6 33 53 67 68
7 34 54 68 69
8 35 55 69 70
9 36 56 70 71
10 37 57 71 72
11 38 58 72 73
12 39 59 73 74
13 40 60 74 75
14 41 61 75 76
15 42 62 76 77
16 43 63 77 78
17 44 64 78 79
18 45 65 79 80
19 46 66 80 81
20 47 67 81 82
21 48 68 82 83
22 49 69 83 84
23 50 70 84 85
24 51 71 85 86
25 52 72 86 87
26 53 73 87 88
27 54 74 88 89
28 55 75 89 90
29 56 76 90 91
30 57 77 91 92
31 58 78 92 93
0 32 59 79 93
0 1 33 60 80
1 2 34 61 81
2 3 35 62 82
3 4 36 63 83
4 5 37 64 84
5 6 38 65 85
6 7 39 66 86
7 8 40 67 87
8 9 41 68 88
9 10 42 69 89
10 11 43 70 90
11 12 44 71 91
12 13 45 72 92
13 14 46 73 93
0 14 15 47 74
1 15 16 48 75
2 16 17 49 76
3 17 18 50 77
4 18 19 51 78
5 19 20 52 79
6 20 21 53 80
7 21 22 54 81
8 22 23 55 82
9 23 24 56 83
10 24 25 57 84
11 25 26 58 85
12 26 27 59 86
13 27 28 60 87
14 28 29 61 88
15 29 30 62 89
16 30 31 63 90
1 26 49 65 91
2 27 50 66 92
3 28 51 67 93
0 4 29 52 68
1 5 30 53 69
2 6 31 54 70
3 7 32 55 71
4 8 33 56 72
5 9 34 57 73
6 10 35 58 74
7 11 36 59 75
8 12 37 60 76
9 13 38 61 77
10 14 39 62 78
11 15 40 63 79
12 16 41 64 80
13 17 42 65 81
14 18 43 66 82
15 19 44 67 83
16 20 45 68 84
17 21 46 69 85
18 22 47 70 86
19 23 48 71 87
20 24 49 72 88
21 25 50 73 89
22 26 51 74 90
23 27 52 75 91
24 28 53 76 92
25 29 54 77 93
0 26 30 55 78
1 27 31 56 79
2 28 32 57 80
3 29 33 58 81
4 30 34 59 82
5 31 35 60 83
6 32 36 61 84
7 33 37 62 85
8 34 38 63 86
9 35 39 64 87
10 36 40 65 88
11 37 41 66 89
12 38 42 67 90
13 39 43 68 91
14 40 44 69 92
15 41 45 70 93
0 16 42 46 71
1 17 43 47 72
2 18 44 48 73
3 19 45 49 74
4 20 46 50 75
5 21 47 51 76
6 22 48 52 77
7 23 49 53 78
8 24 50 54 79
9 25 51 55 80
10 26 52 56 81
11 27 53 57 82
12 28 54 58 83
13 29 55 59 84
14 30 56 60 85
15 31 57 61 86
16 32 58 62 87
17 33 59 63 88
18 34 60 64 89
19 35 61 65 90
20 36 62 66 91
21 37 63 67 92
22 38 64 68 93
0 23 39 65 69
1 24 40 66 70
2 25 41 67 71
3 26 42 68 72
4 27 43 69 73
5 28 44 70 74
6 29 45 71 75
7 30 46 72 76
8 31 47 73 77
9 32 48 74 78
10 33 49 75 79
11 34 50 76 80
12 35 51 77 81
13 36 52 78 82
14 37 53 79 83
15 38 54 80 84
16 39 55 81 85
17 40 56 82 86
18 41 57 83 87
19 42 58 84 88
20 43 59 85 89
21 44 60 86 90
22 45 61 87 91
23 46 62 88 92
24 47 63 89 93
0 25 48 64 90
8 42 49 80 92
9 43 50 81 93
0 10 44 51 82
1 11 45 52 83
2 12 46 53 84
3 13 47 54 85
4 14 48 55 86
5 15 49 56 87
6 16 50 57 88
7 17 51 58 89
8 18 52 59 90
9 19 53 60 91
10 20 54 61 92
11 21 55 62 93
0 12 22 56 63
1 13 23 57 64
2 14 24 58 65
3 15 25 59 66
4 16 26 60 67
5 17 27 61 68
6 18 28 62 69
7 19 29 63 70
8 20 30 64 71
9 21 31 65 72
10 22 32 66 73
11 23 33 67 74
12 24 34 68 75
13 25 35 69 76
14 26 36 70 77
15 27 37 71 78
16 28 38 72 79
17 29 39 73 80
18 30 40 74 81
19 31 41 75 82
20 32 42 76 83
21 33 43 77 84
22 34 44 78 85
23 35 45 79 86
24 36 46 80 87
25 37 47 81 88
26 38 48 82 89
27 39 49 83 90
28 40 50 84 91
29 41 51 85 92
30 42 52 86 93
0 31 43 53 87
1 32 44 54 88
2 33 45 55 89
3 34 46 56 90
4 35 47 57 91
5 36 48 58 92
6 37 49 59 93
0 7 38 50 60
1 8 39 51 61
2 9 40 52 62
3 10 41 53 63
4 11 42 54 64
5 12 43 55 65
6 13 44 56 66
7 14 45 57 67
8 15 46 58 68
9 16 47 59 69
10 17 48 60 70
11 18 49 61 71
12 19 50 62 72
13 20 51 63 73
14 21 52 64 74
15 22 53 65 75
16 23 54 66 76
17 24 55 67 77
18 25 56 68 78
19 26 57 69 79
20 27 58 70 80
21 28 59 71 81
22 29 60 72 82
23 30 61 73 83
24 31 62 74 84
25 32 63 75 85
26 33 64 76 86
27 34 65 77 87
28 35 66 78 88
29 36 67 79 89
30 37 68 80 90
31 38 69 81 91
32 39 70 82 92
33 40 71 83 93
0 34 41 72 84
1 35 42 73 85
2 36 43 74 86
3 37 44 75 87
4 38 45 76 88
5 39 46 77 89
6 40 47 78 90
7 41 48 79 91
22 28 30 33 46
23 29 31 34 47
24 30 32 35 48
25 31 33 36 49
26 32 34 37 50
27 33 35 38 51
28 34 36 39 52
29 35 37 40 53
30 36 38 41 54
31 37 39 42 55
32 38 40 43 56
33 39 41 44 57
34 40 42 45 58
35 41 43 46 59
36 42 44 47 60
37 43 45 48 61
38 44 46 49 62
39 45 47 50 63
40 46 48 51 64
41 47 49 52 65
42 48 50 53 66
43 49 51 54 67
44 50 52 55 68
45 51 53 56 69
46 52 54 57 70
47 53 55 58 71
48 54 56 59 72
49 55 57 60 73
50 56 58 61 74
51 57 59 62 75
52 58 60 63 76
53 59 61 64 77
54 60 62 65 78
55 61 63 66 79
56 62 64 67 80
57 63 65 68 81
58 64 66 69 82
59 65 67 70 83
60 66 68 71 84
61 67 69 72 85
62 68 70 73 86
63 69 71 74 87
64 70 72 75 88
65 71 73 76 89
66 72 74 77 90
67 73 75 78 91
68 74 76 79 92
69 75 77 80 93
0 70 76 78 81
1 71 77 79 82
2 72 78 80 83
3 73 79 81 84
4 74 80 82 85
5 75 81 83 86
6 76 82 84 87
7 77 83 85 88
8 78 84 86 89
9 79 85 87 90
10 80 86 88 91
11 81 87 89 92
12 82 88 90 93
0 13 83 89 91
1 14 84 90 92
2 15 85 91 93
0 3 16 86 92
1 4 17 87 93
0 2 5 18 88
1 3 6 19 89
2 4 7 20 90
3 5 8 21 91
4 6 9 22 92
5 7 10 23 93
0 6 8 11 24
1 7 9 12 25
2 8 10 13 26
3 9 11 14 27
4 10 12 15 28
5 11 13 16 29
6 12 14 17 30
7 13 15 18 31
8 14 16 19 32
9 15 17 20 33
10 16 18 21 34
11 17 19 22 35
12 18 20 23 36
13 19 21 24 37
14 20 22 25 38
15 21 23 26 39
16 22 24 27 40
17 23 25 28 41
18 24 26 29 42
19 25 27 30 43
20 26 28 31 44
21 27 29 32 45
16 44 53 74 93
0 17 45 54 75
1 18 46 55 76
2 19 47 56 77
3 20 48 57 78
4 21 49 58 79
5 22 50 59 80
6 23 51 60 81
7 24 52 61 82
8 25 53 62 83
9 26 54 63 84
10 27 55 64 85
11 28 56 65 86
12 29 57 66 87
13 30 58 67 88
14 31 59 68 89
15 32 60 69 90
16 33 61 70 91
17 34 62 71 92
18 35 63 72 93
0 19 36 64 73
1 20 37 65 74
2 21 38 66 75
3 22 39 67 76
4 23 40 68 77
5 24 41 69 78
6 25 42 70 79
7 26 43 71 80
8 27 44 72 81
9 28 45 73 82
10 29 46 74 83
11 30 47 75 84
12 31 48 76 85
13 32 49 77 86
14 33 50 78 87
15 34 51 79 88
16 35 52 80 89
17 36 53 81 90
18 37 54 82 91
19 38 55 83 92
20 39 56 84 93
0 21 40 57 85
1 22 41 58 86
2 23 42 59 87
3 24 43 60 88
4 25 44 61 89
5 26 45 62 90
6 27 46 63 91
7 28 47 64 92
8 29 48 65 93
0 9 30 49 66
1 10 31 50 67
2 11 32 51 68
3 12 33 52 69
4 13 34 53 70
5 14 35 54 71
6 15 36 55 72
7 16 37 56 73
8 17 38 57 74
9 18 39 58 75
10 19 40 59 76
11 20 41 60 77
12 21 42 61 78
13 22 43 62 79
14 23 44 63 80
15 24 45 64 81
16 25 46 65 82
17 26 47 66 83
18 27 48 67 84
19 28 49 68 85
20 29 50 69 86
21 30 51 70 87
22 31 52 71 88
23 32 53 72 89
24 33 54 73 90
25 34 55 74 91
26 35 56 75 92
27 36 57 76 93
0 28 37 58 77
1 29 38 59 78
2 30 39 60 79
3 31 40 61 80
4 32 41 62 81
5 33 42 63 82
6 34 43 64 83
7 35 44 65 84
8 36 45 66 85
9 37 46 67 86
10 38 47 68 87
11 39 48 69 88
12 40 49 70 89
13 41 50 71 90
14 42 51 72 91
15 43 52 73 92
