59 69 87
60 70 88
61 71 89
62 72 90
63 73 91
64 74 92
0 65 75
1 66 76
2 67 77
3 68 78
4 69 79
5 70 80
6 71 81
7 72 82
8 73 83
9 74 84
10 75 85
11 76 86
12 77 87
13 78 88
14 79 89
15 80 90
16 81 91
17 82 92
0 18 83
1 19 84
2 20 85
3 21 86
4 22 87
5 23 88
6 24 89
7 25 90
8 26 91
9 27 92
0 10 28
1 11 29
2 12 30
3 13 31
4 14 32
5 15 33
6 16 34
7 17 35
8 18 36
9 19 37
10 20 38
11 21 39
12 22 40
13 23 41
14 24 42
15 25 43
16 26 44
17 27 45
18 28 46
19 29 47
20 30 48
21 31 49
22 32 50
23 33 51
24 34 52
25 35 53
26 36 54
27 37 55
28 38 56
29 39 57
30 40 58
31 41 59
32 42 60
33 43 61
34 44 62
35 45 63
36 46 64
37 47 65
38 48 66
39 49 67
40 50 68
41 51 69
42 52 70
43 53 71
44 54 72
45 55 73
46 56 74
47 57 75
48 58 76
49 59 77
50 60 78
51 61 79
52 62 80
53 63 81
54 64 82
55 65 83
56 66 84
57 67 85
58 68 86
73 75 78
74 76 79
75 77 80
76 78 81
77 79 82
78 80 83
79 81 84
80 82 85
81 83 86
82 84 87
83 85 88
84 86 89
85 87 90
86 88 91
87 89 92
0 88 90
1 89 91
2 90 92
0 3 91
1 4 92
0 2 5
1 3 6
2 4 7
3 5 8
4 6 9
5 7 10
6 8 11
7 9 12
8 10 13
9 11 14
10 12 15
11 13 16
12 14 17
13 15 18
14 16 19
15 17 20
16 18 21
17 19 22
18 20 23
19 21 24
20 22 25
21 23 26
22 24 27
23 25 28
24 26 29
25 27 30
26 28 31
27 29 32
28 30 33
29 31 34
30 32 35
31 33 36
32 34 37
33 35 38
34 36 39
35 37 40
36 38 41
37 39 42
38 40 43
39 41 44
40 42 45
41 43 46
42 44 47
43 45 48
44 46 49
45 47 50
46 48 51
47 49 52
48 50 53
49 51 54
50 52 55
51 53 56
52 54 57
53 55 58
54 56 59
55 57 60
56 58 61
57 59 62
58 60 63
59 61 64
60 62 65
61 63 66
62 64 67
63 65 68
64 66 69
65 67 70
66 68 71
67 69 72
68 70 73
69 71 74
70 72 75
71 73 76
72 74 77
0 43 44
1 44 45
2 45 46
3 46 47
4 47 48
5 48 49
6 49 50
7 50 51
8 51 52
9 52 53
10 53 54
11 54 55
12 55 56
13 56 57
14 57 58
15 58 59
16 59 60
17 60 61
18 61 62
19 62 63
20 63 64
21 64 65
22 65 66
23 66 67
24 67 68
25 68 69
26 69 70
27 70 71
28 71 72
29 72 73
30 73 74
31 74 75
32 75 76
33 76 77
34 77 78
35 78 79
36 79 80
37 80 81
38 81 82
39 82 83
40 83 84
41 84 85
42 85 86
43 86 87
44 87 88
45 88 89
46 89 90
47 90 91
48 91 92
0 49 92
0 1 50
1 2 51
2 3 52
3 4 53
4 5 54
5 6 55
6 7 56
7 8 57
8 9 58
9 10 59
10 11 60
11 12 61
12 13 62
13 14 63
14 15 64
15 16 65
16 17 66
17 18 67
18 19 68
19 20 69
20 21 70
21 22 71
22 23 72
23 24 73
24 25 74
25 26 75
26 27 76
27 28 77
28 29 78
29 30 79
30 31 80
31 32 81
32 33 82
33 34 83
34 35 84
35 36 85
36 37 86
37 38 87
38 39 88
39 40 89
40 41 90
41 42 91
42 43 92
14 21 67
15 22 68
16 23 69
17 24 70
18 25 71
19 26 72
20 27 73
21 28 74
22 29 75
23 30 76
24 31 77
25 32 78
26 33 79
27 34 80
28 35 81
29 36 82
30 37 83
31 38 84
32 39 85
33 40 86
34 41 87
35 42 88
36 43 89
37 44 90
38 45 91
39 46 92
0 40 47
1 41 48
2 42 49
3 43 50
4 44 51
5 45 52
6 46 53
7 47 54
8 48 55
9 49 56
10 50 57
11 51 58
12 52 59
13 53 60
14 54 61
15 55 62
16 56 63
17 57 64
18 58 65
19 59 66
20 60 67
21 61 68
22 62 69
23 63 70
24 64 71
25 65 72
26 66 73
27 67 74
28 68 75
29 69 76
30 70 77
31 71 78
32 72 79
33 73 80
34 74 81
35 75 82
36 76 83
37 77 84
38 78 85
39 79 86
40 80 87
41 81 88
42 82 89
43 83 90
44 84 91
45 85 92
0 46 86
1 47 87
2 48 88
3 49 89
4 50 90
5 51 91
6 52 92
0 7 53
1 8 54
2 9 55
3 10 56
4 11 57
5 12 58
6 13 59
7 14 60
8 15 61
9 16 62
10 17 63
11 18 64
12 19 65
13 20 66
30 41 57
31 42 58
32 43 59
33 44 60
34 45 61
35 46 62
36 47 63
37 48 64
38 49 65
39 50 66
40 51 67
41 52 68
42 53 69
43 54 70
44 55 71
45 56 72
46 57 73
47 58 74
48 59 75
49 60 76
50 61 77
51 62 78
52 63 79
53 64 80
54 65 81
55 66 82
56 67 83
57 68 84
58 69 85
59 70 86
60 71 87
61 72 88
62 73 89
63 74 90
64 75 91
65 76 92
0 66 77
1 67 78
2 68 79
3 69 80
4 70 81
5 71 82
6 72 83
7 73 84
8 74 85
9 75 86
10 76 87
11 77 88
12 78 89
13 79 90
14 80 91
15 81 92
0 16 82
1 17 83
2 18 84
3 19 85
4 20 86
5 21 87
6 22 88
7 23 89
8 24 90
9 25 91
10 26 92
0 11 27
1 12 28
2 13 29
3 14 30
4 15 31
5 16 32
6 17 33
7 18 34
8 19 35
9 20 36
10 21 37
11 22 38
12 23 39
13 24 40
14 25 41
15 26 42
16 27 43
17 28 44
18 29 45
19 30 46
20 31 47
21 32 48
22 33 49
23 34 50
24 35 51
25 36 52
26 37 53
27 38 54
28 39 55
29 40 56
22 31 60
23 32 61
24 33 62
25 34 63
26 35 64
27 36 65
28 37 66
29 38 67
30 39 68
31 40 69
32 41 70
33 42 71
34 43 72
35 44 73
36 45 74
37 46 75
38 47 76
39 48 77
40 49 78
41 50 79
42 51 80
43 52 81
44 53 82
45 54 83
46 55 84
47 56 85
48 57 86
49 58 87
50 59 88
51 60 89
52 61 90
53 62 91
54 63 92
0 55 64
1 56 65
2 57 66
3 58 67
4 59 68
5 60 69
6 61 70
7 62 71
8 63 72
9 64 73
10 65 74
11 66 75
12 67 76
13 68 77
14 69 78
15 70 79
16 71 80
17 72 81
18 73 82
19 74 83
20 75 84
21 76 85
22 77 86
23 78 87
24 79 88
25 80 89
26 81 90
27 82 91
28 83 92
0 29 84
1 30 85
2 31 86
3 32 87
4 33 88
5 34 89
6 35 90
7 36 91
8 37 92
0 9 38
1 10 39
2 11 40
3 12 41
4 13 42
5 14 43
6 15 44
7 16 45
8 17 46
9 18 47
10 19 48
11 20 49
12 21 50
13 22 51
14 23 52
15 24 53
16 25 54
17 26 55
18 27 56
19 28 57
20 29 58
21 30 59
46 76 80
47 77 81
48 78 82
49 79 83
50 80 84
51 81 85
52 82 86
53 83 87
54 84 88
55 85 89
56 86 90
57 87 91
58 88 92
0 59 89
1 60 90
2 61 91
3 62 92
0 4 63
1 5 64
2 6 65
3 7 66
4 8 67
5 9 68
6 10 69
7 11 70
8 12 71
9 13 72
10 14 73
11 15 74
12 16 75
13 17 76
14 18 77
15 19 78
16 20 79
17 21 80
18 22 81
19 23 82
20 24 83
21 25 84
22 26 85
23 27 86
24 28 87
25 29 88
26 30 89
27 31 90
28 32 91
29 33 92
0 30 34
1 31 35
2 32 36
3 33 37
4 34 38
5 35 39
6 36 40
7 37 41
8 38 42
9 39 43
10 40 44
11 41 45
12 42 46
13 43 47
14 44 48
15 45 49
16 46 50
17 47 51
18 48 52
19 49 53
20 50 54
21 51 55
22 52 56
23 53 57
24 54 58
25 55 59
26 56 60
27 57 61
28 58 62
29 59 63
30 60 64
31 61 65
32 62 66
33 63 67
34 64 68
35 65 69
36 66 70
37 67 71
38 68 72
39 69 73
40 70 74
41 71 75
42 72 76
43 73 77
44 74 78
45 75 79
24 38 59
25 39 60
26 40 61
27 41 62
28 42 63
29 43 64
30 44 65
31 45 66
32 46 67
33 47 68
34 48 69
35 49 70
36 50 71
37 51 72
38 52 73
39 53 74
40 54 75
41 55 76
42 56 77
43 57 78
44 58 79
45 59 80
46 60 81
47 61 82
48 62 83
49 63 84
50 64 85
51 65 86
52 66 87
53 67 88
54 68 89
55 69 90
56 70 91
57 71 92
0 58 72
1 59 73
2 60 74
3 61 75
4 62 76
5 63 77
6 64 78
7 65 79
8 66 80
9 67 81
10 68 82
11 69 83
12 70 84
13 71 85
14 72 86
15 73 87
16 74 88
17 75 89
18 76 90
19 77 91
20 78 92
0 21 79
1 22 80
2 23 81
3 24 82
4 25 83
5 26 84
6 27 85
7 28 86
8 29 87
9 30 88
10 31 89
11 32 90
12 33 91
13 34 92
0 14 35
1 15 36
2 16 37
3 17 38
4 18 39
5 19 40
6 20 41
7 21 42
8 22 43
9 23 44
10 24 45
11 25 46
12 26 47
13 27 48
14 28 49
15 29 50
16 30 51
17 31 52
18 32 53
19 33 54
20 34 55
21 35 56
22 36 57
23 37 58
14 29 51
15 30 52
16 31 53
17 32 54
18 33 55
19 34 56
20 35 57
21 36 58
22 37 59
23 38 60
24 39 61
25 40 62
26 41 63
27 42 64
28 43 65
29 44 66
30 45 67
31 46 68
32 47 69
33 48 70
34 49 71
35 50 72
36 51 73
37 52 74
38 53 75
39 54 76
40 55 77
41 56 78
42 57 79
43 58 80
44 59 81
45 60 82
46 61 83
47 62 84
48 63 85
49 64 86
50 65 87
51 66 88
52 67 89
53 68 90
54 69 91
55 70 92
0 56 71
1 57 72
2 58 73
3 59 74
4 60 75
5 61 76
6 62 77
7 63 78
8 64 79
9 65 80
10 66 81
11 67 82
12 68 83
13 69 84
14 70 85
15 71 86
16 72 87
17 73 88
18 74 89
19 75 90
20 76 91
21 77 92
0 22 78
1 23 79
2 24 80
3 25 81
4 26 82
5 27 83
6 28 84
7 29 85
8 30 86
9 31 87
10 32 88
11 33 89
12 34 90
13 35 91
14 36 92
0 15 37
1 16 38
2 17 39
3 18 40
4 19 41
5 20 42
6 21 43
7 22 44
8 23 45
9 24 46
10 25 47
11 26 48
12 27 49
13 28 50
22 35 93
23 36 93
24 37 93
25 38 93
26 39 93
27 40 93
28 41 93
29 42 93
30 43 93
31 44 93
32 45 93
33 46 93
34 47 93
35 48 93
36 49 93
37 50 93
38 51 93
39 52 93
40 53 93
41 54 93
42 55 93
43 56 93
44 57 93
45 58 93
46 59 93
47 60 93
48 61 93
49 62 93
50 63 93
51 64 93
52 65 93
53 66 93
54 67 93
55 68 93
56 69 93
57 70 93
58 71 93
59 72 93
60 73 93
61 74 93
62 75 93
63 76 93
64 77 93
65 78 93
66 79 93
67 80 93
68 81 93
69 82 93
70 83 93
71 84 93
72 85 93
73 86 93
74 87 93
75 88 93
76 89 93
77 90 93
78 91 93
79 92 93
0 80 93
1 81 93
2 82 93
3 83 93
4 84 93
5 85 93
6 86 93
7 87 93
8 88 93
9 89 93
10 90 93
11 91 93
12 92 93
0 13 93
1 14 93
2 15 93
3 16 93
4 17 93
5 18 93
6 19 93
7 20 93
8 21 93
9 22 93
10 23 93
11 24 93
12 25 93
13 26 93
14 27 93
15 28 93
16 29 93
17 30 93
18 31 93
19 32 93
20 33 93
21 34 93
12 20 43
13 21 44
14 22 45
15 23 46
16 24 47
17 25 48
18 26 49
19 27 50
20 28 51
21 29 52
22 30 53
23 31 54
24 32 55
25 33 56
26 34 57
27 35 58
28 36 59
29 37 60
30 38 61
31 39 62
32 40 63
33 41 64
34 42 65
35 43 66
36 44 67
37 45 68
38 46 69
39 47 70
40 48 71
41 49 72
42 50 73
43 51 74
44 52 75
45 53 76
46 54 77
47 55 78
48 56 79
49 57 80
50 58 81
51 59 82
52 60 83
53 61 84
54 62 85
55 63 86
56 64 87
57 65 88
58 66 89
59 67 90
60 68 91
61 69 92
0 62 70
1 63 71
2 64 72
3 65 73
4 66 74
5 67 75
6 68 76
7 69 77
8 70 78
9 71 79
10 72 80
11 73 81
12 74 82
13 75 83
14 76 84
15 77 85
16 78 86
17 79 87
18 80 88
19 81 89
20 82 90
21 83 91
22 84 92
0 23 85
1 24 86
2 25 87
3 26 88
4 27 89
5 28 90
6 29 91
7 30 92
0 8 31
1 9 32
2 10 33
3 11 34
4 12 35
5 13 36
6 14 37
7 15 38
8 16 39
9 17 40
10 18 41
11 19 42
15 32 83
16 33 84
17 34 85
18 35 86
19 36 87
20 37 88
21 38 89
22 39 90
23 40 91
24 41 92
0 25 42
1 26 43
2 27 44
3 28 45
4 29 46
5 30 47
6 31 48
7 32 49
8 33 50
9 34 51
10 35 52
11 36 53
12 37 54
13 38 55
14 39 56
15 40 57
16 41 58
17 42 59
18 43 60
19 44 61
20 45 62
21 46 63
22 47 64
23 48 65
24 49 66
25 50 67
26 51 68
27 52 69
28 53 70
29 54 71
30 55 72
31 56 73
32 57 74
33 58 75
34 59 76
35 60 77
36 61 78
37 62 79
38 63 80
39 64 81
40 65 82
41 66 83
42 67 84
43 68 85
44 69 86
45 70 87
46 71 88
47 72 89
48 73 90
49 74 91
50 75 92
0 51 76
1 52 77
2 53 78
3 54 79
4 55 80
5 56 81
6 57 82
7 58 83
8 59 84
9 60 85
10 61 86
11 62 87
12 63 88
13 64 89
14 65 90
15 66 91
16 67 92
0 17 68
1 18 69
2 19 70
3 20 71
4 21 72
5 22 73
6 23 74
7 24 75
8 25 76
9 26 77
10 27 78
11 28 79
12 29 80
13 30 81
14 31 82
9 15 48
10 16 49
11 17 50
12 18 51
13 19 52
14 20 53
15 21 54
16 22 55
17 23 56
18 24 57
19 25 58
20 26 59
21 27 60
22 28 61
23 29 62
24 30 63
25 31 64
26 32 65
27 33 66
28 34 67
29 35 68
30 36 69
31 37 70
32 38 71
33 39 72
34 40 73
35 41 74
36 42 75
37 43 76
38 44 77
39 45 78
40 46 79
41 47 80
42 48 81
43 49 82
44 50 83
45 51 84
46 52 85
47 53 86
48 54 87
49 55 88
50 56 89
51 57 90
52 58 91
53 59 92
0 54 60
1 55 61
2 56 62
3 57 63
4 58 64
5 59 65
6 60 66
7 61 67
8 62 68
9 63 69
10 64 70
11 65 71
12 66 72
13 67 73
14 68 74
15 69 75
16 70 76
17 71 77
18 72 78
19 73 79
20 74 80
21 75 81
22 76 82
23 77 83
24 78 84
25 79 85
26 80 86
27 81 87
28 82 88
29 83 89
30 84 90
31 85 91
32 86 92
0 33 87
1 34 88
2 35 89
3 36 90
4 37 91
5 38 92
0 6 39
1 7 40
2 8 41
3 9 42
4 10 43
5 11 44
6 12 45
7 13 46
8 14 47
25 45 86
26 46 87
27 47 88
28 48 89
29 49 90
30 50 91
31 51 92
0 32 52
1 33 53
2 34 54
3 35 55
4 36 56
5 37 57
6 38 58
7 39 59
8 40 60
9 41 61
10 42 62
11 43 63
12 44 64
13 45 65
14 46 66
15 47 67
16 48 68
17 49 69
18 50 70
19 51 71
20 52 72
21 53 73
22 54 74
23 55 75
24 56 76
25 57 77
26 58 78
27 59 79
28 60 80
29 61 81
30 62 82
31 63 83
32 64 84
33 65 85
34 66 86
35 67 87
36 68 88
37 69 89
38 70 90
39 71 91
40 72 92
0 41 73
1 42 74
2 43 75
3 44 76
4 45 77
5 46 78
6 47 79
7 48 80
8 49 81
9 50 82
10 51 83
11 52 84
12 53 85
13 54 86
14 55 87
15 56 88
16 57 89
17 58 90
18 59 91
19 60 92
0 20 61
1 21 62
2 22 63
3 23 64
4 24 65
5 25 66
6 26 67
7 27 68
8 28 69
9 29 70
10 30 71
11 31 72
12 32 73
13 33 74
14 34 75
15 35 76
16 36 77
17 37 78
18 38 79
19 39 80
20 40 81
21 41 82
22 42 83
23 43 84
24 44 85
1 25 82
2 26 83
3 27 84
4 28 85
5 29 86
6 30 87
7 31 88
8 32 89
9 33 90
10 34 91
11 35 92
0 12 36
1 13 37
2 14 38
3 15 39
4 16 40
5 17 41
6 18 42
7 19 43
8 20 44
9 21 45
10 22 46
11 23 47
12 24 48
13 25 49
14 26 50
15 27 51
16 28 52
17 29 53
18 30 54
19 31 55
20 32 56
21 33 57
22 34 58
23 35 59
24 36 60
25 37 61
26 38 62
27 39 63
28 40 64
29 41 65
30 42 66
31 43 67
32 44 68
33 45 69
34 46 70
35 47 71
36 48 72
37 49 73
38 50 74
39 51 75
40 52 76
41 53 77
42 54 78
43 55 79
44 56 80
45 57 81
46 58 82
47 59 83
48 60 84
49 61 85
50 62 86
51 63 87
52 64 88
53 65 89
54 66 90
55 67 91
56 68 92
0 57 69
1 58 70
2 59 71
3 60 72
4 61 73
5 62 74
6 63 75
7 64 76
8 65 77
9 66 78
10 67 79
11 68 80
12 69 81
13 70 82
14 71 83
15 72 84
16 73 85
17 74 86
18 75 87
19 76 88
20 77 89
21 78 90
22 79 91
23 80 92
0 24 81
9 57 83
10 58 84
11 59 85
12 60 86
13 61 87
14 62 88
15 63 89
16 64 90
17 65 91
18 66 92
0 19 67
1 20 68
2 21 69
3 22 70
4 23 71
5 24 72
6 25 73
7 26 74
8 27 75
9 28 76
10 29 77
11 30 78
12 31 79
13 32 80
14 33 81
15 34 82
16 35 83
17 36 84
18 37 85
19 38 86
20 39 87
21 40 88
22 41 89
23 42 90
24 43 91
25 44 92
0 26 45
1 27 46
2 28 47
3 29 48
4 30 49
5 31 50
6 32 51
7 33 52
8 34 53
9 35 54
10 36 55
11 37 56
12 38 57
13 39 58
14 40 59
15 41 60
16 42 61
17 43 62
18 44 63
19 45 64
20 46 65
21 47 66
22 48 67
23 49 68
24 50 69
25 51 70
26 52 71
27 53 72
28 54 73
29 55 74
30 56 75
31 57 76
32 58 77
33 59 78
34 60 79
35 61 80
36 62 81
37 63 82
38 64 83
39 65 84
40 66 85
41 67 86
42 68 87
43 69 88
44 70 89
45 71 90
46 72 91
47 73 92
0 48 74
1 49 75
2 50 76
3 51 77
4 52 78
5 53 79
6 54 80
7 55 81
8 56 82
