0 15 22 59 69 73 81
1 11 25 63 68 83 85
2 12 13 14 23 41 60
3 24 27 52 60 78 89
4 6 9 10 29 31 69
4 5 7 23 55 76 78
7 13 30 34 43 68 91
8 11 39 40 58 63 86
16 32 33 37 42 43 75
3 9 17 19 35 65 87
0 2 9 18 38 49 52
7 20 27 48 67 73 74
9 22 36 41 57 70 93
1 20 33 40 47 61 71
1 9 12 28 32 74 77
22 26 37 44 72 79 87
16 18 45 57 59 68 72
0 27 45 53 66 85 88
33 34 50 74 80 84 89
5 20 30 35 56 66 83
6 8 47 51 54 70 85
3 12 15 37 47 80 83
13 26 53 62 65 70 90
10 30 40 42 54 60 76
2 32 34 40 59 78 90
10 17 44 58 61 66 78
10 18 19 24 37 55 67
21 30 48 51 61 79 86
16 17 23 31 34 46 77
25 28 30 31 44 75 82
29 35 49 55 63 84 92
6 7 28 39 53 56 81
14 15 50 52 53 63 64
1 6 45 62 73 84 87
3 5 18 69 75 86 92
13 17 19 20 38 57 80
13 39 51 62 66 69 87
14 25 42 59 80 88 91
4 22 43 71 85 90 91
0 2 7 33 64 69 83
7 8 15 16 29 65 66
2 21 39 80 85 87 92
0 13 22 24 40 68 77
3 14 23 39 70 82 84
4 36 42 64 66 68 84
29 31 38 41 58 68 89
27 37 43 49 50 86 90
19 34 61 62 76 86 88
28 38 47 65 75 89 93
5 8 25 57 60 87 91
23 24 29 47 48 53 72
26 36 39 52 59 67 83
11 46 55 66 73 80 90
2 5 6 17 36 43 79
6 15 32 35 74 88 89
4 19 22 32 39 49 50
8 14 31 62 67 75 79
10 33 43 63 73 82 93
18 35 40 41 44 50 51
20 24 29 34 45 52 54
37 58 59 60 62 77 85
7 10 25 47 56 77 90
0 1 31 51 76 80 91
12 23 44 57 67 81 90
9 16 30 39 47 50 88
17 40 53 55 69 74 91
4 20 21 44 50 65 68
6 22 38 46 63 66 86
4 24 41 45 56 75 80
18 26 32 55 64 81 82
1 23 27 37 38 83 91
22 42 51 53 78 82 83
43 44 45 48 77 83 93
8 21 58 69 72 84 93
6 18 48 50 58 76 92
7 12 54 58 71 79 88
11 15 17 49 60 72 75
1 7 50 55 59 70 75
0 23 25 43 58 65 74
3 29 33 51 57 64 77
5 7 19 21 33 40 52
8 35 38 48 59 64 71
14 16 21 54 55 56 82
17 24 28 50 62 71 83
8 9 26 34 42 71 73
31 36 37 45 65 71 86
17 52 73 74 76 81 85
5 10 14 16 26 49 89
2 16 61 63 67 70 80
1 41 64 65 78 79 92
23 54 61 68 69 80 93
11 18 27 42 61 77 87
0 8 12 17 20 92 93
1 3 10 13 34 48 52
19 20 43 51 64 70 89
10 12 24 26 51 84 88
22 23 27 30 59 64 75
0 5 29 44 54 62 63
6 33 35 46 60 67 68
3 31 40 49 59 66 93
28 34 37 57 63 69 76
9 44 56 59 86 89 91
66 67 76 77 82 89 91
18 23 26 33 66 74 86
13 15 18 56 77 78 84
26 27 31 52 56 57 92
4 7 14 17 18 47 70
5 11 37 38 82 88 92
19 29 41 46 61 82 91
24 31 35 42 79 85 93
17 30 33 41 45 63 90
17 25 32 66 70 76 79
30 36 49 53 58 80 87
5 12 39 42 61 65 72
2 11 22 35 45 47 76
6 11 14 19 30 68 74
0 34 47 55 67 86 87
0 4 16 60 74 79 83
21 26 47 63 65 78 91
15 30 39 48 55 89 93
1 14 35 43 54 57 81
0 8 24 30 46 49 81
9 13 33 37 54 58 75
11 12 16 36 48 62 91
31 33 48 70 78 87 88
12 20 30 38 69 78 85
15 22 28 33 55 61 85
8 10 32 53 59 68 92
5 15 24 27 34 58 70
7 31 35 37 53 61 84
3 25 41 50 53 54 67
17 29 51 52 56 68 93
18 25 27 29 34 39 79
27 32 36 51 54 63 72
7 9 23 45 51 80 92
21 47 49 57 62 74 82
1 24 39 42 69 89 90
1 16 19 53 60 86 93
8 41 43 52 55 69 88
6 50 52 71 75 77 91
3 11 19 23 42 44 71
10 18 22 34 60 65 80
6 13 23 49 54 61 83
2 40 48 56 65 82 85
29 36 37 56 60 73 88
0 14 28 37 41 48 66
13 32 46 47 50 69 79
13 24 44 63 74 75 88
1 4 25 40 46 89 92
11 30 32 52 57 65 84
11 13 31 64 72 81 91
14 29 75 76 87 90 93
3 21 38 43 46 53 76
30 35 70 72 73 77 92
5 11 20 28 46 51 59
9 11 14 24 43 61 73
1 8 17 27 44 80 82
10 15 38 42 45 70 74
6 7 24 36 57 82 86
9 27 55 61 62 68 81
0 10 39 57 71 75 78
2 3 16 28 39 68 73
10 21 27 32 35 44 64
12 18 31 53 63 71 89
27 41 43 47 59 76 84
6 20 21 25 37 42 81
20 23 32 41 73 87 89
36 40 70 81 83 88 89
8 10 23 36 50 66 85
2 10 46 64 72 88 90
49 65 68 73 77 79 88
12 22 32 47 52 62 92
14 32 72 77 80 85 86
8 19 26 45 49 77 78
7 14 34 38 44 49 85
1 15 18 21 30 36 46
1 5 24 32 38 56 67
39 43 47 60 64 66 74
6 12 17 34 41 59 82
9 15 49 64 71 76 82
8 22 56 61 74 75 81
7 26 32 38 60 61 93
13 21 29 59 74 87 92
2 31 32 55 57 58 83
2 29 42 50 78 81 86
3 8 28 64 68 70 86
17 37 39 40 54 64 73
12 26 28 29 40 43 80
2 19 25 26 48 54 69
12 38 39 44 55 76 79
23 40 42 52 79 82 87
13 17 21 42 57 85 89
9 20 60 63 72 79 90
19 28 44 60 81 84 92
11 16 21 41 69 71 77
6 40 62 64 78 80 93
0 3 6 42 55 56 72
13 16 27 28 35 36 78
12 21 70 73 78 86 91
4 28 42 47 58 67 86
7 10 11 22 54 87 89
2 20 36 44 53 55 77
4 11 26 34 35 53 75
3 36 51 61 74 90 92
5 9 50 64 67 84 85
0 11 26 50 56 70 93
18 19 29 73 75 83 85
2 4 8 30 37 62 89
23 35 56 62 69 76 85
14 24 33 36 59 65 76
33 41 42 48 49 67 92
10 15 20 41 62 83 86
12 34 45 46 56 58 64
9 21 22 24 31 60 66
5 47 48 68 71 80 81
7 37 68 72 74 78 82
8 13 22 67 72 76 89
3 4 48 57 63 66 88
25 33 38 50 62 72 73
14 34 66 71 72 83 92
6 14 27 40 65 67 69
12 15 50 60 68 87 90
16 37 44 46 52 70 85
13 25 45 51 55 60 71
17 21 23 28 45 67 88
10 20 28 49 79 84 91
2 27 46 71 74 84 93
4 15 16 38 40 51 84
15 19 23 56 59 63 79
9 40 46 48 53 57 75
0 35 52 58 80 82 90
1 4 52 59 61 72 88
1 3 17 22 26 29 58
33 35 39 45 81 91 93
2 15 24 54 57 91 92
3 18 20 32 58 62 91
28 40 43 56 71 72 87
4 5 13 53 73 82 93
19 31 36 38 47 69 90
16 20 31 43 50 82 92
34 37 51 65 67 81 93
6 15 26 31 44 47 73
8 11 29 33 53 79 80
3 5 14 40 45 79 81
17 38 48 54 59 84 86
0 45 50 57 61 79 89
46 54 55 65 83 84 87
32 45 48 60 69 82 83
1 2 12 49 51 66 75
20 26 39 46 68 75 76
16 24 25 61 64 76 87
0 29 30 32 67 70 71
14 46 51 57 58 73 78
5 31 39 41 54 74 77
16 19 41 58 66 72 81
0 4 12 19 27 33 54
0 21 25 34 36 75 84
33 44 49 56 60 69 70
4 10 38 63 77 81 87
8 9 18 21 76 83 90
18 28 52 54 66 78 90
3 7 25 26 30 41 85
14 18 20 22 25 88 93
12 13 25 35 49 52 86
9 11 15 25 43 67 78
7 18 42 43 46 62 63
5 6 16 22 48 84 90
