2 7 8 32 48 70 81 84
3 8 9 33 49 71 82 85
4 9 10 34 50 72 83 86
5 10 11 35 51 73 84 87
6 11 12 36 52 74 85 88
7 12 13 37 53 75 86 89
8 13 14 38 54 76 87 90
9 14 15 39 55 77 88 91
10 15 16 40 56 78 89 92
11 16 17 41 57 79 90 93
0 12 17 18 42 58 80 91
1 13 18 19 43 59 81 92
2 14 19 20 44 60 82 93
0 3 15 20 21 45 61 83
1 4 16 21 22 46 62 84
2 5 17 22 23 47 63 85
3 6 18 23 24 48 64 86
4 7 19 24 25 49 65 87
5 8 20 25 26 50 66 88
6 9 21 26 27 51 67 89
7 10 22 27 28 52 68 90
8 11 23 28 29 53 69 91
9 12 24 29 30 54 70 92
10 13 25 30 31 55 71 93
0 11 14 26 31 32 56 72
1 12 15 27 32 33 57 73
2 13 16 28 33 34 58 74
3 14 17 29 34 35 59 75
4 15 18 30 35 36 60 76
5 16 19 31 36 37 61 77
6 17 20 32 37 38 62 78
7 18 21 33 38 39 63 79
8 19 22 34 39 40 64 80
9 20 23 35 40 41 65 81
10 21 24 36 41 42 66 82
11 22 25 37 42 43 67 83
12 23 26 38 43 44 68 84
13 24 27 39 44 45 69 85
14 25 28 40 45 46 70 86
15 26 29 41 46 47 71 87
16 27 30 42 47 48 72 88
17 28 31 43 48 49 73 89
18 29 32 44 49 50 74 90
19 30 33 45 50 51 75 91
20 31 34 46 51 52 76 92
21 32 35 47 52 53 77 93
0 22 33 36 48 53 54 78
1 23 34 37 49 54 55 79
2 24 35 38 50 55 56 80
3 25 36 39 51 56 57 81
4 26 37 40 52 57 58 82
5 27 38 41 53 58 59 83
6 28 39 42 54 59 60 84
7 29 40 43 55 60 61 85
8 30 41 44 56 61 62 86
9 31 42 45 57 62 63 87
10 32 43 46 58 63 64 88
11 33 44 47 59 64 65 89
12 34 45 48 60 65 66 90
13 35 46 49 61 66 67 91
14 36 47 50 62 67 68 92
15 37 48 51 63 68 69 93
0 16 38 49 52 64 69 70
1 17 39 50 53 65 70 71
2 18 40 51 54 66 71 72
3 19 41 52 55 67 72 73
4 20 42 53 56 68 73 74
5 21 43 54 57 69 74 75
6 22 44 55 58 70 75 76
7 23 45 56 59 71 76 77
8 24 46 57 60 72 77 78
9 25 47 58 61 73 78 79
10 26 48 59 62 74 79 80
11 27 49 60 63 75 80 81
12 28 50 61 64 76 81 82
13 29 51 62 65 77 82 83
14 30 52 63 66 78 83 84
15 31 53 64 67 79 84 85
16 32 54 65 68 80 85 86
17 33 55 66 69 81 86 87
18 34 56 67 70 82 87 88
19 35 57 68 71 83 88 89
20 36 58 69 72 84 89 90
21 37 59 70 73 85 90 91
22 38 60 71 74 86 91 92
23 39 61 72 75 87 92 93
0 24 40 62 73 76 88 93
0 1 25 41 63 74 77 89
1 2 26 42 64 75 78 90
2 3 27 43 65 76 79 91
3 4 28 44 66 77 80 92
4 5 29 45 67 78 81 93
0 5 6 30 46 68 79 82
1 6 7 31 47 69 80 83
5 18 55 57 61 64 65 84
6 19 56 58 62 65 66 85
7 20 57 59 63 66 67 86
8 21 58 60 64 67 68 87
9 22 59 61 65 68 69 88
10 23 60 62 66 69 70 89
11 24 61 63 67 70 71 90
12 25 62 64 68 71 72 91
13 26 63 65 69 72 73 92
14 27 64 66 70 73 74 93
0 15 28 65 67 71 74 75
1 16 29 66 68 72 75 76
2 17 30 67 69 73 76 77
3 18 31 68 70 74 77 78
4 19 32 69 71 75 78 79
5 20 33 70 72 76 79 80
6 21 34 71 73 77 80 81
7 22 35 72 74 78 81 82
8 23 36 73 75 79 82 83
9 24 37 74 76 80 83 84
10 25 38 75 77 81 84 85
11 26 39 76 78 82 85 86
12 27 40 77 79 83 86 87
13 28 41 78 80 84 87 88
14 29 42 79 81 85 88 89
15 30 43 80 82 86 89 90
16 31 44 81 83 87 90 91
17 32 45 82 84 88 91 92
18 33 46 83 85 89 92 93
0 19 34 47 84 86 90 93
0 1 20 35 48 85 87 91
1 2 21 36 49 86 88 92
2 3 22 37 50 87 89 93
0 3 4 23 38 51 88 90
1 4 5 24 39 52 89 91
2 5 6 25 40 53 90 92
3 6 7 26 41 54 91 93
0 4 7 8 27 42 55 92
1 5 8 9 28 43 56 93
0 2 6 9 10 29 44 57
1 3 7 10 11 30 45 58
2 4 8 11 12 31 46 59
3 5 9 12 13 32 47 60
4 6 10 13 14 33 48 61
5 7 11 14 15 34 49 62
6 8 12 15 16 35 50 63
7 9 13 16 17 36 51 64
8 10 14 17 18 37 52 65
9 11 15 18 19 38 53 66
10 12 16 19 20 39 54 67
11 13 17 20 21 40 55 68
12 14 18 21 22 41 56 69
13 15 19 22 23 42 57 70
14 16 20 23 24 43 58 71
15 17 21 24 25 44 59 72
16 18 22 25 26 45 60 73
17 19 23 26 27 46 61 74
18 20 24 27 28 47 62 75
19 21 25 28 29 48 63 76
20 22 26 29 30 49 64 77
21 23 27 30 31 50 65 78
22 24 28 31 32 51 66 79
23 25 29 32 33 52 67 80
24 26 30 33 34 53 68 81
25 27 31 34 35 54 69 82
26 28 32 35 36 55 70 83
27 29 33 36 37 56 71 84
28 30 34 37 38 57 72 85
29 31 35 38 39 58 73 86
30 32 36 39 40 59 74 87
31 33 37 40 41 60 75 88
32 34 38 41 42 61 76 89
33 35 39 42 43 62 77 90
34 36 40 43 44 63 78 91
35 37 41 44 45 64 79 92
36 38 42 45 46 65 80 93
0 37 39 43 46 47 66 81
1 38 40 44 47 48 67 82
2 39 41 45 48 49 68 83
3 40 42 46 49 50 69 84
4 41 43 47 50 51 70 85
5 42 44 48 51 52 71 86
6 43 45 49 52 53 72 87
7 44 46 50 53 54 73 88
8 45 47 51 54 55 74 89
9 46 48 52 55 56 75 90
10 47 49 53 56 57 76 91
11 48 50 54 57 58 77 92
12 49 51 55 58 59 78 93
0 13 50 52 56 59 60 79
1 14 51 53 57 60 61 80
2 15 52 54 58 61 62 81
3 16 53 55 59 62 63 82
4 17 54 56 60 63 64 83
