22 39 73 84
24 41 75 86
26 43 77 88
28 45 79 90
30 47 81 92
0 32 49 83
2 34 51 85
4 36 53 87
6 38 55 89
8 40 57 91
10 42 59 93
1 12 44 61
3 14 46 63
5 16 48 65
7 18 50 67
9 20 52 69
11 22 54 71
13 24 56 73
15 26 58 75
17 28 60 77
19 30 62 79
21 32 64 81
23 34 66 83
25 36 68 85
27 38 70 87
29 40 72 89
31 42 74 91
33 44 76 93
1 35 46 78
3 37 48 80
5 39 50 82
7 41 52 84
9 43 54 86
11 45 56 88
13 47 58 90
15 49 60 92
0 17 51 62
2 19 53 64
4 21 55 66
6 23 57 68
8 25 59 70
10 27 61 72
12 29 63 74
14 31 65 76
16 33 67 78
18 35 69 80
20 37 71 82
18 26 52 70
20 28 54 72
22 30 56 74
24 32 58 76
26 34 60 78
28 36 62 80
30 38 64 82
32 40 66 84
34 42 68 86
36 44 70 88
38 46 72 90
40 48 74 92
0 42 50 76
2 44 52 78
4 46 54 80
6 48 56 82
8 50 58 84
10 52 60 86
12 54 62 88
14 56 64 90
16 58 66 92
0 18 60 68
2 20 62 70
4 22 64 72
6 24 66 74
8 26 68 76
10 28 70 78
12 30 72 80
14 32 74 82
16 34 76 84
18 36 78 86
20 38 80 88
22 40 82 90
24 42 84 92
0 26 44 86
2 28 46 88
4 30 48 90
6 32 50 92
0 8 34 52
2 10 36 54
4 12 38 56
6 14 40 58
8 16 42 60
10 18 44 62
12 20 46 64
14 22 48 66
16 24 50 68
5 8 15 82
7 10 17 84
9 12 19 86
11 14 21 88
13 16 23 90
15 18 25 92
0 17 20 27
2 19 22 29
4 21 24 31
6 23 26 33
8 25 28 35
10 27 30 37
12 29 32 39
14 31 34 41
16 33 36 43
18 35 38 45
20 37 40 47
22 39 42 49
24 41 44 51
26 43 46 53
28 45 48 55
30 47 50 57
32 49 52 59
34 51 54 61
36 53 56 63
38 55 58 65
40 57 60 67
42 59 62 69
44 61 64 71
46 63 66 73
48 65 68 75
50 67 70 77
52 69 72 79
54 71 74 81
56 73 76 83
58 75 78 85
60 77 80 87
62 79 82 89
64 81 84 91
66 83 86 93
1 68 85 88
3 70 87 90
5 72 89 92
0 7 74 91
2 9 76 93
1 4 11 78
3 6 13 80
3 24 34 47
5 26 36 49
7 28 38 51
9 30 40 53
11 32 42 55
13 34 44 57
15 36 46 59
17 38 48 61
19 40 50 63
21 42 52 65
23 44 54 67
25 46 56 69
27 48 58 71
29 50 60 73
31 52 62 75
33 54 64 77
35 56 66 79
37 58 68 81
39 60 70 83
41 62 72 85
43 64 74 87
45 66 76 89
47 68 78 91
49 70 80 93
1 51 72 82
3 53 74 84
5 55 76 86
7 57 78 88
9 59 80 90
11 61 82 92
0 13 63 84
2 15 65 86
4 17 67 88
6 19 69 90
8 21 71 92
0 10 23 73
2 12 25 75
4 14 27 77
6 16 29 79
8 18 31 81
10 20 33 83
12 22 35 85
14 24 37 87
16 26 39 89
18 28 41 91
20 30 43 93
1 22 32 45
19 52 66 71
21 54 68 73
23 56 70 75
25 58 72 77
27 60 74 79
29 62 76 81
31 64 78 83
33 66 80 85
35 68 82 87
37 70 84 89
39 72 86 91
41 74 88 93
1 43 76 90
3 45 78 92
0 5 47 80
2 7 49 82
4 9 51 84
6 11 53 86
8 13 55 88
10 15 57 90
12 17 59 92
0 14 19 61
2 16 21 63
4 18 23 65
6 20 25 67
8 22 27 69
10 24 29 71
12 26 31 73
14 28 33 75
16 30 35 77
18 32 37 79
20 34 39 81
22 36 41 83
24 38 43 85
26 40 45 87
28 42 47 89
30 44 49 91
32 46 51 93
1 34 48 53
3 36 50 55
5 38 52 57
7 40 54 59
9 42 56 61
11 44 58 63
13 46 60 65
15 48 62 67
17 50 64 69
1 9 62 65
3 11 64 67
5 13 66 69
7 15 68 71
9 17 70 73
11 19 72 75
13 21 74 77
15 23 76 79
17 25 78 81
19 27 80 83
21 29 82 85
23 31 84 87
25 33 86 89
27 35 88 91
29 37 90 93
1 31 39 92
0 3 33 41
2 5 35 43
4 7 37 45
6 9 39 47
8 11 41 49
10 13 43 51
12 15 45 53
14 17 47 55
16 19 49 57
18 21 51 59
20 23 53 61
22 25 55 63
24 27 57 65
26 29 59 67
28 31 61 69
30 33 63 71
32 35 65 73
34 37 67 75
36 39 69 77
38 41 71 79
40 43 73 81
42 45 75 83
44 47 77 85
46 49 79 87
48 51 81 89
50 53 83 91
52 55 85 93
1 54 57 87
3 56 59 89
5 58 61 91
7 60 63 93
9 48 85 87
11 50 87 89
13 52 89 91
15 54 91 93
1 17 56 93
1 3 19 58
3 5 21 60
5 7 23 62
7 9 25 64
9 11 27 66
11 13 29 68
13 15 31 70
15 17 33 72
17 19 35 74
19 21 37 76
21 23 39 78
23 25 41 80
25 27 43 82
27 29 45 84
29 31 47 86
31 33 49 88
33 35 51 90
35 37 53 92
0 37 39 55
2 39 41 57
4 41 43 59
6 43 45 61
8 45 47 63
10 47 49 65
12 49 51 67
14 51 53 69
16 53 55 71
18 55 57 73
20 57 59 75
22 59 61 77
24 61 63 79
26 63 65 81
28 65 67 83
30 67 69 85
32 69 71 87
34 71 73 89
36 73 75 91
38 75 77 93
1 40 77 79
3 42 79 81
5 44 81 83
7 46 83 85
2 33 59 68
4 35 61 70
6 37 63 72
8 39 65 74
10 41 67 76
12 43 69 78
14 45 71 80
16 47 73 82
18 49 75 84
20 51 77 86
22 53 79 88
24 55 81 90
26 57 83 92
0 28 59 85
2 30 61 87
4 32 63 89
6 34 65 91
8 36 67 93
1 10 38 69
3 12 40 71
5 14 42 73
7 16 44 75
9 18 46 77
11 20 48 79
13 22 50 81
15 24 52 83
17 26 54 85
19 28 56 87
21 30 58 89
23 32 60 91
25 34 62 93
1 27 36 64
3 29 38 66
5 31 40 68
7 33 42 70
9 35 44 72
11 37 46 74
13 39 48 76
15 41 50 78
17 43 52 80
19 45 54 82
21 47 56 84
23 49 58 86
25 51 60 88
27 53 62 90
29 55 64 92
0 31 57 66
30 42 51 78
32 44 53 80
34 46 55 82
36 48 57 84
38 50 59 86
40 52 61 88
42 54 63 90
44 56 65 92
0 46 58 67
2 48 60 69
4 50 62 71
6 52 64 73
8 54 66 75
10 56 68 77
12 58 70 79
14 60 72 81
16 62 74 83
18 64 76 85
20 66 78 87
22 68 80 89
24 70 82 91
26 72 84 93
1 28 74 86
3 30 76 88
5 32 78 90
7 34 80 92
0 9 36 82
2 11 38 84
4 13 40 86
6 15 42 88
8 17 44 90
10 19 46 92
0 12 21 48
2 14 23 50
4 16 25 52
6 18 27 54
8 20 29 56
10 22 31 58
12 24 33 60
14 26 35 62
16 28 37 64
18 30 39 66
20 32 41 68
22 34 43 70
24 36 45 72
26 38 47 74
28 40 49 76
13 37 41 54
15 39 43 56
17 41 45 58
19 43 47 60
21 45 49 62
23 47 51 64
25 49 53 66
27 51 55 68
29 53 57 70
31 55 59 72
33 57 61 74
35 59 63 76
37 61 65 78
39 63 67 80
41 65 69 82
43 67 71 84
45 69 73 86
47 71 75 88
49 73 77 90
51 75 79 92
0 53 77 81
2 55 79 83
4 57 81 85
6 59 83 87
8 61 85 89
10 63 87 91
12 65 89 93
1 14 67 91
3 16 69 93
1 5 18 71
3 7 20 73
5 9 22 75
7 11 24 77
9 13 26 79
11 15 28 81
13 17 30 83
15 19 32 85
17 21 34 87
19 23 36 89
21 25 38 91
23 27 40 93
1 25 29 42
3 27 31 44
5 29 33 46
7 31 35 48
9 33 37 50
11 35 39 52
11 18 34 90
13 20 36 92
0 15 22 38
2 17 24 40
4 19 26 42
6 21 28 44
8 23 30 46
10 25 32 48
12 27 34 50
14 29 36 52
16 31 38 54
18 33 40 56
20 35 42 58
22 37 44 60
24 39 46 62
26 41 48 64
28 43 50 66
30 45 52 68
32 47 54 70
34 49 56 72
36 51 58 74
38 53 60 76
40 55 62 78
42 57 64 80
44 59 66 82
46 61 68 84
48 63 70 86
50 65 72 88
52 67 74 90
54 69 76 92
0 56 71 78
2 58 73 80
4 60 75 82
6 62 77 84
8 64 79 86
10 66 81 88
12 68 83 90
14 70 85 92
0 16 72 87
2 18 74 89
4 20 76 91
6 22 78 93
1 8 24 80
3 10 26 82
5 12 28 84
7 14 30 86
9 16 32 88
80 81 82 86
82 83 84 88
84 85 86 90
86 87 88 92
0 88 89 90
2 90 91 92
0 4 92 93
0 1 2 6
2 3 4 8
4 5 6 10
6 7 8 12
8 9 10 14
10 11 12 16
12 13 14 18
14 15 16 20
16 17 18 22
18 19 20 24
20 21 22 26
22 23 24 28
24 25 26 30
26 27 28 32
28 29 30 34
30 31 32 36
32 33 34 38
34 35 36 40
36 37 38 42
38 39 40 44
40 41 42 46
42 43 44 48
44 45 46 50
46 47 48 52
48 49 50 54
50 51 52 56
52 53 54 58
54 55 56 60
56 57 58 62
58 59 60 64
60 61 62 66
62 63 64 68
64 65 66 70
66 67 68 72
68 69 70 74
70 71 72 76
72 73 74 78
74 75 76 80
76 77 78 82
78 79 80 84
6 49 71 85
8 51 73 87
10 53 75 89
12 55 77 91
14 57 79 93
1 16 59 81
3 18 61 83
5 20 63 85
7 22 65 87
9 24 67 89
11 26 69 91
13 28 71 93
1 15 30 73
3 17 32 75
5 19 34 77
7 21 36 79
9 23 38 81
11 25 40 83
13 27 42 85
15 29 44 87
17 31 46 89
19 33 48 91
21 35 50 93
1 23 37 52
3 25 39 54
5 27 41 56
7 29 43 58
9 31 45 60
11 33 47 62
13 35 49 64
15 37 51 66
17 39 53 68
19 41 55 70
21 43 57 72
23 45 59 74
25 47 61 76
27 49 63 78
29 51 65 80
31 53 67 82
33 55 69 84
35 57 71 86
37 59 73 88
39 61 75 90
41 63 77 92
0 43 65 79
2 45 67 81
4 47 69 83
12 25 37 57
14 27 39 59
16 29 41 61
18 31 43 63
20 33 45 65
22 35 47 67
24 37 49 69
26 39 51 71
28 41 53 73
30 43 55 75
32 45 57 77
34 47 59 79
36 49 61 81
38 51 63 83
40 53 65 85
42 55 67 87
44 57 69 89
46 59 71 91
48 61 73 93
1 50 63 75
3 52 65 77
5 54 67 79
7 56 69 81
9 58 71 83
11 60 73 85
13 62 75 87
15 64 77 89
17 66 79 91
19 68 81 93
1 21 70 83
3 23 72 85
5 25 74 87
7 27 76 89
9 29 78 91
11 31 80 93
1 13 33 82
3 15 35 84
5 17 37 86
7 19 39 88
9 21 41 90
11 23 43 92
0 13 25 45
2 15 27 47
4 17 29 49
6 19 31 51
8 21 33 53
10 23 35 55
4 15 34 74
6 17 36 76
8 19 38 78
10 21 40 80
12 23 42 82
14 25 44 84
16 27 46 86
18 29 48 88
20 31 50 90
22 33 52 92
0 24 35 54
2 26 37 56
4 28 39 58
6 30 41 60
8 32 43 62
10 34 45 64
12 36 47 66
14 38 49 68
16 40 51 70
18 42 53 72
20 44 55 74
22 46 57 76
24 48 59 78
26 50 61 80
28 52 63 82
30 54 65 84
32 56 67 86
34 58 69 88
36 60 71 90
38 62 73 92
0 40 64 75
2 42 66 77
4 44 68 79
6 46 70 81
8 48 72 83
10 50 74 85
12 52 76 87
14 54 78 89
16 56 80 91
18 58 82 93
1 20 60 84
3 22 62 86
5 24 64 88
7 26 66 90
9 28 68 92
0 11 30 70
2 13 32 72
6 29 35 75
8 31 37 77
10 33 39 79
12 35 41 81
14 37 43 83
16 39 45 85
18 41 47 87
20 43 49 89
22 45 51 91
24 47 53 93
1 26 49 55
3 28 51 57
5 30 53 59
7 32 55 61
9 34 57 63
11 36 59 65
13 38 61 67
15 40 63 69
17 42 65 71
19 44 67 73
21 46 69 75
23 48 71 77
25 50 73 79
27 52 75 81
29 54 77 83
31 56 79 85
33 58 81 87
35 60 83 89
37 62 85 91
39 64 87 93
1 41 66 89
3 43 68 91
5 45 70 93
1 7 47 72
3 9 49 74
5 11 51 76
7 13 53 78
9 15 55 80
11 17 57 82
13 19 59 84
15 21 61 86
17 23 63 88
19 25 65 90
21 27 67 92
0 23 29 69
2 25 31 71
4 27 33 73
