3 33 49 51
4 34 50 52
5 35 51 53
6 36 52 54
7 37 53 55
8 38 54 56
9 39 55 57
10 40 56 58
11 41 57 59
12 42 58 60
13 43 59 61
14 44 60 62
15 45 61 63
16 46 62 64
17 47 63 65
18 48 64 66
19 49 65 67
20 50 66 68
21 51 67 69
22 52 68 70
23 53 69 71
24 54 70 72
25 55 71 73
26 56 72 74
27 57 73 75
28 58 74 76
29 59 75 77
30 60 76 78
31 61 77 79
32 62 78 80
33 63 79 81
34 64 80 82
35 65 81 83
36 66 82 84
37 67 83 85
38 68 84 86
39 69 85 87
40 70 86 88
41 71 87 89
42 72 88 90
43 73 89 91
44 74 90 92
45 75 91 93
46 76 92 94
0 47 77 93
1 48 78 94
0 2 49 79
1 3 50 80
2 4 51 81
3 5 52 82
4 6 53 83
5 7 54 84
6 8 55 85
7 9 56 86
8 10 57 87
9 11 58 88
10 12 59 89
11 13 60 90
12 14 61 91
13 15 62 92
14 16 63 93
15 17 64 94
0 16 18 65
1 17 19 66
2 18 20 67
3 19 21 68
4 20 22 69
5 21 23 70
6 22 24 71
7 23 25 72
8 24 26 73
9 25 27 74
10 26 28 75
11 27 29 76
12 28 30 77
13 29 31 78
14 30 32 79
15 31 33 80
16 32 34 81
17 33 35 82
18 34 36 83
19 35 37 84
20 36 38 85
21 37 39 86
22 38 40 87
23 39 41 88
24 40 42 89
25 41 43 90
26 42 44 91
27 43 45 92
28 44 46 93
29 45 47 94
0 30 46 48
1 31 47 49
2 32 48 50
1 58 71 72
2 59 72 73
3 60 73 74
4 61 74 75
5 62 75 76
6 63 76 77
7 64 77 78
8 65 78 79
9 66 79 80
10 67 80 81
11 68 81 82
12 69 82 83
13 70 83 84
14 71 84 85
15 72 85 86
16 73 86 87
17 74 87 88
18 75 88 89
19 76 89 90
20 77 90 91
21 78 91 92
22 79 92 93
23 80 93 94
0 24 81 94
0 1 25 82
1 2 26 83
2 3 27 84
3 4 28 85
4 5 29 86
5 6 30 87
6 7 31 88
7 8 32 89
8 9 33 90
9 10 34 91
10 11 35 92
11 12 36 93
12 13 37 94
0 13 14 38
1 14 15 39
2 15 16 40
3 16 17 41
4 17 18 42
5 18 19 43
6 19 20 44
7 20 21 45
8 21 22 46
9 22 23 47
10 23 24 48
11 24 25 49
12 25 26 50
13 26 27 51
14 27 28 52
15 28 29 53
16 29 30 54
17 30 31 55
18 31 32 56
19 32 33 57
20 33 34 58
21 34 35 59
22 35 36 60
23 36 37 61
24 37 38 62
25 38 39 63
26 39 40 64
27 40 41 65
28 41 42 66
29 42 43 67
30 43 44 68
31 44 45 69
32 45 46 70
33 46 47 71
34 47 48 72
35 48 49 73
36 49 50 74
37 50 51 75
38 51 52 76
39 52 53 77
40 53 54 78
41 54 55 79
42 55 56 80
43 56 57 81
44 57 58 82
45 58 59 83
46 59 60 84
47 60 61 85
48 61 62 86
49 62 63 87
50 63 64 88
51 64 65 89
52 65 66 90
53 66 67 91
54 67 68 92
55 68 69 93
56 69 70 94
0 57 70 71
28 45 56 60
29 46 57 61
30 47 58 62
31 48 59 63
32 49 60 64
33 50 61 65
34 51 62 66
35 52 63 67
36 53 64 68
37 54 65 69
38 55 66 70
39 56 67 71
40 57 68 72
41 58 69 73
42 59 70 74
43 60 71 75
44 61 72 76
45 62 73 77
46 63 74 78
47 64 75 79
48 65 76 80
49 66 77 81
50 67 78 82
51 68 79 83
52 69 80 84
53 70 81 85
54 71 82 86
55 72 83 87
56 73 84 88
57 74 85 89
58 75 86 90
59 76 87 91
60 77 88 92
61 78 89 93
62 79 90 94
0 63 80 91
1 64 81 92
2 65 82 93
3 66 83 94
0 4 67 84
1 5 68 85
2 6 69 86
3 7 70 87
4 8 71 88
5 9 72 89
6 10 73 90
7 11 74 91
8 12 75 92
9 13 76 93
10 14 77 94
0 11 15 78
1 12 16 79
2 13 17 80
3 14 18 81
4 15 19 82
5 16 20 83
6 17 21 84
7 18 22 85
8 19 23 86
9 20 24 87
10 21 25 88
11 22 26 89
12 23 27 90
13 24 28 91
14 25 29 92
15 26 30 93
16 27 31 94
0 17 28 32
1 18 29 33
2 19 30 34
3 20 31 35
4 21 32 36
5 22 33 37
6 23 34 38
7 24 35 39
8 25 36 40
9 26 37 41
10 27 38 42
11 28 39 43
12 29 40 44
13 30 41 45
14 31 42 46
15 32 43 47
16 33 44 48
17 34 45 49
18 35 46 50
19 36 47 51
20 37 48 52
21 38 49 53
22 39 50 54
23 40 51 55
24 41 52 56
25 42 53 57
26 43 54 58
27 44 55 59
7 27 30 36
8 28 31 37
9 29 32 38
10 30 33 39
11 31 34 40
12 32 35 41
13 33 36 42
14 34 37 43
15 35 38 44
16 36 39 45
17 37 40 46
18 38 41 47
19 39 42 48
20 40 43 49
21 41 44 50
22 42 45 51
23 43 46 52
24 44 47 53
25 45 48 54
26 46 49 55
27 47 50 56
28 48 51 57
29 49 52 58
30 50 53 59
31 51 54 60
32 52 55 61
33 53 56 62
34 54 57 63
35 55 58 64
36 56 59 65
37 57 60 66
38 58 61 67
39 59 62 68
40 60 63 69
41 61 64 70
42 62 65 71
43 63 66 72
44 64 67 73
45 65 68 74
46 66 69 75
47 67 70 76
48 68 71 77
49 69 72 78
50 70 73 79
51 71 74 80
52 72 75 81
53 73 76 82
54 74 77 83
55 75 78 84
56 76 79 85
57 77 80 86
58 78 81 87
59 79 82 88
60 80 83 89
61 81 84 90
62 82 85 91
63 83 86 92
64 84 87 93
65 85 88 94
0 66 86 89
1 67 87 90
2 68 88 91
3 69 89 92
4 70 90 93
5 71 91 94
0 6 72 92
1 7 73 93
2 8 74 94
0 3 9 75
1 4 10 76
2 5 11 77
3 6 12 78
4 7 13 79
5 8 14 80
6 9 15 81
7 10 16 82
8 11 17 83
9 12 18 84
10 13 19 85
11 14 20 86
12 15 21 87
13 16 22 88
14 17 23 89
15 18 24 90
16 19 25 91
17 20 26 92
18 21 27 93
19 22 28 94
0 20 23 29
1 21 24 30
2 22 25 31
3 23 26 32
4 24 27 33
5 25 28 34
6 26 29 35
18 62 72 77
19 63 73 78
20 64 74 79
21 65 75 80
22 66 76 81
23 67 77 82
24 68 78 83
25 69 79 84
26 70 80 85
27 71 81 86
28 72 82 87
29 73 83 88
30 74 84 89
31 75 85 90
32 76 86 91
33 77 87 92
34 78 88 93
35 79 89 94
0 36 80 90
1 37 81 91
2 38 82 92
3 39 83 93
4 40 84 94
0 5 41 85
1 6 42 86
2 7 43 87
3 8 44 88
4 9 45 89
5 10 46 90
6 11 47 91
7 12 48 92
8 13 49 93
9 14 50 94
0 10 15 51
1 11 16 52
2 12 17 53
3 13 18 54
4 14 19 55
5 15 20 56
6 16 21 57
7 17 22 58
8 18 23 59
9 19 24 60
10 20 25 61
11 21 26 62
12 22 27 63
13 23 28 64
14 24 29 65
15 25 30 66
16 26 31 67
17 27 32 68
18 28 33 69
19 29 34 70
20 30 35 71
21 31 36 72
22 32 37 73
23 33 38 74
24 34 39 75
25 35 40 76
26 36 41 77
27 37 42 78
28 38 43 79
29 39 44 80
30 40 45 81
31 41 46 82
32 42 47 83
33 43 48 84
34 44 49 85
35 45 50 86
36 46 51 87
37 47 52 88
38 48 53 89
39 49 54 90
40 50 55 91
41 51 56 92
42 52 57 93
43 53 58 94
0 44 54 59
1 45 55 60
2 46 56 61
3 47 57 62
4 48 58 63
5 49 59 64
6 50 60 65
7 51 61 66
8 52 62 67
9 53 63 68
10 54 64 69
11 55 65 70
12 56 66 71
13 57 67 72
14 58 68 73
15 59 69 74
16 60 70 75
17 61 71 76
4 30 57 64
5 31 58 65
6 32 59 66
7 33 60 67
8 34 61 68
9 35 62 69
10 36 63 70
11 37 64 71
12 38 65 72
13 39 66 73
14 40 67 74
15 41 68 75
16 42 69 76
17 43 70 77
18 44 71 78
19 45 72 79
20 46 73 80
21 47 74 81
22 48 75 82
23 49 76 83
24 50 77 84
25 51 78 85
26 52 79 86
27 53 80 87
28 54 81 88
29 55 82 89
30 56 83 90
31 57 84 91
32 58 85 92
33 59 86 93
34 60 87 94
0 35 61 88
1 36 62 89
2 37 63 90
3 38 64 91
4 39 65 92
5 40 66 93
6 41 67 94
0 7 42 68
1 8 43 69
2 9 44 70
3 10 45 71
4 11 46 72
5 12 47 73
6 13 48 74
7 14 49 75
8 15 50 76
9 16 51 77
10 17 52 78
11 18 53 79
12 19 54 80
13 20 55 81
14 21 56 82
15 22 57 83
16 23 58 84
17 24 59 85
18 25 60 86
19 26 61 87
20 27 62 88
21 28 63 89
22 29 64 90
23 30 65 91
24 31 66 92
25 32 67 93
26 33 68 94
0 27 34 69
1 28 35 70
2 29 36 71
3 30 37 72
4 31 38 73
5 32 39 74
6 33 40 75
7 34 41 76
8 35 42 77
9 36 43 78
10 37 44 79
11 38 45 80
12 39 46 81
13 40 47 82
14 41 48 83
15 42 49 84
16 43 50 85
17 44 51 86
18 45 52 87
19 46 53 88
20 47 54 89
21 48 55 90
22 49 56 91
23 50 57 92
24 51 58 93
25 52 59 94
0 26 53 60
1 27 54 61
2 28 55 62
3 29 56 63
5 45 57 78
6 46 58 79
7 47 59 80
8 48 60 81
9 49 61 82
10 50 62 83
11 51 63 84
12 52 64 85
13 53 65 86
14 54 66 87
15 55 67 88
16 56 68 89
17 57 69 90
18 58 70 91
19 59 71 92
20 60 72 93
21 61 73 94
0 22 62 74
1 23 63 75
2 24 64 76
3 25 65 77
4 26 66 78
5 27 67 79
6 28 68 80
7 29 69 81
8 30 70 82
9 31 71 83
10 32 72 84
11 33 73 85
12 34 74 86
13 35 75 87
14 36 76 88
15 37 77 89
16 38 78 90
17 39 79 91
18 40 80 92
19 41 81 93
20 42 82 94
0 21 43 83
1 22 44 84
2 23 45 85
3 24 46 86
4 25 47 87
5 26 48 88
6 27 49 89
7 28 50 90
8 29 51 91
9 30 52 92
10 31 53 93
11 32 54 94
0 12 33 55
1 13 34 56
2 14 35 57
3 15 36 58
4 16 37 59
5 17 38 60
6 18 39 61
7 19 40 62
8 20 41 63
9 21 42 64
10 22 43 65
11 23 44 66
12 24 45 67
13 25 46 68
14 26 47 69
15 27 48 70
16 28 49 71
17 29 50 72
18 30 51 73
19 31 52 74
20 32 53 75
21 33 54 76
22 34 55 77
23 35 56 78
24 36 57 79
25 37 58 80
26 38 59 81
27 39 60 82
28 40 61 83
29 41 62 84
30 42 63 85
31 43 64 86
32 44 65 87
33 45 66 88
34 46 67 89
35 47 68 90
36 48 69 91
37 49 70 92
38 50 71 93
39 51 72 94
0 40 52 73
1 41 53 74
2 42 54 75
3 43 55 76
4 44 56 77
6 25 62 70
7 26 63 71
8 27 64 72
9 28 65 73
10 29 66 74
11 30 67 75
12 31 68 76
13 32 69 77
14 33 70 78
15 34 71 79
16 35 72 80
17 36 73 81
18 37 74 82
19 38 75 83
20 39 76 84
21 40 77 85
22 41 78 86
23 42 79 87
24 43 80 88
25 44 81 89
26 45 82 90
27 46 83 91
28 47 84 92
29 48 85 93
30 49 86 94
0 31 50 87
1 32 51 88
2 33 52 89
3 34 53 90
4 35 54 91
5 36 55 92
6 37 56 93
7 38 57 94
0 8 39 58
1 9 40 59
2 10 41 60
3 11 42 61
4 12 43 62
5 13 44 63
6 14 45 64
7 15 46 65
8 16 47 66
9 17 48 67
10 18 49 68
11 19 50 69
12 20 51 70
13 21 52 71
14 22 53 72
15 23 54 73
16 24 55 74
17 25 56 75
18 26 57 76
19 27 58 77
20 28 59 78
21 29 60 79
22 30 61 80
23 31 62 81
24 32 63 82
25 33 64 83
26 34 65 84
27 35 66 85
28 36 67 86
29 37 68 87
30 38 69 88
31 39 70 89
32 40 71 90
33 41 72 91
34 42 73 92
35 43 74 93
36 44 75 94
0 37 45 76
1 38 46 77
2 39 47 78
3 40 48 79
4 41 49 80
5 42 50 81
6 43 51 82
7 44 52 83
8 45 53 84
9 46 54 85
10 47 55 86
11 48 56 87
12 49 57 88
13 50 58 89
14 51 59 90
15 52 60 91
16 53 61 92
17 54 62 93
18 55 63 94
0 19 56 64
1 20 57 65
2 21 58 66
3 22 59 67
4 23 60 68
5 24 61 69
