0 2 6 11 41 48 72 84 86 94
1 10 16 31 40 46 49 58 60 84
3 5 7 17 18 64 79 82 83 94
7 8 19 21 36 40 42 59 84 87
9 17 26 29 36 37 44 56 57 71
8 12 22 27 34 39 49 78 79 88
13 14 15 28 31 45 47 49 72 93
18 19 31 33 35 48 54 55 59 70
15 20 32 38 46 48 57 69 79 87
2 5 12 20 23 47 54 62 68 85
7 24 26 28 43 51 68 70 81 89
4 8 25 32 52 63 64 70 71 90
1 7 48 50 56 63 65 73 75 80
12 29 35 38 51 53 66 72 74 75
2 3 19 25 36 51 58 76 80 91
10 13 23 24 36 48 74 82 90 92
0 14 16 17 38 39 56 62 67 70
3 6 22 28 44 59 60 65 71 74
6 9 13 32 33 43 61 62 78 91
11 19 24 45 50 69 71 83 85 88
2 21 23 28 33 37 39 52 73 83
0 27 33 47 50 58 77 87 89 92
1 14 21 22 26 30 32 41 66 82
5 15 22 24 34 53 55 56 76 91
10 30 44 46 52 55 61 80 86 88
8 9 11 18 46 58 66 68 73 93
14 29 34 40 41 58 61 63 81 85
4 11 13 16 20 21 37 65 77 81
17 49 50 54 66 76 81 86 87 90
5 6 25 40 43 44 49 69 73 92
1 27 52 53 59 62 69 81 93 94
0 18 24 25 30 31 37 42 65 78
2 4 47 55 57 60 67 75 78 82
10 40 45 57 65 66 70 86 91 94
7 11 15 29 39 54 60 64 91 92
16 17 41 42 53 55 69 74 89 91
20 31 34 44 64 66 67 75 89 93
9 24 40 54 65 71 72 77 79 80
12 15 19 22 37 43 67 80 90 94
3 8 23 31 43 53 57 63 77 86
2 5 11 26 30 33 38 49 59 90
4 9 22 23 38 45 61 76 84 89
4 6 16 37 51 79 85 86 92 93
16 33 42 57 64 68 75 76 88 94
7 16 19 23 25 26 27 34 46 72
3 21 29 40 46 78 83 89 90 93
0 6 13 17 21 34 60 63 68 80
15 18 39 41 44 50 51 62 63 84
2 14 17 33 46 53 65 71 84 92
0 5 31 36 45 46 71 75 81 88
6 29 30 45 53 64 70 73 82 87
1 2 13 18 57 70 74 85 87 88
27 28 32 35 42 56 60 85 86 90
34 36 38 47 51 52 65 74 82 88
12 14 20 27 36 51 55 64 83 94
9 12 16 25 28 50 57 59 63 82
4 22 31 41 52 56 68 72 87 92
5 6 9 19 39 57 74 81 84 93
8 10 35 37 62 71 72 76 82 89
7 11 21 32 44 47 53 74 76 79
4 24 26 35 39 47 63 80 87 94
5 25 28 48 60 62 66 77 83 88
0 4 18 28 34 36 46 53 54 69
1 18 20 22 25 29 33 40 47 86
1 6 14 38 44 68 75 77 90 91
19 20 37 41 49 53 60 61 70 75
4 17 21 33 43 59 72 73 75 85
1 6 7 15 17 20 35 45 52 58
6 10 11 12 22 42 46 50 70 77
11 17 23 24 31 32 40 51 67 88
8 20 21 28 38 42 55 80 81 92
12 13 26 28 40 56 64 69 76 84
1 36 39 42 43 45 60 63 79 89
1 6 8 15 26 61 65 67 74 83
2 7 26 31 45 55 62 73 77 79
7 12 13 38 41 60 71 73 81 86
12 18 21 45 48 49 52 67 91 92
3 32 34 35 37 45 50 55 68 84
1 23 49 56 59 64 66 77 78 80
21 31 38 44 54 56 58 82 88 94
5 14 31 37 50 69 74 78 80 86
4 27 39 40 48 53 61 66 68 71
3 8 30 33 47 51 56 60 69 81
3 11 13 14 25 52 54 75 87 89
1 11 19 23 34 42 57 62 90 92
2 8 16 24 27 29 32 44 45 54
27 28 35 41 43 46 64 65 67 76
7 22 36 49 57 62 72 80 85 89
3 10 20 32 59 72 73 81 88 91
5 13 19 29 42 50 52 66 67 79
0 20 24 33 46 49 56 63 74 91
23 28 47 58 70 75 79 84 91 93
2 9 10 15 21 25 35 41 50 79
0 8 9 14 48 52 60 76 85 93
13 39 46 51 55 58 59 72 78 90
16 18 23 43 55 56 71 83 87 93
15 34 52 70 71 73 76 77 78 94
10 17 19 22 27 28 38 47 63 78
33 42 44 49 70 72 79 81 82 83
4 7 20 30 40 43 50 52 62 74
18 32 33 36 41 45 77 80 90 93
3 9 26 39 43 53 58 70 88 92
11 21 35 36 47 57 61 70 83 86
5 21 23 27 29 62 65 69 70 80
6 7 14 24 37 47 59 66 84 88
1 3 12 17 24 25 55 61 76 93
19 32 39 49 65 68 82 83 86 89
18 23 26 36 50 60 61 67 72 94
2 22 37 48 58 62 64 74 81 89
0 7 29 32 43 48 54 66 78 84
10 25 29 39 67 68 69 75 77 85
13 27 37 44 46 82 85 87 91 94
0 4 12 14 19 44 57 73 79 83
4 5 10 12 32 34 58 65 87 89
2 6 36 40 55 56 63 66 73 89
30 34 58 59 63 67 76 83 86 92
11 25 27 54 63 67 73 74 81 84
1 5 9 28 30 37 51 54 63 72
9 21 24 43 46 47 60 62 64 87
9 20 31 58 61 69 71 82 84 90
4 8 9 11 17 28 29 49 55 94
0 3 4 15 23 29 41 59 88 89
24 26 38 41 42 52 54 57 58 83
2 7 42 61 63 65 69 88 90 93
8 13 22 26 31 50 53 75 83 91
6 18 20 27 29 30 31 39 57 76
14 28 42 44 45 48 51 61 78 87
25 45 56 59 61 68 74 77 79 94
0 11 15 40 53 78 80 81 82 85
0 1 10 26 55 64 65 85 86 93
1 4 5 8 30 41 42 47 71 91
3 16 18 38 52 66 80 83 84 85
2 11 34 38 43 50 56 59 82 93
18 30 32 35 40 75 78 89 92 94
13 22 23 30 35 44 54 69 73 93
12 15 16 30 31 33 36 66 68 85
3 9 15 24 27 42 62 73 75 86
3 21 35 49 51 57 67 71 77 91
0 5 16 22 35 47 51 61 73 90
3 16 20 26 36 41 47 48 68 78
25 30 37 38 40 50 53 64 79 90
6 10 14 18 23 35 43 54 81 88
17 19 30 34 48 60 77 82 84 91
10 19 54 56 61 64 66 69 72 92
7 9 10 33 34 51 53 67 83 87
