0 13 20 31 41 48 68 69 91
1 2 6 11 13 14 75 78 80
3 4 7 18 60 64 76 83 94
5 13 17 21 25 37 44 89 94
8 9 19 44 57 65 70 75 79
10 24 42 43 56 64 65 69 71
5 10 12 27 45 49 50 70 80
15 33 48 52 54 67 75 88 89
16 22 25 26 41 54 64 70 90
12 23 28 33 38 47 50 51 55
6 7 17 29 32 53 77 81 86
13 22 27 28 30 39 71 88 93
18 19 34 35 36 59 61 63 77
16 25 46 48 50 60 62 72 74
3 9 35 40 46 58 69 80 82
19 20 38 45 54 74 85 87 92
11 29 49 56 66 73 76 88 90
2 9 20 21 39 47 64 84 86
1 19 27 32 37 51 52 68 76
4 12 14 40 52 61 74 86 91
1 5 8 20 24 30 33 81 90
14 15 18 29 37 43 46 57 87
6 12 23 26 31 44 58 76 93
16 23 24 34 37 49 53 67 85
23 25 30 32 36 45 78 82 84
4 8 13 42 46 49 55 58 63
0 3 15 39 44 45 59 66 91
2 5 40 55 77 79 83 85 91
10 14 16 17 23 28 31 52 92
3 31 36 51 56 62 75 81 85
7 8 26 34 72 73 80 82 91
5 11 15 19 31 47 53 60 82
14 21 36 40 54 60 66 68 93
6 22 57 61 67 68 73 82 83
10 32 35 53 55 72 87 93 94
12 21 38 41 42 72 78 79 88
25 26 40 43 47 49 52 59 92
1 3 22 38 43 53 84 89 91
14 27 41 58 59 62 67 84 94
0 7 11 25 63 65 85 89 93
2 29 30 31 38 54 59 60 65
2 4 17 26 45 57 62 69 88
6 18 21 27 33 56 70 91 92
15 22 24 36 48 55 70 76 86
7 30 35 41 50 52 53 56 57
5 16 18 32 39 69 73 74 75
10 11 20 22 23 46 52 66 77
9 11 27 34 42 48 81 83 87
26 37 50 61 66 71 78 81 92
33 39 42 43 62 68 79 80 94
24 27 31 40 57 74 77 78 89
0 1 12 29 36 57 64 68 92
4 6 24 25 28 54 66 79 87
5 8 29 48 51 61 84 92 93
13 15 23 26 35 64 67 73 79
18 19 42 50 67 80 86 90 93
10 29 34 39 51 58 60 78 89
7 12 34 44 46 47 54 69 90
1 35 37 47 62 66 70 83 89
4 14 38 39 48 56 77 82 90
0 2 46 53 61 68 70 88 94
13 22 28 29 35 43 49 74 81
3 11 16 30 58 68 71 79 86
8 17 22 42 59 70 74 82 85
0 5 8 14 32 67 70 71 76
20 28 37 45 56 59 60 69 93
9 13 33 43 54 61 72 76 85
1 23 41 49 60 61 75 86 87
17 52 55 60 71 80 83 84 90
3 28 47 48 49 65 77 78 94
1 8 15 21 29 45 58 83 93
2 9 12 15 25 42 52 71 87
6 10 15 38 39 40 50 63 64
2 10 33 36 37 41 58 74 83
0 18 24 38 45 52 58 73 81
2 3 7 13 19 24 32 62 92
28 40 41 42 45 53 75 76 90
0 17 19 22 33 40 56 78 87
1 18 20 34 44 55 65 82 88
6 14 19 30 49 51 69 72 89
4 30 31 34 43 70 73 75 93
16 19 29 42 66 75 82 91 94
14 33 35 46 65 73 84 85 86
5 6 16 36 47 59 72 87 88
10 21 30 47 48 57 76 80 85
8 11 12 18 30 37 38 40 62
6 7 9 41 43 45 55 60 67
4 18 23 41 65 68 72 89 92
50 69 76 77 79 82 84 87 92
10 20 25 35 39 67 76 78 91
9 14 18 26 51 53 66 74 79
2 21 22 31 32 46 50 59 75
5 28 46 52 62 64 78 82 86
3 20 26 27 29 52 63 70 72
10 36 42 44 53 54 62 73 92
9 11 17 36 38 46 49 91 93
8 22 23 47 54 56 63 86 94
11 39 49 54 55 57 72 81 84
14 19 25 53 55 58 64 81 88
4 11 29 32 33 41 44 50 85
11 26 28 36 61 69 70 85 94
7 10 24 26 38 40 68 75 84
3 12 17 30 55 65 66 67 87
0 6 31 37 39 42 79 84 90
1 4 7 10 48 59 71 79 81
13 16 21 38 51 57 60 70 77
14 17 20 24 43 50 51 83 88
14 15 22 32 34 45 47 68 79
2 8 16 27 43 64 66 82 89
15 21 51 62 63 65 87 90 91
31 33 45 61 64 66 80 87 89
3 6 25 33 34 57 59 86 90
0 24 41 47 51 63 81 82 93
1 2 56 63 67 69 72 74 94
3 5 9 23 32 38 42 57 88
6 11 24 35 45 46 48 51 94
8 13 36 39 50 52 53 65 87
3 19 21 37 41 46 71 73 93
0 26 32 49 54 56 75 83 87
34 44 49 62 64 71 74 77 93
4 7 15 16 20 21 49 61 78
12 15 16 22 60 80 81 92 94
26 30 32 42 44 60 61 64 91
7 25 31 39 46 83 86 88 92
9 50 55 56 59 68 73 78 89
1 12 19 26 39 43 48 77 85
32 43 58 66 69 78 85 90 92
1 8 9 18 25 28 31 49 68
20 28 36 57 58 71 72 75 91
4 27 29 36 47 67 71 79 89
25 27 29 37 38 55 69 75 80
9 13 16 34 40 56 66 84 88
4 5 6 9 22 37 54 58 65
12 21 33 49 53 54 71 82 83
2 23 25 28 40 44 48 51 73
5 17 34 38 41 43 63 66 76
2 8 18 22 33 52 69 78 93
0 9 30 52 57 62 64 90 94
3 6 8 10 47 55 61 74 88
37 45 64 68 72 77 85 88 91
12 20 24 28 32 42 65 80 89
7 14 33 42 47 58 70 73 87
2 26 46 68 74 76 81 89 90
4 11 51 53 59 64 67 80 92
6 18 20 23 29 40 62 71 85
5 10 12 13 18 26 56 82 84
1 3 20 27 40 50 54 73 94
16 26 31 33 55 62 65 76 93
17 22 24 38 39 44 61 62 72
4 19 28 30 46 63 67 83 84
9 10 21 24 26 29 53 69 86
15 30 65 70 72 74 78 83 84
5 7 15 17 27 28 35 68 85
20 48 53 57 63 66 78 79 93
9 24 30 33 60 63 75 77 92
21 34 50 54 58 67 77 81 91
15 23 39 40 41 65 69 70 81
17 18 35 47 48 54 58 64 75
2 31 34 35 36 38 71 90 94
2 6 44 49 52 60 79 84 85
16 44 45 51 54 63 71 78 80
0 7 11 21 23 36 43 74 80
13 23 24 47 59 69 76 83 91
15 25 46 56 58 61 77 79 80
0 1 4 16 35 42 51 77 83
1 17 27 45 46 53 61 65 90
31 32 37 40 48 63 67 72 82
0 21 28 34 35 52 55 56 92
3 12 14 35 44 63 68 75 87
8 35 41 60 63 73 77 80 88
0 7 22 37 50 51 66 72 86
0 10 13 19 23 27 60 72 90
12 13 17 45 59 73 79 86 89
27 38 43 44 56 67 81 83 86
