4 8 48 62 65 79 93
1 19 27 45 54 83 84
2 13 18 20 43 70 80
3 12 24 39 53 61 83
5 29 47 59 64 73 93
7 8 17 30 43 58 64
9 15 20 25 30 41 91
10 12 21 29 42 54 87
9 11 14 37 39 76 79
3 16 17 22 47 63 90
23 25 26 32 49 52 85
20 28 32 35 40 60 65
4 12 16 36 57 70 84
0 9 33 38 40 59 88
21 28 34 47 55 81 83
5 41 44 51 61 62 87
1 25 39 46 50 63 72
7 23 29 51 56 68 90
18 58 67 73 74 76 88
3 7 36 71 72 77 92
11 15 24 49 58 66 82
1 2 59 68 87 88 91
10 19 24 32 75 86 91
31 33 61 69 77 85 94
6 19 20 26 39 44 82
13 16 23 38 53 62 73
0 14 42 46 77 81 90
18 26 28 50 54 68 71
8 12 19 33 35 67 68
19 29 34 37 69 72 75
18 36 45 52 56 64 74
21 26 27 35 57 72 79
29 58 63 70 78 86 89
2 11 55 61 67 72 93
10 35 45 46 53 80 88
22 30 31 59 75 81 84
1 13 14 41 56 58 85
4 13 27 33 50 51 91
4 5 7 15 32 34 42
11 26 48 51 60 63 81
11 17 18 27 38 41 65
23 47 50 66 74 79 80
1 24 31 37 40 41 48
21 38 43 54 76 78 92
13 44 52 63 67 69 71
2 22 24 50 57 76 86
20 37 40 47 51 53 84
0 28 43 62 63 84 94
5 14 16 52 71 86 93
1 33 65 71 82 89 90
3 30 34 38 58 68 79
6 22 27 46 56 62 92
9 10 47 54 57 58 65
15 18 44 57 60 84 93
10 14 40 66 70 83 93
40 44 53 68 72 81 89
25 31 34 35 44 73 86
19 36 38 51 80 85 93
4 11 43 45 68 73 75
37 48 56 57 62 78 88
26 36 42 55 76 89 91
0 24 25 51 64 71 88
15 40 70 73 77 82 87
7 20 24 45 47 93 94
2 10 28 33 52 73 78
3 6 13 25 28 56 89
5 12 13 40 49 84 90
2 9 17 21 36 60 75
28 36 43 50 53 59 69
16 18 24 29 30 35 55
2 30 32 53 54 63 66
17 21 23 31 45 55 87
10 13 22 34 39 64 77
42 45 50 60 67 78 82
27 30 39 40 42 71 73
6 9 34 53 70 71 94
9 16 43 44 46 55 85
0 6 15 16 54 74 91
1 4 14 17 44 78 94
3 11 29 40 54 62 67
5 31 38 39 42 66 67
7 46 59 61 65 66 89
2 8 26 45 49 62 77
12 20 23 64 65 75 76
7 11 19 21 25 33 53
32 43 47 56 67 72 87
41 55 74 82 84 92 94
42 54 64 70 79 85 90
9 29 48 49 83 91 92
3 14 20 27 32 55 88
3 15 35 50 64 81 94
11 23 42 44 84 86 88
16 27 49 68 69 76 80
0 1 20 21 52 58 61
4 20 49 56 59 60 71
5 18 33 48 66 72 76
7 14 28 49 57 75 87
18 37 59 67 86 92 94
2 12 25 40 69 79 92
0 3 5 26 37 70 75
4 18 43 57 83 85 89
9 50 61 73 77 84 89
16 20 28 46 51 67 79
4 6 35 41 66 69 90
11 12 30 47 52 77 91
1 32 45 51 70 76 81
8 24 27 52 59 70 72
10 11 31 74 89 92 93
15 23 33 36 37 39 63
17 24 47 62 81 82 85
27 28 31 37 41 58 71
14 15 21 22 48 67 71
0 22 29 32 33 36 44
14 25 35 65 68 84 91
4 24 26 38 46 84 87
1 12 16 34 60 62 66
13 19 71 78 79 87 89
26 29 39 41 43 60 81
21 24 44 56 65 77 80
17 20 33 34 42 57 92
5 8 9 23 54 56 69
7 10 16 27 37 44 81
16 25 40 45 57 58 61
6 7 38 60 79 83 86
13 21 30 46 76 82 93
14 18 19 21 49 63 73
0 39 48 80 86 87 90
18 40 46 64 69 78 91
51 53 58 74 75 77 78
1 13 35 36 47 49 86
33 46 47 60 68 70 92
12 17 58 71 72 80 91
2 29 34 45 65 72 85
2 5 35 43 82 83 91
9 27 63 64 87 89 93
7 10 42 48 58 69 84
28 38 39 61 70 82 88
6 8 13 18 42 61 75
15 22 31 43 52 65 79
6 17 25 48 54 59 77
22 26 51 65 66 73 94
3 10 19 23 41 57 59
30 44 48 50 85 88 92
8 26 32 50 58 90 93
1 7 9 26 64 67 80
0 10 34 41 49 50 76
2 16 39 56 75 89 94
5 6 10 24 63 68 85
1 8 25 28 29 38 74
6 22 35 40 58 60 87
3 4 9 21 51 52 86
5 8 11 20 36 78 90
0 12 27 56 73 82 85
6 11 34 40 52 76 90
12 15 46 53 55 59 86
6 30 36 37 50 65 87
21 32 39 59 62 69 70
25 42 43 47 48 61 71
11 16 21 41 50 64 78
5 10 11 28 46 80 94
13 31 54 60 72 88 94
34 35 48 59 75 78 85
4 17 29 53 61 79 93
10 30 60 61 69 74 90
5 19 39 57 65 74 77
12 26 33 41 54 86 93
23 28 44 45 59 79 91
30 33 42 49 56 80 81
3 8 31 46 52 60 73
1 6 23 43 67 77 93
15 38 47 62 69 75 89
4 40 55 63 67 80 85
2 14 24 41 42 51 59
35 56 59 61 63 71 76
9 16 19 22 42 66 72
0 11 23 53 60 71 85
33 52 55 58 62 64 83
12 14 20 31 38 50 63
17 24 34 36 67 73 84
5 17 19 35 50 52 88
9 15 28 45 88 90 92
3 6 39 72 78 80 84
16 18 26 34 53 87 92
2 37 38 44 64 66 71
1 5 22 55 73 75 79
20 27 29 43 66 77 86
10 18 25 36 51 79 82
38 52 53 57 67 81 90
6 24 33 43 79 81 91
9 18 30 31 32 68 82
9 35 42 51 62 72 74
7 20 48 52 54 82 89
17 32 37 46 49 74 89
14 23 26 30 72 83 94
7 8 21 66 71 84 85
0 2 4 19 26 31 47
4 28 64 69 72 82 86
11 50 55 56 69 70 87
32 41 63 75 77 79 88
0 7 35 39 73 92 93
10 17 26 38 40 43 56
5 25 37 55 57 60 80
11 22 35 37 38 45 54
2 3 65 69 81 88 93
8 41 44 47 53 76 83
4 23 39 54 58 81 92
15 26 27 47 61 78 88
9 13 24 26 45 69 74
2 23 27 34 46 48 74
1 8 11 32 57 87 94
4 8 10 16 37 67 77
14 34 36 54 61 62 80
33 44 49 51 54 75 93
7 38 60 76 77 91 94
1 6 30 51 57 69 73
0 5 21 30 45 67 89
41 45 52 66 75 80 92
2 7 13 31 50 62 90
0 17 18 20 22 69 83
11 13 16 26 59 65 83
17 31 49 53 67 70 91
2 6 15 19 44 46 58
1 18 23 35 70 77 89
20 62 71 73 74 81 86
1 10 15 20 62 68 72
8 15 17 39 51 55 68
34 56 57 63 82 91 93
3 20 31 74 76 85 87
5 7 9 12 18 78 81
15 32 38 48 50 73 80
21 36 40 68 74 81 94
3 19 43 48 49 60 64
25 27 67 75 83 90 94
6 14 31 36 47 57 64
0 8 40 45 63 79 86
17 28 30 56 66 78 86
12 22 28 44 48 70 74
6 16 21 29 31 49 88
19 24 28 54 55 77 90
13 15 17 29 52 76 84
36 41 46 54 72 73 83
18 39 47 49 52 79 94
8 14 24 27 60 89 92
12 29 58 59 80 82 94
5 27 36 48 53 58 94
22 49 61 64 68 85 86
4 19 25 30 62 70 76
21 37 61 72 73 90 91
0 13 48 55 57 66 68
12 34 37 43 51 88 89
1 3 42 53 63 65 92
6 10 12 32 45 55 71
7 41 65 67 68 70 86
13 19 32 61 64 81 92
8 22 34 41 80 89 91
7 23 40 55 61 75 82
0 38 49 55 65 72 78
3 18 44 62 66 90 91
2 53 56 60 64 79 84
29 46 50 57 71 75 83
37 42 52 68 77 83 87
8 25 36 66 81 87 88
5 15 31 51 56 83 92
3 16 33 45 48 82 87
14 33 43 59 74 84 90
19 29 40 42 50 56 94
22 23 24 25 68 78 93
4 7 22 63 74 83 88
8 13 14 22 37 53 82
14 29 39 45 69 85 91
15 28 37 42 76 85 93
16 31 32 78 80 83 84
