10 17 58 63 72 73 76 93
11 18 59 64 73 74 77 94
0 12 19 60 65 74 75 78
1 13 20 61 66 75 76 79
2 14 21 62 67 76 77 80
3 15 22 63 68 77 78 81
4 16 23 64 69 78 79 82
5 17 24 65 70 79 80 83
6 18 25 66 71 80 81 84
7 19 26 67 72 81 82 85
8 20 27 68 73 82 83 86
9 21 28 69 74 83 84 87
10 22 29 70 75 84 85 88
11 23 30 71 76 85 86 89
12 24 31 72 77 86 87 90
13 25 32 73 78 87 88 91
14 26 33 74 79 88 89 92
15 27 34 75 80 89 90 93
16 28 35 76 81 90 91 94
0 17 29 36 77 82 91 92
1 18 30 37 78 83 92 93
2 19 31 38 79 84 93 94
0 3 20 32 39 80 85 94
0 1 4 21 33 40 81 86
1 2 5 22 34 41 82 87
2 3 6 23 35 42 83 88
3 4 7 24 36 43 84 89
4 5 8 25 37 44 85 90
5 6 9 26 38 45 86 91
6 7 10 27 39 46 87 92
7 8 11 28 40 47 88 93
8 9 12 29 41 48 89 94
0 9 10 13 30 42 49 90
1 10 11 14 31 43 50 91
2 11 12 15 32 44 51 92
3 12 13 16 33 45 52 93
4 13 14 17 34 46 53 94
0 5 14 15 18 35 47 54
1 6 15 16 19 36 48 55
2 7 16 17 20 37 49 56
3 8 17 18 21 38 50 57
4 9 18 19 22 39 51 58
5 10 19 20 23 40 52 59
6 11 20 21 24 41 53 60
7 12 21 22 25 42 54 61
8 13 22 23 26 43 55 62
9 14 23 24 27 44 56 63
10 15 24 25 28 45 57 64
11 16 25 26 29 46 58 65
12 17 26 27 30 47 59 66
13 18 27 28 31 48 60 67
14 19 28 29 32 49 61 68
15 20 29 30 33 50 62 69
16 21 30 31 34 51 63 70
17 22 31 32 35 52 64 71
18 23 32 33 36 53 65 72
19 24 33 34 37 54 66 73
20 25 34 35 38 55 67 74
21 26 35 36 39 56 68 75
22 27 36 37 40 57 69 76
23 28 37 38 41 58 70 77
24 29 38 39 42 59 71 78
25 30 39 40 43 60 72 79
26 31 40 41 44 61 73 80
27 32 41 42 45 62 74 81
28 33 42 43 46 63 75 82
29 34 43 44 47 64 76 83
30 35 44 45 48 65 77 84
31 36 45 46 49 66 78 85
32 37 46 47 50 67 79 86
33 38 47 48 51 68 80 87
34 39 48 49 52 69 81 88
35 40 49 50 53 70 82 89
36 41 50 51 54 71 83 90
37 42 51 52 55 72 84 91
38 43 52 53 56 73 85 92
39 44 53 54 57 74 86 93
40 45 54 55 58 75 87 94
0 41 46 55 56 59 76 88
1 42 47 56 57 60 77 89
2 43 48 57 58 61 78 90
3 44 49 58 59 62 79 91
4 45 50 59 60 63 80 92
5 46 51 60 61 64 81 93
6 47 52 61 62 65 82 94
0 7 48 53 62 63 66 83
1 8 49 54 63 64 67 84
2 9 50 55 64 65 68 85
3 10 51 56 65 66 69 86
4 11 52 57 66 67 70 87
5 12 53 58 67 68 71 88
6 13 54 59 68 69 72 89
7 14 55 60 69 70 73 90
8 15 56 61 70 71 74 91
9 16 57 62 71 72 75 92
1 3 9 25 26 53 64 90
2 4 10 26 27 54 65 91
3 5 11 27 28 55 66 92
4 6 12 28 29 56 67 93
5 7 13 29 30 57 68 94
0 6 8 14 30 31 58 69
1 7 9 15 31 32 59 70
2 8 10 16 32 33 60 71
3 9 11 17 33 34 61 72
4 10 12 18 34 35 62 73
5 11 13 19 35 36 63 74
6 12 14 20 36 37 64 75
7 13 15 21 37 38 65 76
8 14 16 22 38 39 66 77
9 15 17 23 39 40 67 78
10 16 18 24 40 41 68 79
11 17 19 25 41 42 69 80
12 18 20 26 42 43 70 81
13 19 21 27 43 44 71 82
14 20 22 28 44 45 72 83
15 21 23 29 45 46 73 84
16 22 24 30 46 47 74 85
17 23 25 31 47 48 75 86
18 24 26 32 48 49 76 87
19 25 27 33 49 50 77 88
20 26 28 34 50 51 78 89
21 27 29 35 51 52 79 90
22 28 30 36 52 53 80 91
23 29 31 37 53 54 81 92
24 30 32 38 54 55 82 93
25 31 33 39 55 56 83 94
0 26 32 34 40 56 57 84
1 27 33 35 41 57 58 85
2 28 34 36 42 58 59 86
3 29 35 37 43 59 60 87
4 30 36 38 44 60 61 88
5 31 37 39 45 61 62 89
6 32 38 40 46 62 63 90
7 33 39 41 47 63 64 91
8 34 40 42 48 64 65 92
9 35 41 43 49 65 66 93
10 36 42 44 50 66 67 94
0 11 37 43 45 51 67 68
1 12 38 44 46 52 68 69
2 13 39 45 47 53 69 70
3 14 40 46 48 54 70 71
4 15 41 47 49 55 71 72
5 16 42 48 50 56 72 73
6 17 43 49 51 57 73 74
7 18 44 50 52 58 74 75
8 19 45 51 53 59 75 76
9 20 46 52 54 60 76 77
10 21 47 53 55 61 77 78
11 22 48 54 56 62 78 79
12 23 49 55 57 63 79 80
13 24 50 56 58 64 80 81
14 25 51 57 59 65 81 82
15 26 52 58 60 66 82 83
16 27 53 59 61 67 83 84
17 28 54 60 62 68 84 85
18 29 55 61 63 69 85 86
19 30 56 62 64 70 86 87
20 31 57 63 65 71 87 88
21 32 58 64 66 72 88 89
22 33 59 65 67 73 89 90
23 34 60 66 68 74 90 91
24 35 61 67 69 75 91 92
25 36 62 68 70 76 92 93
26 37 63 69 71 77 93 94
0 27 38 64 70 72 78 94
0 1 28 39 65 71 73 79
1 2 29 40 66 72 74 80
2 3 30 41 67 73 75 81
3 4 31 42 68 74 76 82
4 5 32 43 69 75 77 83
5 6 33 44 70 76 78 84
6 7 34 45 71 77 79 85
7 8 35 46 72 78 80 86
8 9 36 47 73 79 81 87
9 10 37 48 74 80 82 88
10 11 38 49 75 81 83 89
11 12 39 50 76 82 84 90
12 13 40 51 77 83 85 91
13 14 41 52 78 84 86 92
14 15 42 53 79 85 87 93
15 16 43 54 80 86 88 94
0 16 17 44 55 81 87 89
1 17 18 45 56 82 88 90
2 18 19 46 57 83 89 91
3 19 20 47 58 84 90 92
4 20 21 48 59 85 91 93
5 21 22 49 60 86 92 94
0 6 22 23 50 61 87 93
1 7 23 24 51 62 88 94
0 2 8 24 25 52 63 89
