8 17 40 44 68 90
9 18 41 45 69 91
10 19 42 46 70 92
11 20 43 47 71 93
0 12 21 44 48 72
1 13 22 45 49 73
2 14 23 46 50 74
3 15 24 47 51 75
4 16 25 48 52 76
5 17 26 49 53 77
6 18 27 50 54 78
7 19 28 51 55 79
8 20 29 52 56 80
9 21 30 53 57 81
10 22 31 54 58 82
11 23 32 55 59 83
12 24 33 56 60 84
13 25 34 57 61 85
14 26 35 58 62 86
15 27 36 59 63 87
16 28 37 60 64 88
17 29 38 61 65 89
18 30 39 62 66 90
19 31 40 63 67 91
20 32 41 64 68 92
21 33 42 65 69 93
0 22 34 43 66 70
1 23 35 44 67 71
2 24 36 45 68 72
3 25 37 46 69 73
4 26 38 47 70 74
5 27 39 48 71 75
6 28 40 49 72 76
7 29 41 50 73 77
8 30 42 51 74 78
9 31 43 52 75 79
10 32 44 53 76 80
11 33 45 54 77 81
12 34 46 55 78 82
13 35 47 56 79 83
14 36 48 57 80 84
15 37 49 58 81 85
16 38 50 59 82 86
17 39 51 60 83 87
18 40 52 61 84 88
19 41 53 62 85 89
20 42 54 63 86 90
21 43 55 64 87 91
22 44 56 65 88 92
23 45 57 66 89 93
0 24 46 58 67 90
1 25 47 59 68 91
2 26 48 60 69 92
3 27 49 61 70 93
0 4 28 50 62 71
1 5 29 51 63 72
2 6 30 52 64 73
3 7 31 53 65 74
4 8 32 54 66 75
5 9 33 55 67 76
6 10 34 56 68 77
7 11 35 57 69 78
8 12 36 58 70 79
9 13 37 59 71 80
10 14 38 60 72 81
11 15 39 61 73 82
12 16 40 62 74 83
13 17 41 63 75 84
14 18 42 64 76 85
15 19 43 65 77 86
16 20 44 66 78 87
17 21 45 67 79 88
18 22 46 68 80 89
19 23 47 69 81 90
20 24 48 70 82 91
21 25 49 71 83 92
22 26 50 72 84 93
0 23 27 51 73 85
1 24 28 52 74 86
2 25 29 53 75 87
3 26 30 54 76 88
4 27 31 55 77 89
5 28 32 56 78 90
6 29 33 57 79 91
7 30 34 58 80 92
8 31 35 59 81 93
0 9 32 36 60 82
1 10 33 37 61 83
2 11 34 38 62 84
3 12 35 39 63 85
4 13 36 40 64 86
5 14 37 41 65 87
6 15 38 42 66 88
7 16 39 43 67 89
3 13 71 72 77 90
4 14 72 73 78 91
5 15 73 74 79 92
6 16 74 75 80 93
0 7 17 75 76 81
1 8 18 76 77 82
2 9 19 77 78 83
3 10 20 78 79 84
4 11 21 79 80 85
5 12 22 80 81 86
6 13 23 81 82 87
7 14 24 82 83 88
8 15 25 83 84 89
9 16 26 84 85 90
10 17 27 85 86 91
11 18 28 86 87 92
12 19 29 87 88 93
0 13 20 30 88 89
1 14 21 31 89 90
2 15 22 32 90 91
3 16 23 33 91 92
4 17 24 34 92 93
0 5 18 25 35 93
0 1 6 19 26 36
1 2 7 20 27 37
2 3 8 21 28 38
3 4 9 22 29 39
4 5 10 23 30 40
5 6 11 24 31 41
6 7 12 25 32 42
7 8 13 26 33 43
8 9 14 27 34 44
9 10 15 28 35 45
10 11 16 29 36 46
11 12 17 30 37 47
12 13 18 31 38 48
13 14 19 32 39 49
14 15 20 33 40 50
15 16 21 34 41 51
16 17 22 35 42 52
17 18 23 36 43 53
18 19 24 37 44 54
19 20 25 38 45 55
20 21 26 39 46 56
21 22 27 40 47 57
22 23 28 41 48 58
23 24 29 42 49 59
24 25 30 43 50 60
25 26 31 44 51 61
26 27 32 45 52 62
27 28 33 46 53 63
28 29 34 47 54 64
29 30 35 48 55 65
30 31 36 49 56 66
31 32 37 50 57 67
32 33 38 51 58 68
33 34 39 52 59 69
34 35 40 53 60 70
35 36 41 54 61 71
36 37 42 55 62 72
37 38 43 56 63 73
38 39 44 57 64 74
39 40 45 58 65 75
40 41 46 59 66 76
41 42 47 60 67 77
42 43 48 61 68 78
43 44 49 62 69 79
44 45 50 63 70 80
45 46 51 64 71 81
46 47 52 65 72 82
47 48 53 66 73 83
48 49 54 67 74 84
49 50 55 68 75 85
50 51 56 69 76 86
51 52 57 70 77 87
52 53 58 71 78 88
53 54 59 72 79 89
54 55 60 73 80 90
55 56 61 74 81 91
56 57 62 75 82 92
57 58 63 76 83 93
0 58 59 64 77 84
1 59 60 65 78 85
2 60 61 66 79 86
3 61 62 67 80 87
4 62 63 68 81 88
5 63 64 69 82 89
6 64 65 70 83 90
7 65 66 71 84 91
8 66 67 72 85 92
9 67 68 73 86 93
0 10 68 69 74 87
1 11 69 70 75 88
2 12 70 71 76 89
13 15 44 52 55 93
0 14 16 45 53 56
1 15 17 46 54 57
2 16 18 47 55 58
3 17 19 48 56 59
4 18 20 49 57 60
5 19 21 50 58 61
6 20 22 51 59 62
7 21 23 52 60 63
8 22 24 53 61 64
9 23 25 54 62 65
10 24 26 55 63 66
11 25 27 56 64 67
12 26 28 57 65 68
13 27 29 58 66 69
14 28 30 59 67 70
15 29 31 60 68 71
16 30 32 61 69 72
17 31 33 62 70 73
18 32 34 63 71 74
19 33 35 64 72 75
20 34 36 65 73 76
21 35 37 66 74 77
22 36 38 67 75 78
23 37 39 68 76 79
24 38 40 69 77 80
25 39 41 70 78 81
26 40 42 71 79 82
27 41 43 72 80 83
28 42 44 73 81 84
29 43 45 74 82 85
30 44 46 75 83 86
31 45 47 76 84 87
32 46 48 77 85 88
33 47 49 78 86 89
34 48 50 79 87 90
35 49 51 80 88 91
36 50 52 81 89 92
37 51 53 82 90 93
0 38 52 54 83 91
1 39 53 55 84 92
2 40 54 56 85 93
0 3 41 55 57 86
1 4 42 56 58 87
2 5 43 57 59 88
3 6 44 58 60 89
4 7 45 59 61 90
5 8 46 60 62 91
6 9 47 61 63 92
7 10 48 62 64 93
0 8 11 49 63 65
1 9 12 50 64 66
2 10 13 51 65 67
3 11 14 52 66 68
4 12 15 53 67 69
5 13 16 54 68 70
6 14 17 55 69 71
7 15 18 56 70 72
8 16 19 57 71 73
9 17 20 58 72 74
10 18 21 59 73 75
11 19 22 60 74 76
12 20 23 61 75 77
13 21 24 62 76 78
14 22 25 63 77 79
15 23 26 64 78 80
16 24 27 65 79 81
17 25 28 66 80 82
18 26 29 67 81 83
19 27 30 68 82 84
20 28 31 69 83 85
21 29 32 70 84 86
22 30 33 71 85 87
23 31 34 72 86 88
24 32 35 73 87 89
25 33 36 74 88 90
26 34 37 75 89 91
27 35 38 76 90 92
28 36 39 77 91 93
0 29 37 40 78 92
1 30 38 41 79 93
0 2 31 39 42 80
1 3 32 40 43 81
2 4 33 41 44 82
3 5 34 42 45 83
4 6 35 43 46 84
5 7 36 44 47 85
6 8 37 45 48 86
7 9 38 46 49 87
8 10 39 47 50 88
9 11 40 48 51 89
10 12 41 49 52 90
11 13 42 50 53 91
12 14 43 51 54 92
7 8 22 40 55 94
28 35 40 50 73 87
1 15 16 30 62 77
2 3 17 18 49 64
1 4 19 34 65 80
23 38 56 70 71 94
3 32 42 82 93 94
10 31 42 43 57 90
1 2 48 63 66 81
17 32 50 65 76 94
2 20 35 47 68 94
0 15 33 48 80 94
6 39 48 53 60 86
4 53 61 68 83 94
11 25 26 58 72 87
24 38 39 54 71 85
5 19 37 52 66 94
4 22 37 51 69 84
9 28 42 56 75 89
30 58 63 85 91 94
6 37 52 67 70 85
5 8 20 38 53 81
18 30 45 65 78 79
8 27 54 69 87 94
10 26 59 74 89 94
20 27 34 42 67 81
1 14 61 78 93 94
7 21 36 54 68 86
10 25 40 71 86 94
14 29 47 62 74 80
12 27 43 58 73 94
13 27 41 60 74 88
5 23 64 79 84 94
13 15 28 43 61 76
14 22 57 67 75 90
11 29 44 77 90 94
0 32 46 47 61 79
45 60 75 77 92 94
1 9 24 43 64 86
18 33 36 51 66 94
12 44 45 59 76 91
8 19 23 49 60 82
8 26 41 56 73 88
16 28 34 41 49 94
16 17 31 63 64 78
3 22 36 50 69 83
24 39 57 72 81 94
9 55 62 70 88 94
29 33 46 60 76 93
13 31 46 59 92 94
6 21 35 67 82 94
