0 8 28
1 9 29
2 10 30
3 11 31
4 12 32
5 13 33
6 14 34
7 15 35
8 16 36
9 17 37
10 18 38
11 19 39
12 20 40
13 21 41
14 22 42
15 23 43
16 24 44
17 25 45
18 26 46
19 27 47
20 28 48
21 29 49
22 30 50
23 31 51
24 32 52
25 33 53
26 34 54
27 35 55
28 36 56
29 37 57
30 38 58
31 39 59
32 40 60
33 41 61
34 42 62
35 43 63
36 44 64
37 45 65
38 46 66
39 47 67
40 48 68
41 49 69
42 50 70
43 51 71
44 52 72
45 53 73
46 54 74
47 55 75
48 56 76
49 57 77
50 58 78
51 59 79
52 60 80
53 61 81
54 62 82
55 63 83
56 64 84
57 65 85
58 66 86
59 67 87
60 68 88
61 69 89
62 70 90
63 71 91
64 72 92
65 73 93
66 74 94
0 67 75
1 68 76
2 69 77
3 70 78
4 71 79
5 72 80
6 73 81
7 74 82
8 75 83
9 76 84
10 77 85
11 78 86
12 79 87
13 80 88
14 81 89
15 82 90
16 83 91
17 84 92
18 85 93
19 86 94
0 20 87
1 21 88
2 22 89
3 23 90
4 24 91
5 25 92
6 26 93
7 27 94
29 31 94
0 30 32
1 31 33
2 32 34
3 33 35
4 34 36
5 35 37
6 36 38
7 37 39
8 38 40
9 39 41
10 40 42
11 41 43
12 42 44
13 43 45
14 44 46
15 45 47
16 46 48
17 47 49
18 48 50
19 49 51
20 50 52
21 51 53
22 52 54
23 53 55
24 54 56
25 55 57
26 56 58
27 57 59
28 58 60
29 59 61
30 60 62
31 61 63
32 62 64
33 63 65
34 64 66
35 65 67
36 66 68
37 67 69
38 68 70
39 69 71
40 70 72
41 71 73
42 72 74
43 73 75
44 74 76
45 75 77
46 76 78
47 77 79
48 78 80
49 79 81
50 80 82
51 81 83
52 82 84
53 83 85
54 84 86
55 85 87
56 86 88
57 87 89
58 88 90
59 89 91
60 90 92
61 91 93
62 92 94
0 63 93
1 64 94
0 2 65
1 3 66
2 4 67
3 5 68
4 6 69
5 7 70
6 8 71
7 9 72
8 10 73
9 11 74
10 12 75
11 13 76
12 14 77
13 15 78
14 16 79
15 17 80
16 18 81
17 19 82
18 20 83
19 21 84
20 22 85
21 23 86
22 24 87
23 25 88
24 26 89
25 27 90
26 28 91
27 29 92
28 30 93
40 53 74
41 54 75
42 55 76
43 56 77
44 57 78
45 58 79
46 59 80
47 60 81
48 61 82
49 62 83
50 63 84
51 64 85
52 65 86
53 66 87
54 67 88
55 68 89
56 69 90
57 70 91
58 71 92
59 72 93
60 73 94
0 61 74
1 62 75
2 63 76
3 64 77
4 65 78
5 66 79
6 67 80
7 68 81
8 69 82
9 70 83
10 71 84
11 72 85
12 73 86
13 74 87
14 75 88
15 76 89
16 77 90
17 78 91
18 79 92
19 80 93
20 81 94
0 21 82
1 22 83
2 23 84
3 24 85
4 25 86
5 26 87
6 27 88
7 28 89
8 29 90
9 30 91
10 31 92
11 32 93
12 33 94
0 13 34
1 14 35
2 15 36
3 16 37
4 17 38
5 18 39
6 19 40
7 20 41
8 21 42
9 22 43
10 23 44
11 24 45
12 25 46
13 26 47
14 27 48
15 28 49
16 29 50
17 30 51
18 31 52
19 32 53
20 33 54
21 34 55
22 35 56
23 36 57
24 37 58
25 38 59
26 39 60
27 40 61
28 41 62
29 42 63
30 43 64
31 44 65
32 45 66
33 46 67
34 47 68
35 48 69
36 49 70
37 50 71
38 51 72
39 52 73
36 40 83
37 41 84
38 42 85
39 43 86
40 44 87
41 45 88
42 46 89
43 47 90
44 48 91
45 49 92
46 50 93
47 51 94
0 48 52
1 49 53
2 50 54
3 51 55
4 52 56
5 53 57
6 54 58
7 55 59
8 56 60
9 57 61
10 58 62
11 59 63
12 60 64
13 61 65
14 62 66
15 63 67
16 64 68
17 65 69
18 66 70
19 67 71
20 68 72
21 69 73
22 70 74
23 71 75
24 72 76
25 73 77
26 74 78
27 75 79
28 76 80
29 77 81
30 78 82
31 79 83
32 80 84
33 81 85
34 82 86
35 83 87
36 84 88
37 85 89
38 86 90
39 87 91
40 88 92
41 89 93
42 90 94
0 43 91
1 44 92
2 45 93
3 46 94
0 4 47
1 5 48
2 6 49
3 7 50
4 8 51
5 9 52
6 10 53
7 11 54
8 12 55
9 13 56
10 14 57
11 15 58
12 16 59
13 17 60
14 18 61
15 19 62
16 20 63
17 21 64
18 22 65
19 23 66
20 24 67
21 25 68
22 26 69
23 27 70
24 28 71
25 29 72
26 30 73
27 31 74
28 32 75
29 33 76
30 34 77
31 35 78
32 36 79
33 37 80
34 38 81
35 39 82
16 55 80
17 56 81
18 57 82
19 58 83
20 59 84
21 60 85
22 61 86
23 62 87
24 63 88
25 64 89
26 65 90
27 66 91
28 67 92
29 68 93
30 69 94
0 31 70
1 32 71
2 33 72
3 34 73
4 35 74
5 36 75
6 37 76
7 38 77
8 39 78
9 40 79
10 41 80
11 42 81
12 43 82
13 44 83
14 45 84
15 46 85
16 47 86
17 48 87
18 49 88
19 50 89
20 51 90
21 52 91
22 53 92
23 54 93
24 55 94
0 25 56
1 26 57
2 27 58
3 28 59
4 29 60
5 30 61
6 31 62
7 32 63
8 33 64
9 34 65
10 35 66
11 36 67
12 37 68
13 38 69
14 39 70
15 40 71
16 41 72
17 42 73
18 43 74
19 44 75
20 45 76
21 46 77
22 47 78
23 48 79
24 49 80
25 50 81
26 51 82
27 52 83
28 53 84
29 54 85
30 55 86
31 56 87
32 57 88
33 58 89
34 59 90
35 60 91
36 61 92
37 62 93
38 63 94
0 39 64
1 40 65
2 41 66
3 42 67
4 43 68
5 44 69
6 45 70
7 46 71
8 47 72
9 48 73
10 49 74
11 50 75
12 51 76
13 52 77
14 53 78
15 54 79
5 31 73
6 32 74
7 33 75
8 34 76
9 35 77
10 36 78
11 37 79
12 38 80
13 39 81
14 40 82
15 41 83
16 42 84
17 43 85
18 44 86
19 45 87
20 46 88
21 47 89
22 48 90
23 49 91
24 50 92
25 51 93
26 52 94
0 27 53
1 28 54
2 29 55
3 30 56
4 31 57
5 32 58
6 33 59
7 34 60
8 35 61
9 36 62
10 37 63
11 38 64
12 39 65
13 40 66
14 41 67
15 42 68
16 43 69
17 44 70
18 45 71
19 46 72
20 47 73
21 48 74
22 49 75
23 50 76
24 51 77
25 52 78
26 53 79
27 54 80
28 55 81
29 56 82
30 57 83
31 58 84
32 59 85
33 60 86
34 61 87
35 62 88
36 63 89
37 64 90
38 65 91
39 66 92
40 67 93
41 68 94
0 42 69
1 43 70
2 44 71
3 45 72
4 46 73
5 47 74
6 48 75
7 49 76
8 50 77
9 51 78
10 52 79
11 53 80
12 54 81
13 55 82
14 56 83
15 57 84
16 58 85
17 59 86
18 60 87
19 61 88
20 62 89
21 63 90
22 64 91
23 65 92
24 66 93
25 67 94
0 26 68
1 27 69
2 28 70
3 29 71
4 30 72
2 8 88
3 9 89
4 10 90
5 11 91
6 12 92
7 13 93
8 14 94
0 9 15
1 10 16
2 11 17
3 12 18
4 13 19
5 14 20
6 15 21
7 16 22
8 17 23
9 18 24
10 19 25
11 20 26
12 21 27
13 22 28
14 23 29
15 24 30
16 25 31
17 26 32
18 27 33
19 28 34
20 29 35
21 30 36
22 31 37
23 32 38
24 33 39
25 34 40
26 35 41
27 36 42
28 37 43
29 38 44
30 39 45
31 40 46
32 41 47
33 42 48
34 43 49
35 44 50
36 45 51
37 46 52
38 47 53
39 48 54
40 49 55
41 50 56
42 51 57
43 52 58
44 53 59
45 54 60
46 55 61
47 56 62
48 57 63
49 58 64
50 59 65
51 60 66
52 61 67
53 62 68
54 63 69
55 64 70
56 65 71
57 66 72
58 67 73
59 68 74
60 69 75
61 70 76
62 71 77
63 72 78
64 73 79
65 74 80
66 75 81
67 76 82
68 77 83
69 78 84
70 79 85
71 80 86
72 81 87
73 82 88
74 83 89
75 84 90
76 85 91
77 86 92
78 87 93
79 88 94
0 80 89
1 81 90
2 82 91
3 83 92
4 84 93
5 85 94
0 6 86
1 7 87
8 45 85
9 46 86
10 47 87
11 48 88
12 49 89
13 50 90
14 51 91
15 52 92
16 53 93
17 54 94
0 18 55
1 19 56
2 20 57
3 21 58
4 22 59
5 23 60
6 24 61
7 25 62
8 26 63
9 27 64
10 28 65
11 29 66
12 30 67
13 31 68
14 32 69
15 33 70
16 34 71
17 35 72
18 36 73
19 37 74
20 38 75
21 39 76
22 40 77
23 41 78
24 42 79
25 43 80
26 44 81
27 45 82
28 46 83
29 47 84
30 48 85
31 49 86
32 50 87
33 51 88
34 52 89
35 53 90
36 54 91
37 55 92
38 56 93
39 57 94
0 40 58
1 41 59
2 42 60
3 43 61
4 44 62
5 45 63
6 46 64
7 47 65
8 48 66
9 49 67
10 50 68
11 51 69
12 52 70
13 53 71
14 54 72
15 55 73
16 56 74
17 57 75
18 58 76
19 59 77
20 60 78
21 61 79
22 62 80
23 63 81
24 64 82
25 65 83
26 66 84
27 67 85
28 68 86
29 69 87
30 70 88
31 71 89
32 72 90
33 73 91
34 74 92
35 75 93
36 76 94
0 37 77
1 38 78
2 39 79
3 40 80
4 41 81
5 42 82
6 43 83
7 44 84
0 66 71
1 67 72
2 68 73
3 69 74
4 70 75
5 71 76
6 72 77
7 73 78
8 74 79
9 75 80
10 76 81
11 77 82
12 78 83
13 79 84
14 80 85
15 81 86
16 82 87
17 83 88
18 84 89
19 85 90
20 86 91
21 87 92
22 88 93
23 89 94
0 24 90
1 25 91
2 26 92
3 27 93
4 28 94
0 5 29
1 6 30
2 7 31
3 8 32
4 9 33
5 10 34
6 11 35
7 12 36
8 13 37
9 14 38
10 15 39
11 16 40
12 17 41
13 18 42
14 19 43
15 20 44
16 21 45
17 22 46
18 23 47
19 24 48
20 25 49
21 26 50
22 27 51
23 28 52
24 29 53
25 30 54
26 31 55
27 32 56
28 33 57
29 34 58
30 35 59
31 36 60
32 37 61
33 38 62
34 39 63
35 40 64
36 41 65
37 42 66
38 43 67
39 44 68
40 45 69
41 46 70
42 47 71
43 48 72
44 49 73
45 50 74
46 51 75
47 52 76
48 53 77
49 54 78
50 55 79
51 56 80
52 57 81
53 58 82
54 59 83
55 60 84
56 61 85
57 62 86
58 63 87
59 64 88
60 65 89
61 66 90
62 67 91
63 68 92
64 69 93
65 70 94
44 58 94
0 45 59
1 46 60
2 47 61
3 48 62
4 49 63
5 50 64
6 51 65
7 52 66
8 53 67
9 54 68
10 55 69
11 56 70
12 57 71
13 58 72
14 59 73
15 60 74
16 61 75
17 62 76
18 63 77
19 64 78
20 65 79
21 66 80
22 67 81
23 68 82
24 69 83
25 70 84
26 71 85
27 72 86
28 73 87
29 74 88
30 75 89
31 76 90
32 77 91
33 78 92
34 79 93
35 80 94
0 36 81
1 37 82
2 38 83
3 39 84
4 40 85
5 41 86
6 42 87
7 43 88
8 44 89
9 45 90
10 46 91
11 47 92
12 48 93
13 49 94
0 14 50
1 15 51
2 16 52
3 17 53
4 18 54
5 19 55
6 20 56
7 21 57
8 22 58
9 23 59
10 24 60
11 25 61
12 26 62
13 27 63
14 28 64
15 29 65
16 30 66
17 31 67
18 32 68
19 33 69
20 34 70
21 35 71
22 36 72
23 37 73
24 38 74
25 39 75
26 40 76
27 41 77
28 42 78
29 43 79
30 44 80
31 45 81
32 46 82
33 47 83
34 48 84
35 49 85
36 50 86
37 51 87
38 52 88
39 53 89
40 54 90
41 55 91
42 56 92
43 57 93
72 73 89
73 74 90
74 75 91
75 76 92
76 77 93
77 78 94
0 78 79
1 79 80
2 80 81
3 81 82
4 82 83
5 83 84
6 84 85
7 85 86
8 86 87
9 87 88
10 88 89
11 89 90
12 90 91
13 91 92
14 92 93
15 93 94
0 16 94
0 1 17
1 2 18
2 3 19
3 4 20
4 5 21
5 6 22
6 7 23
7 8 24
8 9 25
9 10 26
10 11 27
11 12 28
12 13 29
13 14 30
14 15 31
15 16 32
16 17 33
17 18 34
18 19 35
19 20 36
20 21 37
21 22 38
22 23 39
23 24 40
24 25 41
25 26 42
26 27 43
27 28 44
28 29 45
29 30 46
30 31 47
31 32 48
32 33 49
33 34 50
34 35 51
35 36 52
36 37 53
37 38 54
38 39 55
39 40 56
40 41 57
41 42 58
42 43 59
43 44 60
44 45 61
45 46 62
46 47 63
47 48 64
48 49 65
49 50 66
50 51 67
51 52 68
52 53 69
53 54 70
54 55 71
55 56 72
56 57 73
57 58 74
58 59 75
59 60 76
60 61 77
61 62 78
62 63 79
63 64 80
64 65 81
65 66 82
66 67 83
67 68 84
68 69 85
69 70 86
70 71 87
71 72 88
14 68 71
15 69 72
16 70 73
17 71 74
18 72 75
19 73 76
20 74 77
21 75 78
22 76 79
23 77 80
24 78 81
25 79 82
26 80 83
27 81 84
28 82 85
29 83 86
30 84 87
31 85 88
32 86 89
33 87 90
34 88 91
35 89 92
36 90 93
37 91 94
0 38 92
1 39 93
2 40 94
0 3 41
1 4 42
2 5 43
3 6 44
4 7 45
5 8 46
6 9 47
7 10 48
8 11 49
9 12 50
10 13 51
11 14 52
12 15 53
13 16 54
14 17 55
15 18 56
16 19 57
17 20 58
18 21 59
19 22 60
20 23 61
21 24 62
22 25 63
23 26 64
24 27 65
25 28 66
26 29 67
27 30 68
28 31 69
29 32 70
30 33 71
31 34 72
32 35 73
33 36 74
34 37 75
35 38 76
36 39 77
37 40 78
38 41 79
39 42 80
40 43 81
41 44 82
42 45 83
43 46 84
44 47 85
45 48 86
46 49 87
47 50 88
48 51 89
49 52 90
50 53 91
51 54 92
52 55 93
53 56 94
0 54 57
1 55 58
2 56 59
3 57 60
4 58 61
5 59 62
6 60 63
7 61 64
8 62 65
9 63 66
10 64 67
11 65 68
12 66 69
13 67 70
51 74 84
52 75 85
53 76 86
54 77 87
55 78 88
56 79 89
57 80 90
58 81 91
59 82 92
60 83 93
61 84 94
0 62 85
1 63 86
2 64 87
3 65 88
4 66 89
5 67 90
6 68 91
7 69 92
8 70 93
9 71 94
0 10 72
1 11 73
2 12 74
3 13 75
4 14 76
5 15 77
6 16 78
7 17 79
8 18 80
9 19 81
10 20 82
11 21 83
12 22 84
13 23 85
14 24 86
15 25 87
16 26 88
17 27 89
18 28 90
19 29 91
20 30 92
21 31 93
22 32 94
0 23 33
1 24 34
2 25 35
3 26 36
4 27 37
5 28 38
6 29 39
7 30 40
8 31 41
9 32 42
10 33 43
11 34 44
12 35 45
13 36 46
14 37 47
15 38 48
16 39 49
17 40 50
18 41 51
19 42 52
20 43 53
21 44 54
22 45 55
23 46 56
24 47 57
25 48 58
26 49 59
27 50 60
28 51 61
29 52 62
30 53 63
31 54 64
32 55 65
33 56 66
34 57 67
35 58 68
36 59 69
37 60 70
38 61 71
39 62 72
40 63 73
41 64 74
42 65 75
43 66 76
44 67 77
45 68 78
46 69 79
47 70 80
48 71 81
49 72 82
50 73 83
36 47 82
37 48 83
38 49 84
39 50 85
40 51 86
41 52 87
42 53 88
43 54 89
44 55 90
45 56 91
46 57 92
47 58 93
48 59 94
0 49 60
1 50 61
2 51 62
3 52 63
4 53 64
5 54 65
6 55 66
7 56 67
8 57 68
9 58 69
10 59 70
11 60 71
12 61 72
13 62 73
14 63 74
15 64 75
16 65 76
17 66 77
18 67 78
19 68 79
20 69 80
21 70 81
22 71 82
23 72 83
24 73 84
25 74 85
26 75 86
27 76 87
28 77 88
29 78 89
30 79 90
31 80 91
32 81 92
33 82 93
34 83 94
0 35 84
1 36 85
2 37 86
3 38 87
4 39 88
5 40 89
6 41 90
7 42 91
8 43 92
9 44 93
10 45 94
0 11 46
1 12 47
2 13 48
3 14 49
4 15 50
5 16 51
6 17 52
7 18 53
8 19 54
9 20 55
10 21 56
11 22 57
12 23 58
13 24 59
14 25 60
15 26 61
16 27 62
17 28 63
18 29 64
19 30 65
20 31 66
21 32 67
22 33 68
23 34 69
24 35 70
25 36 71
26 37 72
27 38 73
28 39 74
29 40 75
30 41 76
31 42 77
32 43 78
33 44 79
34 45 80
35 46 81
35 42 54
36 43 55
37 44 56
38 45 57
39 46 58
40 47 59
41 48 60
42 49 61
43 50 62
44 51 63
45 52 64
46 53 65
47 54 66
48 55 67
49 56 68
50 57 69
51 58 70
52 59 71
53 60 72
54 61 73
55 62 74
56 63 75
57 64 76
58 65 77
59 66 78
60 67 79
61 68 80
62 69 81
63 70 82
64 71 83
65 72 84
66 73 85
67 74 86
68 75 87
69 76 88
70 77 89
71 78 90
72 79 91
73 80 92
74 81 93
75 82 94
0 76 83
1 77 84
2 78 85
3 79 86
4 80 87
5 81 88
6 82 89
7 83 90
8 84 91
9 85 92
10 86 93
11 87 94
0 12 88
1 13 89
2 14 90
3 15 91
4 16 92
5 17 93
6 18 94
0 7 19
1 8 20
2 9 21
3 10 22
4 11 23
5 12 24
6 13 25
7 14 26
8 15 27
9 16 28
10 17 29
11 18 30
12 19 31
13 20 32
14 21 33
15 22 34
16 23 35
17 24 36
18 25 37
19 26 38
20 27 39
21 28 40
22 29 41
23 30 42
24 31 43
25 32 44
26 33 45
27 34 46
28 35 47
29 36 48
30 37 49
31 38 50
32 39 51
33 40 52
34 41 53
17 39 90
18 40 91
19 41 92
20 42 93
21 43 94
0 22 44
1 23 45
2 24 46
3 25 47
4 26 48
5 27 49
6 28 50
7 29 51
8 30 52
9 31 53
10 32 54
11 33 55
12 34 56
13 35 57
14 36 58
15 37 59
16 38 60
17 39 61
18 40 62
19 41 63
20 42 64
21 43 65
22 44 66
23 45 67
24 46 68
25 47 69
26 48 70
27 49 71
28 50 72
29 51 73
30 52 74
31 53 75
32 54 76
33 55 77
34 56 78
35 57 79
36 58 80
37 59 81
38 60 82
39 61 83
40 62 84
41 63 85
42 64 86
43 65 87
44 66 88
45 67 89
46 68 90
47 69 91
48 70 92
49 71 93
50 72 94
0 51 73
1 52 74
2 53 75
3 54 76
4 55 77
5 56 78
6 57 79
7 58 80
8 59 81
9 60 82
10 61 83
11 62 84
12 63 85
13 64 86
14 65 87
15 66 88
16 67 89
17 68 90
18 69 91
19 70 92
20 71 93
21 72 94
0 22 73
1 23 74
2 24 75
3 25 76
4 26 77
5 27 78
6 28 79
7 29 80
8 30 81
9 31 82
10 32 83
11 33 84
12 34 85
13 35 86
14 36 87
15 37 88
16 38 89
