7 14 42 44 85
8 15 43 45 86
9 16 44 46 87
10 17 45 47 88
11 18 46 48 89
12 19 47 49 90
13 20 48 50 91
14 21 49 51 92
15 22 50 52 93
16 23 51 53 94
0 17 24 52 54
1 18 25 53 55
2 19 26 54 56
3 20 27 55 57
4 21 28 56 58
5 22 29 57 59
6 23 30 58 60
7 24 31 59 61
8 25 32 60 62
9 26 33 61 63
10 27 34 62 64
11 28 35 63 65
12 29 36 64 66
13 30 37 65 67
14 31 38 66 68
15 32 39 67 69
16 33 40 68 70
17 34 41 69 71
18 35 42 70 72
19 36 43 71 73
20 37 44 72 74
21 38 45 73 75
22 39 46 74 76
23 40 47 75 77
24 41 48 76 78
25 42 49 77 79
26 43 50 78 80
27 44 51 79 81
28 45 52 80 82
29 46 53 81 83
30 47 54 82 84
31 48 55 83 85
32 49 56 84 86
33 50 57 85 87
34 51 58 86 88
35 52 59 87 89
36 53 60 88 90
37 54 61 89 91
38 55 62 90 92
39 56 63 91 93
40 57 64 92 94
0 41 58 65 93
1 42 59 66 94
0 2 43 60 67
1 3 44 61 68
2 4 45 62 69
3 5 46 63 70
4 6 47 64 71
5 7 48 65 72
6 8 49 66 73
7 9 50 67 74
8 10 51 68 75
9 11 52 69 76
10 12 53 70 77
11 13 54 71 78
12 14 55 72 79
13 15 56 73 80
14 16 57 74 81
15 17 58 75 82
16 18 59 76 83
17 19 60 77 84
18 20 61 78 85
19 21 62 79 86
20 22 63 80 87
21 23 64 81 88
22 24 65 82 89
23 25 66 83 90
24 26 67 84 91
25 27 68 85 92
26 28 69 86 93
27 29 70 87 94
0 28 30 71 88
1 29 31 72 89
2 30 32 73 90
3 31 33 74 91
4 32 34 75 92
5 33 35 76 93
6 34 36 77 94
0 7 35 37 78
1 8 36 38 79
2 9 37 39 80
3 10 38 40 81
4 11 39 41 82
5 12 40 42 83
6 13 41 43 84
7 12 34 52 54
8 13 35 53 55
9 14 36 54 56
10 15 37 55 57
11 16 38 56 58
12 17 39 57 59
13 18 40 58 60
14 19 41 59 61
15 20 42 60 62
16 21 43 61 63
17 22 44 62 64
18 23 45 63 65
19 24 46 64 66
20 25 47 65 67
21 26 48 66 68
22 27 49 67 69
23 28 50 68 70
24 29 51 69 71
25 30 52 70 72
26 31 53 71 73
27 32 54 72 74
28 33 55 73 75
29 34 56 74 76
30 35 57 75 77
31 36 58 76 78
32 37 59 77 79
33 38 60 78 80
34 39 61 79 81
35 40 62 80 82
36 41 63 81 83
37 42 64 82 84
38 43 65 83 85
39 44 66 84 86
40 45 67 85 87
41 46 68 86 88
42 47 69 87 89
43 48 70 88 90
44 49 71 89 91
45 50 72 90 92
46 51 73 91 93
47 52 74 92 94
0 48 53 75 93
1 49 54 76 94
0 2 50 55 77
1 3 51 56 78
2 4 52 57 79
3 5 53 58 80
4 6 54 59 81
5 7 55 60 82
6 8 56 61 83
7 9 57 62 84
8 10 58 63 85
9 11 59 64 86
10 12 60 65 87
11 13 61 66 88
12 14 62 67 89
13 15 63 68 90
14 16 64 69 91
15 17 65 70 92
16 18 66 71 93
17 19 67 72 94
0 18 20 68 73
1 19 21 69 74
2 20 22 70 75
3 21 23 71 76
4 22 24 72 77
5 23 25 73 78
6 24 26 74 79
7 25 27 75 80
8 26 28 76 81
9 27 29 77 82
10 28 30 78 83
11 29 31 79 84
12 30 32 80 85
13 31 33 81 86
14 32 34 82 87
15 33 35 83 88
16 34 36 84 89
17 35 37 85 90
18 36 38 86 91
19 37 39 87 92
20 38 40 88 93
21 39 41 89 94
0 22 40 42 90
1 23 41 43 91
2 24 42 44 92
3 25 43 45 93
4 26 44 46 94
0 5 27 45 47
1 6 28 46 48
2 7 29 47 49
3 8 30 48 50
4 9 31 49 51
5 10 32 50 52
6 11 33 51 53
13 51 62 74 83
14 52 63 75 84
15 53 64 76 85
16 54 65 77 86
17 55 66 78 87
18 56 67 79 88
19 57 68 80 89
20 58 69 81 90
21 59 70 82 91
22 60 71 83 92
23 61 72 84 93
24 62 73 85 94
0 25 63 74 86
1 26 64 75 87
2 27 65 76 88
3 28 66 77 89
4 29 67 78 90
5 30 68 79 91
6 31 69 80 92
7 32 70 81 93
8 33 71 82 94
0 9 34 72 83
1 10 35 73 84
2 11 36 74 85
3 12 37 75 86
4 13 38 76 87
5 14 39 77 88
6 15 40 78 89
7 16 41 79 90
8 17 42 80 91
9 18 43 81 92
10 19 44 82 93
11 20 45 83 94
0 12 21 46 84
1 13 22 47 85
2 14 23 48 86
3 15 24 49 87
4 16 25 50 88
5 17 26 51 89
6 18 27 52 90
7 19 28 53 91
8 20 29 54 92
9 21 30 55 93
10 22 31 56 94
0 11 23 32 57
1 12 24 33 58
2 13 25 34 59
3 14 26 35 60
4 15 27 36 61
5 16 28 37 62
6 17 29 38 63
7 18 30 39 64
8 19 31 40 65
9 20 32 41 66
10 21 33 42 67
11 22 34 43 68
12 23 35 44 69
13 24 36 45 70
14 25 37 46 71
15 26 38 47 72
16 27 39 48 73
17 28 40 49 74
18 29 41 50 75
19 30 42 51 76
20 31 43 52 77
21 32 44 53 78
22 33 45 54 79
23 34 46 55 80
24 35 47 56 81
25 36 48 57 82
26 37 49 58 83
27 38 50 59 84
28 39 51 60 85
29 40 52 61 86
30 41 53 62 87
31 42 54 63 88
32 43 55 64 89
33 44 56 65 90
34 45 57 66 91
35 46 58 67 92
36 47 59 68 93
37 48 60 69 94
0 38 49 61 70
1 39 50 62 71
2 40 51 63 72
3 41 52 64 73
4 42 53 65 74
5 43 54 66 75
6 44 55 67 76
7 45 56 68 77
8 46 57 69 78
9 47 58 70 79
10 48 59 71 80
11 49 60 72 81
12 50 61 73 82
11 77 87 90 91
12 78 88 91 92
13 79 89 92 93
14 80 90 93 94
0 15 81 91 94
0 1 16 82 92
1 2 17 83 93
2 3 18 84 94
0 3 4 19 85
1 4 5 20 86
2 5 6 21 87
3 6 7 22 88
4 7 8 23 89
5 8 9 24 90
6 9 10 25 91
7 10 11 26 92
8 11 12 27 93
9 12 13 28 94
0 10 13 14 29
1 11 14 15 30
2 12 15 16 31
3 13 16 17 32
4 14 17 18 33
5 15 18 19 34
6 16 19 20 35
7 17 20 21 36
8 18 21 22 37
9 19 22 23 38
10 20 23 24 39
11 21 24 25 40
12 22 25 26 41
13 23 26 27 42
14 24 27 28 43
15 25 28 29 44
16 26 29 30 45
17 27 30 31 46
18 28 31 32 47
19 29 32 33 48
20 30 33 34 49
21 31 34 35 50
22 32 35 36 51
23 33 36 37 52
24 34 37 38 53
25 35 38 39 54
26 36 39 40 55
27 37 40 41 56
28 38 41 42 57
29 39 42 43 58
30 40 43 44 59
31 41 44 45 60
32 42 45 46 61
33 43 46 47 62
34 44 47 48 63
35 45 48 49 64
36 46 49 50 65
37 47 50 51 66
38 48 51 52 67
39 49 52 53 68
40 50 53 54 69
41 51 54 55 70
42 52 55 56 71
43 53 56 57 72
44 54 57 58 73
45 55 58 59 74
46 56 59 60 75
47 57 60 61 76
48 58 61 62 77
49 59 62 63 78
50 60 63 64 79
51 61 64 65 80
52 62 65 66 81
53 63 66 67 82
54 64 67 68 83
55 65 68 69 84
56 66 69 70 85
57 67 70 71 86
58 68 71 72 87
59 69 72 73 88
60 70 73 74 89
61 71 74 75 90
62 72 75 76 91
63 73 76 77 92
64 74 77 78 93
65 75 78 79 94
0 66 76 79 80
1 67 77 80 81
2 68 78 81 82
3 69 79 82 83
4 70 80 83 84
5 71 81 84 85
6 72 82 85 86
7 73 83 86 87
8 74 84 87 88
9 75 85 88 89
10 76 86 89 90
19 27 52 58 78
20 28 53 59 79
21 29 54 60 80
22 30 55 61 81
23 31 56 62 82
24 32 57 63 83
25 33 58 64 84
26 34 59 65 85
27 35 60 66 86
28 36 61 67 87
29 37 62 68 88
30 38 63 69 89
31 39 64 70 90
32 40 65 71 91
33 41 66 72 92
34 42 67 73 93
35 43 68 74 94
0 36 44 69 75
1 37 45 70 76
2 38 46 71 77
3 39 47 72 78
4 40 48 73 79
5 41 49 74 80
6 42 50 75 81
7 43 51 76 82
8 44 52 77 83
9 45 53 78 84
10 46 54 79 85
11 47 55 80 86
12 48 56 81 87
13 49 57 82 88
14 50 58 83 89
15 51 59 84 90
16 52 60 85 91
17 53 61 86 92
18 54 62 87 93
19 55 63 88 94
0 20 56 64 89
1 21 57 65 90
2 22 58 66 91
3 23 59 67 92
4 24 60 68 93
5 25 61 69 94
0 6 26 62 70
1 7 27 63 71
2 8 28 64 72
3 9 29 65 73
4 10 30 66 74
5 11 31 67 75
6 12 32 68 76
7 13 33 69 77
8 14 34 70 78
9 15 35 71 79
10 16 36 72 80
11 17 37 73 81
12 18 38 74 82
13 19 39 75 83
14 20 40 76 84
15 21 41 77 85
16 22 42 78 86
17 23 43 79 87
18 24 44 80 88
19 25 45 81 89
20 26 46 82 90
21 27 47 83 91
22 28 48 84 92
23 29 49 85 93
24 30 50 86 94
0 25 31 51 87
1 26 32 52 88
2 27 33 53 89
3 28 34 54 90
4 29 35 55 91
5 30 36 56 92
6 31 37 57 93
7 32 38 58 94
0 8 33 39 59
1 9 34 40 60
2 10 35 41 61
3 11 36 42 62
4 12 37 43 63
5 13 38 44 64
6 14 39 45 65
7 15 40 46 66
8 16 41 47 67
9 17 42 48 68
10 18 43 49 69
11 19 44 50 70
12 20 45 51 71
13 21 46 52 72
14 22 47 53 73
15 23 48 54 74
16 24 49 55 75
17 25 50 56 76
18 26 51 57 77
