0 10 27 33 35 45 54 56 66
1 3 14 53 62 71 74 78 89
2 11 12 13 32 56 60 78 87
4 8 12 40 43 63 77 84 94
2 5 20 25 29 37 61 63 75
6 16 19 24 30 50 75 85 87
6 7 9 13 18 22 41 82 89
13 14 15 17 26 31 43 79 90
9 15 21 36 37 38 40 53 87
23 28 32 44 58 70 82 88 95
1 17 21 30 39 47 49 58 73
5 7 19 34 47 51 52 56 76
17 38 42 48 57 63 64 83 93
5 8 15 16 46 68 72 81 92
46 49 54 59 61 79 80 94 95
22 31 40 47 55 67 70 86 92
4 20 35 52 54 69 82 87 91
11 24 29 31 33 44 65 85 93
0 2 15 39 51 65 80 83 89
3 28 33 37 41 46 48 73 84
10 18 29 36 48 58 60 71 91
8 23 27 30 41 53 67 75 83
15 16 21 22 25 44 45 60 69
1 4 11 18 26 27 38 76 92
26 34 36 39 44 55 57 66 68
10 21 42 50 55 74 82 84 85
12 37 44 45 62 67 81 90 91
0 1 13 24 25 39 48 54 77
19 30 31 61 64 74 77 88 91
7 26 35 59 70 78 81 84 93
3 6 30 40 52 60 66 79 81
8 9 31 35 39 48 50 71 76
14 23 33 34 37 50 60 92 94
3 13 16 21 33 57 76 80 91
12 20 22 24 28 38 66 71 90
3 12 20 23 26 30 42 49 72
16 25 35 43 44 73 74 83 86
12 25 30 32 46 51 57 71 85
0 11 19 22 29 43 46 58 62
9 24 27 59 60 62 63 72 88
13 27 29 50 52 68 70 73 95
4 10 15 24 41 45 47 57 78
1 22 36 52 65 75 83 84 88
4 10 19 49 53 73 81 85 86
5 14 18 48 66 67 76 87 95
6 15 28 29 34 49 67 74 93
7 12 53 55 58 63 64 69 92
29 32 42 47 66 69 77 81 89
18 19 24 32 35 55 63 68 79
10 34 38 41 43 61 70 72 87
1 5 35 41 42 51 60 85 94
9 10 11 12 28 31 54 68 83
6 16 26 37 42 54 56 71 88
0 7 11 16 20 36 67 73 79
2 24 26 40 52 62 64 82 94
14 56 57 59 73 75 77 82 92
19 23 36 54 76 86 89 90 93
29 39 45 51 79 84 87 88 92
5 6 17 32 33 53 61 84 86
16 18 28 31 37 39 52 72 94
4 21 64 65 67 68 70 71 75
25 26 28 40 45 58 61 85 89
0 14 21 28 41 63 76 81 88
11 17 18 23 40 69 72 74 81
2 9 16 23 38 45 46 55 77
0 2 30 33 36 42 43 69 95
25 36 46 49 56 63 70 74 90
6 8 14 25 35 36 47 59 64
1 6 27 28 43 55 57 65 91
6 20 36 48 51 54 58 77 78
7 15 30 42 44 48 59 61 76
4 6 14 28 60 61 69 70 83
4 5 10 23 31 57 62 80 87
8 13 20 30 34 45 62 65 86
3 38 44 50 51 54 63 67 78
9 32 43 45 48 49 52 74 92
1 8 19 37 66 72 78 80 93
3 22 27 34 35 64 77 85 95
20 39 40 43 53 56 91 93 95
0 31 38 49 60 68 82 84 89
1 9 34 50 58 75 80 81 90
2 9 14 27 44 47 72 79 84
39 45 54 55 60 72 73 75 76
0 8 18 52 55 57 61 87 90
0 9 17 66 70 78 85 91 94
7 8 26 28 60 77 80 86 87
2 12 18 31 33 34 73 88 89
10 17 20 44 46 52 64 67 89
1 3 4 9 29 56 61 67 69
7 12 21 24 27 39 43 46 61
4 13 16 31 51 53 58 63 66
4 5 11 30 35 37 55 88 89
22 26 37 49 64 76 78 79 83
3 10 15 20 32 75 86 88 94
19 21 31 41 54 62 66 92 95
9 19 20 45 57 60 70 84 95
27 29 30 53 78 80 82 90 94
4 7 8 20 33 38 42 74 79
7 14 29 35 40 49 54 57 88
36 41 50 61 62 69 79 80 93
15 22 23 26 32 50 63 73 91
0 21 23 26 29 41 52 53 59
33 34 46 47 63 71 82 83 87
21 23 24 34 48 56 79 86 89
13 19 44 53 68 69 71 84 94
0 12 13 37 38 47 74 75 95
1 3 7 31 32 44 83 87 95
11 14 24 42 45 52 70 71 80
2 11 41 44 49 50 56 64 77
17 48 53 60 65 72 79 82 88
15 18 43 54 56 64 80 84 85
10 14 22 30 51 55 80 92 93
10 16 32 40 59 65 69 76 90
1 2 18 20 58 59 68 74 86
25 34 40 41 42 48 68 80 91
5 8 24 38 49 69 73 88 91
22 27 57 58 72 74 87 89 94
13 23 28 35 36 42 61 78 92
1 15 33 48 55 62 70 75 90
2 6 11 21 35 67 72 90 95
8 10 18 21 37 51 70 77 79
1 15 19 27 40 50 82 83 92
4 18 25 46 50 53 66 76 88
2 3 4 12 17 19 22 48 93
0 4 32 34 36 64 71 72 85
14 21 32 35 38 46 58 65 80
20 21 24 36 55 56 81 83 94
20 43 47 60 67 74 76 80 88
3 5 12 36 39 41 70 82 86
6 26 31 34 46 51 69 75 78
1 6 10 23 39 45 63 64 69
2 8 61 65 66 71 73 81 82
3 24 37 43 45 58 68 76 82
9 19 25 28 30 38 56 59 65
5 8 9 22 26 33 44 47 54
0 5 13 40 46 60 71 73 93
2 8 63 69 76 85 89 91 92
6 12 29 38 62 73 76 80 94
7 11 49 66 75 83 84 90 91
10 17 24 26 51 53 65 74 95
3 7 18 45 47 50 65 93 94
9 29 42 51 64 73 86 87 90
27 37 38 48 57 69 71 81 86
12 15 33 35 52 58 76 77 93
2 28 43 50 53 54 57 70 81
22 31 39 42 49 65 67 77 81
8 16 17 29 41 55 58 71 95
18 35 42 44 46 47 53 62 75
11 15 25 52 63 66 78 86 95
8 17 27 31 32 36 45 56 59
13 18 57 58 59 67 79 83 85
13 14 19 33 39 64 78 81 88
16 17 30 34 54 70 76 84 89
9 24 25 32 67 75 82 84 93
5 17 28 40 44 63 75 79 80
15 23 33 43 49 59 66 71 87
11 16 23 47 48 51 61 82 94
0 3 4 6 24 44 60 90 92
22 33 40 50 51 56 61 68 72
1 12 14 16 46 54 79 86 91
5 16 18 27 28 49 51 62 64
6 7 17 37 59 62 68 77 85
18 30 40 63 65 68 73 78 87
16 20 21 23 27 78 84 87 93
2 3 7 10 13 25 49 55 72
4 43 51 59 75 81 89 91 95
5 21 29 45 53 72 77 83 90
7 23 25 62 65 71 77 79 92
0 28 47 50 62 72 83 86 91
23 38 39 52 68 85 88 90 93
17 20 25 31 35 50 81 87 92
19 25 26 27 33 42 58 67 94
14 20 26 41 47 48 68 85 90
3 8 11 22 34 39 53 57 59
4 5 32 39 56 58 62 74 84
32 37 41 54 60 64 65 66 74
5 12 43 50 55 59 65 78 89
