15 29 49 50 56 61
18 32 52 53 59 64
21 35 55 56 62 67
24 38 58 59 65 70
27 41 61 62 68 73
30 44 64 65 71 76
33 47 67 68 74 79
36 50 70 71 77 82
39 53 73 74 80 85
42 56 76 77 83 88
45 59 79 80 86 91
48 62 82 83 89 94
1 51 65 85 86 92
4 54 68 88 89 95
2 7 57 71 91 92
5 10 60 74 94 95
1 2 8 13 63 77
4 5 11 16 66 80
7 8 14 19 69 83
10 11 17 22 72 86
13 14 20 25 75 89
16 17 23 28 78 92
19 20 26 31 81 95
2 22 23 29 34 84
5 25 26 32 37 87
8 28 29 35 40 90
11 31 32 38 43 93
0 14 34 35 41 46
3 17 37 38 44 49
6 20 40 41 47 52
9 23 43 44 50 55
12 26 46 47 53 58
8 25 39 56 64 72
11 28 42 59 67 75
14 31 45 62 70 78
17 34 48 65 73 81
20 37 51 68 76 84
23 40 54 71 79 87
26 43 57 74 82 90
29 46 60 77 85 93
0 32 49 63 80 88
3 35 52 66 83 91
6 38 55 69 86 94
1 9 41 58 72 89
4 12 44 61 75 92
7 15 47 64 78 95
2 10 18 50 67 81
5 13 21 53 70 84
8 16 24 56 73 87
11 19 27 59 76 90
14 22 30 62 79 93
0 17 25 33 65 82
3 20 28 36 68 85
6 23 31 39 71 88
9 26 34 42 74 91
12 29 37 45 77 94
1 15 32 40 48 80
4 18 35 43 51 83
7 21 38 46 54 86
10 24 41 49 57 89
13 27 44 52 60 92
16 30 47 55 63 95
2 19 33 50 58 66
5 22 36 53 61 69
9 29 37 66 82 92
12 32 40 69 85 95
2 15 35 43 72 88
5 18 38 46 75 91
8 21 41 49 78 94
1 11 24 44 52 81
4 14 27 47 55 84
7 17 30 50 58 87
10 20 33 53 61 90
13 23 36 56 64 93
0 16 26 39 59 67
3 19 29 42 62 70
6 22 32 45 65 73
9 25 35 48 68 76
12 28 38 51 71 79
15 31 41 54 74 82
18 34 44 57 77 85
21 37 47 60 80 88
24 40 50 63 83 91
27 43 53 66 86 94
1 30 46 56 69 89
4 33 49 59 72 92
7 36 52 62 75 95
2 10 39 55 65 78
5 13 42 58 68 81
8 16 45 61 71 84
11 19 48 64 74 87
14 22 51 67 77 90
17 25 54 70 80 93
0 20 28 57 73 83
3 23 31 60 76 86
6 26 34 63 79 89
12 20 30 34 59 78
15 23 33 37 62 81
18 26 36 40 65 84
21 29 39 43 68 87
24 32 42 46 71 90
27 35 45 49 74 93
0 30 38 48 52 77
3 33 41 51 55 80
6 36 44 54 58 83
9 39 47 57 61 86
12 42 50 60 64 89
15 45 53 63 67 92
18 48 56 66 70 95
2 21 51 59 69 73
5 24 54 62 72 76
8 27 57 65 75 79
11 30 60 68 78 82
14 33 63 71 81 85
17 36 66 74 84 88
20 39 69 77 87 91
23 42 72 80 90 94
1 26 45 75 83 93
0 4 29 48 78 86
3 7 32 51 81 89
6 10 35 54 84 92
9 13 38 57 87 95
2 12 16 41 60 90
5 15 19 44 63 93
0 8 18 22 47 66
3 11 21 25 50 69
6 14 24 28 53 72
9 17 27 31 56 75
14 36 37 56 59 60
17 39 40 59 62 63
20 42 43 62 65 66
23 45 46 65 68 69
26 48 49 68 71 72
29 51 52 71 74 75
32 54 55 74 77 78
35 57 58 77 80 81
38 60 61 80 83 84
41 63 64 83 86 87
44 66 67 86 89 90
47 69 70 89 92 93
0 50 72 73 92 95
2 3 53 75 76 95
2 5 6 56 78 79
5 8 9 59 81 82
8 11 12 62 84 85
11 14 15 65 87 88
14 17 18 68 90 91
17 20 21 71 93 94
0 1 20 23 24 74
3 4 23 26 27 77
6 7 26 29 30 80
9 10 29 32 33 83
12 13 32 35 36 86
15 16 35 38 39 89
18 19 38 41 42 92
21 22 41 44 45 95
2 24 25 44 47 48
5 27 28 47 50 51
8 30 31 50 53 54
11 33 34 53 56 57
6 33 76 87 93 95
0 2 9 36 79 90
3 5 12 39 82 93
0 6 8 15 42 85
3 9 11 18 45 88
6 12 14 21 48 91
9 15 17 24 51 94
1 12 18 20 27 54
4 15 21 23 30 57
7 18 24 26 33 60
10 21 27 29 36 63
13 24 30 32 39 66
16 27 33 35 42 69
19 30 36 38 45 72
22 33 39 41 48 75
25 36 42 44 51 78
28 39 45 47 54 81
31 42 48 50 57 84
34 45 51 53 60 87
37 48 54 56 63 90
40 51 57 59 66 93
0 43 54 60 62 69
3 46 57 63 65 72
6 49 60 66 68 75
9 52 63 69 71 78
12 55 66 72 74 81
15 58 69 75 77 84
18 61 72 78 80 87
21 64 75 81 83 90
24 67 78 84 86 93
0 27 70 81 87 89
3 30 73 84 90 92
4 37 41 50 65 93
0 7 40 44 53 68
3 10 43 47 56 71
6 13 46 50 59 74
9 16 49 53 62 77
12 19 52 56 65 80
15 22 55 59 68 83
18 25 58 62 71 86
21 28 61 65 74 89
24 31 64 68 77 92
27 34 67 71 80 95
2 30 37 70 74 83
5 33 40 73 77 86
8 36 43 76 80 89
11 39 46 79 83 92
14 42 49 82 86 95
2 17 45 52 85 89
5 20 48 55 88 92
8 23 51 58 91 95
2 11 26 54 61 94
1 5 14 29 57 64
4 8 17 32 60 67
7 11 20 35 63 70
10 14 23 38 66 73
13 17 26 41 69 76
16 20 29 44 72 79
19 23 32 47 75 82
22 26 35 50 78 85
25 29 38 53 81 88
28 32 41 56 84 91
31 35 44 59 87 94
1 34 38 47 62 90
14 24 43 75 80 92
17 27 46 78 83 95
2 20 30 49 81 86
5 23 33 52 84 89
8 26 36 55 87 92
11 29 39 58 90 95
2 14 32 42 61 93
0 5 17 35 45 64
3 8 20 38 48 67
6 11 23 41 51 70
9 14 26 44 54 73
12 17 29 47 57 76
15 20 32 50 60 79
18 23 35 53 63 82
21 26 38 56 66 85
24 29 41 59 69 88
27 32 44 62 72 91
30 35 47 65 75 94
1 33 38 50 68 78
4 36 41 53 71 81
7 39 44 56 74 84
10 42 47 59 77 87
13 45 50 62 80 90
16 48 53 65 83 93
0 19 51 56 68 86
3 22 54 59 71 89
6 25 57 62 74 92
9 28 60 65 77 95
2 12 31 63 68 80
5 15 34 66 71 83
8 18 37 69 74 86
11 21 40 72 77 89
3 13 25 31 34 61
6 16 28 34 37 64
9 19 31 37 40 67
12 22 34 40 43 70
15 25 37 43 46 73
18 28 40 46 49 76
21 31 43 49 52 79
24 34 46 52 55 82
27 37 49 55 58 85
30 40 52 58 61 88
33 43 55 61 64 91
36 46 58 64 67 94
1 39 49 61 67 70
4 42 52 64 70 73
7 45 55 67 73 76
10 48 58 70 76 79
13 51 61 73 79 82
16 54 64 76 82 85
19 57 67 79 85 88
22 60 70 82 88 91
25 63 73 85 91 94
1 28 66 76 88 94
1 4 31 69 79 91
4 7 34 72 82 94
1 7 10 37 75 85
4 10 13 40 78 88
7 13 16 43 81 91
10 16 19 46 84 94
1 13 19 22 49 87
4 16 22 25 52 90
7 19 25 28 55 93
0 10 22 28 31 58
13 28 30 33 42 63
16 31 33 36 45 66
19 34 36 39 48 69
22 37 39 42 51 72
25 40 42 45 54 75
28 43 45 48 57 78
31 46 48 51 60 81
34 49 51 54 63 84
37 52 54 57 66 87
40 55 57 60 69 90
43 58 60 63 72 93
0 46 61 63 66 75
3 49 64 66 69 78
6 52 67 69 72 81
9 55 70 72 75 84
12 58 73 75 78 87
15 61 76 78 81 90
18 64 79 81 84 93
0 21 67 82 84 87
3 24 70 85 87 90
6 27 73 88 90 93
0 9 30 76 91 93
0 3 12 33 79 94
1 3 6 15 36 82
4 6 9 18 39 85
7 9 12 21 42 88
10 12 15 24 45 91
13 15 18 27 48 94
1 16 18 21 30 51
4 19 21 24 33 54
7 22 24 27 36 57
10 25 27 30 39 60
16 32 57 68 70 94
1 19 35 60 71 73
4 22 38 63 74 76
7 25 41 66 77 79
10 28 44 69 80 82
13 31 47 72 83 85
16 34 50 75 86 88
19 37 53 78 89 91
22 40 56 81 92 94
1 25 43 59 84 95
2 4 28 46 62 87
5 7 31 49 65 90
8 10 34 52 68 93
0 11 13 37 55 71
3 14 16 40 58 74
6 17 19 43 61 77
9 20 22 46 64 80
12 23 25 49 67 83
15 26 28 52 70 86
18 29 31 55 73 89
21 32 34 58 76 92
24 35 37 61 79 95
2 27 38 40 64 82
5 30 41 43 67 85
8 33 44 46 70 88
11 36 47 49 73 91
14 39 50 52 76 94
1 17 42 53 55 79
4 20 45 56 58 82
7 23 48 59 61 85
10 26 51 62 64 88
13 29 54 65 67 91
