0 8 18 50 64 71 77 81 83 88
1 2 16 27 32 36 63 67 75 79
3 4 6 21 25 32 52 66 81 84
5 7 9 21 24 44 47 74 87 94
10 14 20 28 52 56 62 67 86 93
11 18 31 37 39 48 52 58 63 70
19 35 44 49 52 60 68 71 75 95
13 24 25 35 36 51 56 70 76 89
10 13 15 16 34 44 53 69 81 92
2 8 17 19 24 30 41 57 58 59
7 20 22 59 62 64 76 78 79 90
0 4 14 15 23 46 55 76 83 91
3 22 26 36 46 51 53 54 72 86
17 29 34 45 52 63 66 72 78 88
15 35 40 43 45 55 61 62 81 94
1 18 41 42 65 66 68 69 90 91
6 9 26 33 48 55 56 60 72 79
2 42 43 52 53 73 80 82 87 88
2 26 29 31 34 47 61 65 76 95
3 5 20 30 34 40 42 60 70 85
11 14 30 32 33 45 53 64 65 74
9 12 15 29 37 42 49 51 82 90
7 18 23 30 38 49 51 61 67 84
24 27 29 40 48 50 53 84 91 93
3 12 32 38 42 50 54 57 89 95
0 9 31 36 40 41 49 73 78 86
14 16 19 48 51 68 78 83 85 87
4 16 17 33 34 39 43 67 80 83
1 8 9 11 13 20 23 72 80 95
6 22 23 31 45 50 69 70 75 87
2 8 21 34 36 37 54 55 68 93
19 23 25 27 37 43 47 64 69 86
44 45 48 59 67 69 71 73 82 95
11 22 24 28 38 43 68 77 90 92
4 13 18 27 54 62 73 74 85 95
1 6 46 47 59 73 83 89 92 93
10 12 18 21 33 36 43 59 72 91
3 13 17 37 50 61 65 73 79 93
10 25 48 61 64 74 75 80 89 90
5 6 8 27 35 38 39 65 78 82
15 20 25 32 39 49 54 59 77 87
16 18 22 25 41 56 60 81 82 93
23 28 36 39 44 57 60 65 81 89
1 3 7 15 28 33 58 75 86 88
12 17 55 65 70 71 84 86 87 92
1 6 12 26 30 35 63 69 80 93
33 46 47 49 57 62 66 70 77 82
2 7 14 21 40 56 69 72 77 89
13 19 21 28 31 42 46 71 79 91
5 22 29 32 56 57 58 71 80 83
16 26 37 38 40 58 66 71 74 76
3 10 24 30 39 55 64 66 85 95
0 16 19 39 45 47 54 56 84 90
1 29 33 38 41 44 52 54 64 70
9 14 22 34 35 42 59 63 74 84
20 21 27 30 36 46 48 88 90 94
11 17 20 42 47 51 75 78 81 91
3 6 28 41 45 49 63 76 80 85
3 8 14 17 26 43 49 75 90 94
5 25 31 55 57 67 68 72 74 88
4 20 35 41 53 58 79 87 89 95
9 15 19 32 61 66 70 72 83 93
15 30 34 39 43 46 50 56 74 78
12 23 24 26 32 34 41 48 62 88
0 7 17 20 31 32 71 82 85 92
1 4 8 12 25 39 40 45 51 79
15 21 26 29 35 57 67 73 85 90
8 46 60 61 63 64 67 87 91 94
5 16 17 23 41 52 74 77 90 93
0 2 5 42 44 61 62 80 86 94
10 29 45 47 58 60 68 73 76 84
2 4 10 13 22 48 49 65 70 88
3 18 19 32 44 53 55 76 77 78
7 9 10 11 27 50 57 63 71 89
0 5 10 25 34 50 53 66 79 80
9 30 43 48 54 66 67 76 81 92
34 38 45 73 77 82 86 88 89 91
6 16 27 28 42 49 58 61 64 72
8 28 53 66 69 70 73 74 78 94
15 18 24 40 46 47 52 65 79 80
19 29 30 68 74 79 81 82 86 89
5 19 33 40 51 58 62 63 92 95
7 25 26 36 42 45 50 52 83 92
0 37 38 56 63 72 73 75 81 87
14 36 39 41 47 53 61 71 85 88
0 11 52 59 65 72 84 85 89 94
8 15 16 22 30 31 33 62 84 89
14 24 31 37 38 54 60 72 78 80
6 12 15 17 36 56 64 68 94 95
2 7 28 39 70 80 81 90 91 95
1 5 13 26 40 64 75 78 82 84
10 11 17 23 28 35 40 54 82 83
0 1 17 21 22 27 34 57 76 87
6 7 10 13 29 41 43 51 55 77
0 3 9 16 26 29 39 70 91 95
12 17 27 31 40 44 53 60 83 90
0 12 20 24 33 45 57 61 68 69
2 20 38 47 50 55 63 65 83 84
23 27 33 42 56 58 65 67 77 85
3 4 13 35 38 47 48 64 72 92
2 4 23 25 33 71 73 78 93 94
3 21 23 24 25 53 63 68 71 82
16 21 48 50 59 60 61 78 86 92
5 12 14 16 22 28 30 47 55 73
6 18 37 49 53 56 62 74 91 92
24 39 42 69 75 76 83 85 86 93
2 9 12 18 34 57 64 75 77 92
13 32 33 35 40 63 66 86 87 90
2 5 10 27 33 37 41 45 46 81
26 27 51 55 59 61 68 70 80 81
6 30 34 44 51 62 71 72 87 90
0 4 28 29 30 35 37 53 59 75
7 11 12 19 24 34 49 58 73 81
0 14 43 48 57 58 70 79 82 93
9 17 25 29 36 38 46 58 62 69
13 22 25 30 37 52 61 77 85 91
11 13 21 26 44 58 67 70 78 89
0 2 3 12 13 51 60 67 74 83
1 10 14 31 35 50 77 81 85 94
4 5 11 36 49 54 55 61 69 82
6 19 20 22 37 40 53 57 67 88
14 23 27 36 66 77 79 80 84 92
8 10 12 23 32 42 52 55 76 78
5 17 18 28 35 43 45 48 86 89
9 17 28 33 40 50 59 68 76 88
1 37 41 43 57 60 71 77 84 95
25 28 34 54 55 58 65 71 75 94
13 14 16 18 20 23 29 57 59 94
7 11 16 32 43 46 60 62 65 68
3 5 15 27 38 52 60 69 71 91
22 39 41 50 51 72 76 82 92 94
0 6 11 14 22 25 44 46 86 95
3 11 36 45 57 62 78 87 91 93
10 18 19 26 28 38 44 79 87 94
2 6 16 24 35 54 79 85 88 91
20 28 31 32 39 51 64 69 73 84
1 4 22 24 55 60 66 88 89 90
1 7 8 9 38 48 53 56 61 85
4 9 19 21 51 52 57 65 80 86
9 13 21 39 41 45 62 68 75 83
12 20 43 44 46 56 63 66 75 85
3 4 5 11 19 31 43 56 59 76
1 19 20 24 36 49 50 62 67 74
4 7 15 20 26 42 48 54 63 77
21 31 38 49 59 64 81 88 93 95
7 35 37 44 46 51 66 84 88 93
30 32 37 49 78 79 83 89 94 95
4 8 32 44 47 50 58 68 90 91
8 11 29 56 69 79 86 87 88 92
2 8 11 15 31 41 47 59 66 67
