16 43 60 65 83
17 44 61 66 84
18 45 62 67 85
19 46 63 68 86
20 47 64 69 87
21 48 65 70 88
22 49 66 71 89
23 50 67 72 90
24 51 68 73 91
25 52 69 74 92
26 53 70 75 93
27 54 71 76 94
28 55 72 77 95
0 29 56 73 78
1 30 57 74 79
2 31 58 75 80
3 32 59 76 81
4 33 60 77 82
5 34 61 78 83
6 35 62 79 84
7 36 63 80 85
8 37 64 81 86
9 38 65 82 87
10 39 66 83 88
11 40 67 84 89
12 41 68 85 90
13 42 69 86 91
14 43 70 87 92
15 44 71 88 93
16 45 72 89 94
17 46 73 90 95
0 18 47 74 91
1 19 48 75 92
2 20 49 76 93
3 21 50 77 94
4 22 51 78 95
0 5 23 52 79
1 6 24 53 80
2 7 25 54 81
3 8 26 55 82
4 9 27 56 83
5 10 28 57 84
6 11 29 58 85
7 12 30 59 86
8 13 31 60 87
9 14 32 61 88
10 15 33 62 89
11 16 34 63 90
12 17 35 64 91
13 18 36 65 92
14 19 37 66 93
15 20 38 67 94
16 21 39 68 95
0 17 22 40 69
1 18 23 41 70
2 19 24 42 71
3 20 25 43 72
4 21 26 44 73
5 22 27 45 74
6 23 28 46 75
7 24 29 47 76
8 25 30 48 77
9 26 31 49 78
10 27 32 50 79
11 28 33 51 80
12 29 34 52 81
13 30 35 53 82
14 31 36 54 83
15 32 37 55 84
16 33 38 56 85
17 34 39 57 86
18 35 40 58 87
19 36 41 59 88
20 37 42 60 89
21 38 43 61 90
22 39 44 62 91
23 40 45 63 92
24 41 46 64 93
25 42 47 65 94
26 43 48 66 95
0 27 44 49 67
1 28 45 50 68
2 29 46 51 69
3 30 47 52 70
4 31 48 53 71
5 32 49 54 72
6 33 50 55 73
7 34 51 56 74
8 35 52 57 75
9 36 53 58 76
10 37 54 59 77
11 38 55 60 78
12 39 56 61 79
13 40 57 62 80
14 41 58 63 81
15 42 59 64 82
0 7 60 72 88
1 8 61 73 89
2 9 62 74 90
3 10 63 75 91
4 11 64 76 92
5 12 65 77 93
6 13 66 78 94
7 14 67 79 95
0 8 15 68 80
1 9 16 69 81
2 10 17 70 82
3 11 18 71 83
4 12 19 72 84
5 13 20 73 85
6 14 21 74 86
7 15 22 75 87
8 16 23 76 88
9 17 24 77 89
10 18 25 78 90
11 19 26 79 91
12 20 27 80 92
13 21 28 81 93
14 22 29 82 94
15 23 30 83 95
0 16 24 31 84
1 17 25 32 85
2 18 26 33 86
3 19 27 34 87
4 20 28 35 88
5 21 29 36 89
6 22 30 37 90
7 23 31 38 91
8 24 32 39 92
9 25 33 40 93
10 26 34 41 94
11 27 35 42 95
0 12 28 36 43
1 13 29 37 44
2 14 30 38 45
3 15 31 39 46
4 16 32 40 47
5 17 33 41 48
6 18 34 42 49
7 19 35 43 50
8 20 36 44 51
9 21 37 45 52
10 22 38 46 53
11 23 39 47 54
12 24 40 48 55
13 25 41 49 56
14 26 42 50 57
15 27 43 51 58
16 28 44 52 59
17 29 45 53 60
18 30 46 54 61
19 31 47 55 62
20 32 48 56 63
21 33 49 57 64
22 34 50 58 65
23 35 51 59 66
24 36 52 60 67
25 37 53 61 68
26 38 54 62 69
27 39 55 63 70
28 40 56 64 71
29 41 57 65 72
30 42 58 66 73
31 43 59 67 74
32 44 60 68 75
33 45 61 69 76
34 46 62 70 77
35 47 63 71 78
36 48 64 72 79
37 49 65 73 80
38 50 66 74 81
39 51 67 75 82
40 52 68 76 83
41 53 69 77 84
42 54 70 78 85
43 55 71 79 86
44 56 72 80 87
45 57 73 81 88
46 58 74 82 89
47 59 75 83 90
48 60 76 84 91
49 61 77 85 92
50 62 78 86 93
51 63 79 87 94
52 64 80 88 95
0 53 65 81 89
1 54 66 82 90
2 55 67 83 91
3 56 68 84 92
4 57 69 85 93
5 58 70 86 94
6 59 71 87 95
5 42 43 56 75
6 43 44 57 76
7 44 45 58 77
8 45 46 59 78
9 46 47 60 79
10 47 48 61 80
11 48 49 62 81
12 49 50 63 82
13 50 51 64 83
14 51 52 65 84
15 52 53 66 85
16 53 54 67 86
17 54 55 68 87
18 55 56 69 88
19 56 57 70 89
20 57 58 71 90
21 58 59 72 91
22 59 60 73 92
23 60 61 74 93
24 61 62 75 94
25 62 63 76 95
0 26 63 64 77
1 27 64 65 78
2 28 65 66 79
3 29 66 67 80
4 30 67 68 81
5 31 68 69 82
6 32 69 70 83
7 33 70 71 84
8 34 71 72 85
9 35 72 73 86
10 36 73 74 87
11 37 74 75 88
12 38 75 76 89
13 39 76 77 90
14 40 77 78 91
15 41 78 79 92
16 42 79 80 93
17 43 80 81 94
18 44 81 82 95
0 19 45 82 83
1 20 46 83 84
2 21 47 84 85
3 22 48 85 86
4 23 49 86 87
5 24 50 87 88
6 25 51 88 89
7 26 52 89 90
8 27 53 90 91
9 28 54 91 92
10 29 55 92 93
11 30 56 93 94
12 31 57 94 95
0 13 32 58 95
0 1 14 33 59
1 2 15 34 60
2 3 16 35 61
3 4 17 36 62
4 5 18 37 63
5 6 19 38 64
6 7 20 39 65
7 8 21 40 66
8 9 22 41 67
9 10 23 42 68
10 11 24 43 69
11 12 25 44 70
12 13 26 45 71
13 14 27 46 72
14 15 28 47 73
15 16 29 48 74
16 17 30 49 75
17 18 31 50 76
18 19 32 51 77
19 20 33 52 78
20 21 34 53 79
21 22 35 54 80
22 23 36 55 81
23 24 37 56 82
24 25 38 57 83
25 26 39 58 84
26 27 40 59 85
27 28 41 60 86
28 29 42 61 87
29 30 43 62 88
30 31 44 63 89
31 32 45 64 90
32 33 46 65 91
33 34 47 66 92
34 35 48 67 93
35 36 49 68 94
36 37 50 69 95
0 37 38 51 70
1 38 39 52 71
2 39 40 53 72
3 40 41 54 73
4 41 42 55 74
22 25 31 33 79
23 26 32 34 80
24 27 33 35 81
25 28 34 36 82
26 29 35 37 83
27 30 36 38 84
28 31 37 39 85
29 32 38 40 86
30 33 39 41 87
31 34 40 42 88
32 35 41 43 89
33 36 42 44 90
34 37 43 45 91
35 38 44 46 92
36 39 45 47 93
37 40 46 48 94
38 41 47 49 95
0 39 42 48 50
1 40 43 49 51
2 41 44 50 52
3 42 45 51 53
4 43 46 52 54
5 44 47 53 55
6 45 48 54 56
7 46 49 55 57
8 47 50 56 58
9 48 51 57 59
10 49 52 58 60
11 50 53 59 61
12 51 54 60 62
13 52 55 61 63
14 53 56 62 64
15 54 57 63 65
16 55 58 64 66
17 56 59 65 67
18 57 60 66 68
19 58 61 67 69
20 59 62 68 70
21 60 63 69 71
22 61 64 70 72
23 62 65 71 73
24 63 66 72 74
25 64 67 73 75
26 65 68 74 76
27 66 69 75 77
28 67 70 76 78
29 68 71 77 79
30 69 72 78 80
31 70 73 79 81
32 71 74 80 82
33 72 75 81 83
34 73 76 82 84
35 74 77 83 85
36 75 78 84 86
37 76 79 85 87
38 77 80 86 88
39 78 81 87 89
40 79 82 88 90
41 80 83 89 91
42 81 84 90 92
43 82 85 91 93
44 83 86 92 94
45 84 87 93 95
0 46 85 88 94
1 47 86 89 95
0 2 48 87 90
1 3 49 88 91
2 4 50 89 92
3 5 51 90 93
4 6 52 91 94
5 7 53 92 95
0 6 8 54 93
1 7 9 55 94
2 8 10 56 95
0 3 9 11 57
1 4 10 12 58
2 5 11 13 59
3 6 12 14 60
4 7 13 15 61
5 8 14 16 62
6 9 15 17 63
7 10 16 18 64
8 11 17 19 65
9 12 18 20 66
10 13 19 21 67
11 14 20 22 68
12 15 21 23 69
13 16 22 24 70
14 17 23 25 71
15 18 24 26 72
16 19 25 27 73
17 20 26 28 74
18 21 27 29 75
19 22 28 30 76
20 23 29 31 77
21 24 30 32 78
2 6 27 68 88
3 7 28 69 89
4 8 29 70 90
5 9 30 71 91
6 10 31 72 92
7 11 32 73 93
8 12 33 74 94
9 13 34 75 95
0 10 14 35 76
1 11 15 36 77
2 12 16 37 78
3 13 17 38 79
4 14 18 39 80
5 15 19 40 81
6 16 20 41 82
7 17 21 42 83
8 18 22 43 84
9 19 23 44 85
10 20 24 45 86
11 21 25 46 87
12 22 26 47 88
13 23 27 48 89
14 24 28 49 90
15 25 29 50 91
16 26 30 51 92
17 27 31 52 93
18 28 32 53 94
19 29 33 54 95
0 20 30 34 55
1 21 31 35 56
2 22 32 36 57
3 23 33 37 58
4 24 34 38 59
5 25 35 39 60
6 26 36 40 61
7 27 37 41 62
8 28 38 42 63
9 29 39 43 64
10 30 40 44 65
11 31 41 45 66
12 32 42 46 67
13 33 43 47 68
14 34 44 48 69
15 35 45 49 70
16 36 46 50 71
17 37 47 51 72
18 38 48 52 73
19 39 49 53 74
20 40 50 54 75
21 41 51 55 76
22 42 52 56 77
23 43 53 57 78
24 44 54 58 79
25 45 55 59 80
26 46 56 60 81
27 47 57 61 82
28 48 58 62 83
29 49 59 63 84
30 50 60 64 85
31 51 61 65 86
32 52 62 66 87
33 53 63 67 88
34 54 64 68 89
35 55 65 69 90
36 56 66 70 91
37 57 67 71 92
38 58 68 72 93
39 59 69 73 94
40 60 70 74 95
0 41 61 71 75
1 42 62 72 76
2 43 63 73 77
3 44 64 74 78
4 45 65 75 79
5 46 66 76 80
6 47 67 77 81
7 48 68 78 82
8 49 69 79 83
9 50 70 80 84
10 51 71 81 85
11 52 72 82 86
12 53 73 83 87
13 54 74 84 88
14 55 75 85 89
15 56 76 86 90
16 57 77 87 91
17 58 78 88 92
18 59 79 89 93
19 60 80 90 94
20 61 81 91 95
0 21 62 82 92
1 22 63 83 93
2 23 64 84 94
3 24 65 85 95
0 4 25 66 86
1 5 26 67 87
