1 2 19 31 46 56 90
4 5 22 34 49 59 93
0 7 8 25 37 52 62
3 10 11 28 40 55 65
6 13 14 31 43 58 68
9 16 17 34 46 61 71
12 19 20 37 49 64 74
15 22 23 40 52 67 77
18 25 26 43 55 70 80
21 28 29 46 58 73 83
24 31 32 49 61 76 86
27 34 35 52 64 79 89
30 37 38 55 67 82 92
33 40 41 58 70 85 95
2 36 43 44 61 73 88
5 39 46 47 64 76 91
8 42 49 50 67 79 94
1 11 45 52 53 70 82
4 14 48 55 56 73 85
7 17 51 58 59 76 88
10 20 54 61 62 79 91
13 23 57 64 65 82 94
1 16 26 60 67 68 85
4 19 29 63 70 71 88
7 22 32 66 73 74 91
10 25 35 69 76 77 94
1 13 28 38 72 79 80
4 16 31 41 75 82 83
7 19 34 44 78 85 86
10 22 37 47 81 88 89
13 25 40 50 84 91 92
16 28 43 53 87 94 95
1 23 51 71 78 79 90
4 26 54 74 81 82 93
0 7 29 57 77 84 85
3 10 32 60 80 87 88
6 13 35 63 83 90 91
9 16 38 66 86 93 94
0 1 12 19 41 69 89
3 4 15 22 44 72 92
6 7 18 25 47 75 95
2 9 10 21 28 50 78
5 12 13 24 31 53 81
8 15 16 27 34 56 84
11 18 19 30 37 59 87
14 21 22 33 40 62 90
17 24 25 36 43 65 93
0 20 27 28 39 46 68
3 23 30 31 42 49 71
6 26 33 34 45 52 74
9 29 36 37 48 55 77
12 32 39 40 51 58 80
15 35 42 43 54 61 83
18 38 45 46 57 64 86
21 41 48 49 60 67 89
24 44 51 52 63 70 92
27 47 54 55 66 73 95
2 30 50 57 58 69 76
5 33 53 60 61 72 79
8 36 56 63 64 75 82
11 39 59 66 67 78 85
14 42 62 69 70 81 88
17 45 65 72 73 84 91
20 48 68 75 76 87 94
5 6 16 23 29 32 89
8 9 19 26 32 35 92
11 12 22 29 35 38 95
2 14 15 25 32 38 41
5 17 18 28 35 41 44
8 20 21 31 38 44 47
11 23 24 34 41 47 50
14 26 27 37 44 50 53
17 29 30 40 47 53 56
20 32 33 43 50 56 59
23 35 36 46 53 59 62
26 38 39 49 56 62 65
29 41 42 52 59 65 68
32 44 45 55 62 68 71
35 47 48 58 65 71 74
38 50 51 61 68 74 77
41 53 54 64 71 77 80
44 56 57 67 74 80 83
47 59 60 70 77 83 86
50 62 63 73 80 86 89
53 65 66 76 83 89 92
56 68 69 79 86 92 95
2 59 71 72 82 89 95
2 5 62 74 75 85 92
5 8 65 77 78 88 95
2 8 11 68 80 81 91
5 11 14 71 83 84 94
1 8 14 17 74 86 87
4 11 17 20 77 89 90
7 14 20 23 80 92 93
0 10 17 23 26 83 95
2 3 13 20 26 29 86
23 25 27 57 61 78 81
26 28 30 60 64 81 84
29 31 33 63 67 84 87
32 34 36 66 70 87 90
35 37 39 69 73 90 93
0 38 40 42 72 76 93
0 3 41 43 45 75 79
3 6 44 46 48 78 82
6 9 47 49 51 81 85
9 12 50 52 54 84 88
12 15 53 55 57 87 91
15 18 56 58 60 90 94
1 18 21 59 61 63 93
0 4 21 24 62 64 66
3 7 24 27 65 67 69
6 10 27 30 68 70 72
9 13 30 33 71 73 75
12 16 33 36 74 76 78
15 19 36 39 77 79 81
18 22 39 42 80 82 84
21 25 42 45 83 85 87
24 28 45 48 86 88 90
27 31 48 51 89 91 93
0 30 34 51 54 92 94
1 3 33 37 54 57 95
2 4 6 36 40 57 60
5 7 9 39 43 60 63
8 10 12 42 46 63 66
11 13 15 45 49 66 69
14 16 18 48 52 69 72
17 19 21 51 55 72 75
20 22 24 54 58 75 78
27 41 55 63 76 81 90
30 44 58 66 79 84 93
0 33 47 61 69 82 87
3 36 50 64 72 85 90
6 39 53 67 75 88 93
0 9 42 56 70 78 91
3 12 45 59 73 81 94
1 6 15 48 62 76 84
4 9 18 51 65 79 87
7 12 21 54 68 82 90
10 15 24 57 71 85 93
0 13 18 27 60 74 88
3 16 21 30 63 77 91
6 19 24 33 66 80 94
1 9 22 27 36 69 83
4 12 25 30 39 72 86
7 15 28 33 42 75 89
10 18 31 36 45 78 92
13 21 34 39 48 81 95
2 16 24 37 42 51 84
5 19 27 40 45 54 87
8 22 30 43 48 57 90
11 25 33 46 51 60 93
0 14 28 36 49 54 63
3 17 31 39 52 57 66
6 20 34 42 55 60 69
9 23 37 45 58 63 72
12 26 40 48 61 66 75
15 29 43 51 64 69 78
18 32 46 54 67 72 81
21 35 49 57 70 75 84
24 38 52 60 73 78 87
11 31 43 62 72 74 77
14 34 46 65 75 77 80
17 37 49 68 78 80 83
20 40 52 71 81 83 86
23 43 55 74 84 86 89
26 46 58 77 87 89 92
29 49 61 80 90 92 95
2 32 52 64 83 93 95
0 2 5 35 55 67 86
3 5 8 38 58 70 89
6 8 11 41 61 73 92
9 11 14 44 64 76 95
2 12 14 17 47 67 79
5 15 17 20 50 70 82
8 18 20 23 53 73 85
11 21 23 26 56 76 88
14 24 26 29 59 79 91
17 27 29 32 62 82 94
1 20 30 32 35 65 85
4 23 33 35 38 68 88
7 26 36 38 41 71 91
10 29 39 41 44 74 94
1 13 32 42 44 47 77
4 16 35 45 47 50 80
7 19 38 48 50 53 83
10 22 41 51 53 56 86
13 25 44 54 56 59 89
16 28 47 57 59 62 92
19 31 50 60 62 65 95
2 22 34 53 63 65 68
5 25 37 56 66 68 71
8 28 40 59 69 71 74
13 16 17 22 37 60 70
16 19 20 25 40 63 73
19 22 23 28 43 66 76
22 25 26 31 46 69 79
25 28 29 34 49 72 82
28 31 32 37 52 75 85
31 34 35 40 55 78 88
34 37 38 43 58 81 91
37 40 41 46 61 84 94
1 40 43 44 49 64 87
4 43 46 47 52 67 90
7 46 49 50 55 70 93
0 10 49 52 53 58 73
3 13 52 55 56 61 76
6 16 55 58 59 64 79
9 19 58 61 62 67 82
12 22 61 64 65 70 85
15 25 64 67 68 73 88
18 28 67 70 71 76 91
21 31 70 73 74 79 94
1 24 34 73 76 77 82
4 27 37 76 79 80 85
7 30 40 79 82 83 88
10 33 43 82 85 86 91
13 36 46 85 88 89 94
1 16 39 49 88 91 92
4 19 42 52 91 94 95
1 2 7 22 45 55 94
1 4 5 10 25 48 58
4 7 8 13 28 51 61
7 10 11 16 31 54 64
10 13 14 19 34 57 67
15 26 47 63 72 78 94
1 18 29 50 66 75 81
4 21 32 53 69 78 84
7 24 35 56 72 81 87
10 27 38 59 75 84 90
13 30 41 62 78 87 93
0 16 33 44 65 81 90
3 19 36 47 68 84 93
0 6 22 39 50 71 87
3 9 25 42 53 74 90
6 12 28 45 56 77 93
0 9 15 31 48 59 80
3 12 18 34 51 62 83
6 15 21 37 54 65 86
9 18 24 40 57 68 89
12 21 27 43 60 71 92
15 24 30 46 63 74 95
2 18 27 33 49 66 77
5 21 30 36 52 69 80
8 24 33 39 55 72 83
11 27 36 42 58 75 86
14 30 39 45 61 78 89
17 33 42 48 64 81 92
20 36 45 51 67 84 95
2 23 39 48 54 70 87
5 26 42 51 57 73 90
8 29 45 54 60 76 93
0 11 32 48 57 63 79
3 14 35 51 60 66 82
6 17 38 54 63 69 85
9 20 41 57 66 72 88
12 23 44 60 69 75 91
