14 15 57 85
15 16 58 86
16 17 59 87
17 18 60 88
18 19 61 89
19 20 62 90
20 21 63 91
21 22 64 92
22 23 65 93
23 24 66 94
24 25 67 95
0 25 26 68
1 26 27 69
2 27 28 70
3 28 29 71
4 29 30 72
5 30 31 73
6 31 32 74
7 32 33 75
8 33 34 76
9 34 35 77
10 35 36 78
11 36 37 79
12 37 38 80
13 38 39 81
14 39 40 82
15 40 41 83
16 41 42 84
17 42 43 85
18 43 44 86
19 44 45 87
20 45 46 88
21 46 47 89
22 47 48 90
23 48 49 91
24 49 50 92
25 50 51 93
26 51 52 94
27 52 53 95
0 28 53 54
1 29 54 55
2 30 55 56
3 31 56 57
4 32 57 58
5 33 58 59
6 34 59 60
7 35 60 61
8 36 61 62
9 37 62 63
10 38 63 64
11 39 64 65
12 40 65 66
13 41 66 67
14 42 67 68
15 43 68 69
16 44 69 70
17 45 70 71
18 46 71 72
19 47 72 73
20 48 73 74
21 49 74 75
22 50 75 76
23 51 76 77
24 52 77 78
25 53 78 79
26 54 79 80
27 55 80 81
28 56 81 82
29 57 82 83
30 58 83 84
31 59 84 85
32 60 85 86
33 61 86 87
34 62 87 88
35 63 88 89
36 64 89 90
37 65 90 91
38 66 91 92
39 67 92 93
40 68 93 94
41 69 94 95
0 42 70 95
0 1 43 71
1 2 44 72
2 3 45 73
3 4 46 74
4 5 47 75
5 6 48 76
6 7 49 77
7 8 50 78
8 9 51 79
9 10 52 80
10 11 53 81
11 12 54 82
12 13 55 83
13 14 56 84
24 26 44 65
25 27 45 66
26 28 46 67
27 29 47 68
28 30 48 69
29 31 49 70
30 32 50 71
31 33 51 72
32 34 52 73
33 35 53 74
34 36 54 75
35 37 55 76
36 38 56 77
37 39 57 78
38 40 58 79
39 41 59 80
40 42 60 81
41 43 61 82
42 44 62 83
43 45 63 84
44 46 64 85
45 47 65 86
46 48 66 87
47 49 67 88
48 50 68 89
49 51 69 90
50 52 70 91
51 53 71 92
52 54 72 93
53 55 73 94
54 56 74 95
0 55 57 75
1 56 58 76
2 57 59 77
3 58 60 78
4 59 61 79
5 60 62 80
6 61 63 81
7 62 64 82
8 63 65 83
9 64 66 84
10 65 67 85
11 66 68 86
12 67 69 87
13 68 70 88
14 69 71 89
15 70 72 90
16 71 73 91
17 72 74 92
18 73 75 93
19 74 76 94
20 75 77 95
0 21 76 78
1 22 77 79
2 23 78 80
3 24 79 81
4 25 80 82
5 26 81 83
6 27 82 84
7 28 83 85
8 29 84 86
9 30 85 87
10 31 86 88
11 32 87 89
12 33 88 90
13 34 89 91
14 35 90 92
15 36 91 93
16 37 92 94
17 38 93 95
0 18 39 94
1 19 40 95
0 2 20 41
1 3 21 42
2 4 22 43
3 5 23 44
4 6 24 45
5 7 25 46
6 8 26 47
7 9 27 48
8 10 28 49
9 11 29 50
10 12 30 51
11 13 31 52
12 14 32 53
13 15 33 54
14 16 34 55
15 17 35 56
16 18 36 57
17 19 37 58
18 20 38 59
19 21 39 60
20 22 40 61
21 23 41 62
22 24 42 63
23 25 43 64
17 52 66 79
18 53 67 80
19 54 68 81
20 55 69 82
21 56 70 83
22 57 71 84
23 58 72 85
24 59 73 86
25 60 74 87
26 61 75 88
27 62 76 89
28 63 77 90
29 64 78 91
30 65 79 92
31 66 80 93
32 67 81 94
33 68 82 95
0 34 69 83
1 35 70 84
2 36 71 85
3 37 72 86
4 38 73 87
5 39 74 88
6 40 75 89
7 41 76 90
8 42 77 91
9 43 78 92
10 44 79 93
11 45 80 94
12 46 81 95
0 13 47 82
1 14 48 83
2 15 49 84
3 16 50 85
4 17 51 86
5 18 52 87
6 19 53 88
7 20 54 89
8 21 55 90
9 22 56 91
10 23 57 92
11 24 58 93
12 25 59 94
13 26 60 95
0 14 27 61
1 15 28 62
2 16 29 63
3 17 30 64
4 18 31 65
5 19 32 66
6 20 33 67
7 21 34 68
8 22 35 69
9 23 36 70
10 24 37 71
11 25 38 72
12 26 39 73
13 27 40 74
14 28 41 75
15 29 42 76
16 30 43 77
17 31 44 78
18 32 45 79
19 33 46 80
20 34 47 81
21 35 48 82
22 36 49 83
23 37 50 84
24 38 51 85
25 39 52 86
26 40 53 87
27 41 54 88
28 42 55 89
29 43 56 90
30 44 57 91
31 45 58 92
32 46 59 93
33 47 60 94
34 48 61 95
0 35 49 62
1 36 50 63
2 37 51 64
3 38 52 65
4 39 53 66
5 40 54 67
6 41 55 68
7 42 56 69
8 43 57 70
9 44 58 71
10 45 59 72
11 46 60 73
12 47 61 74
13 48 62 75
14 49 63 76
15 50 64 77
16 51 65 78
4 19 56 67
5 20 57 68
6 21 58 69
7 22 59 70
8 23 60 71
9 24 61 72
10 25 62 73
11 26 63 74
12 27 64 75
13 28 65 76
14 29 66 77
15 30 67 78
16 31 68 79
17 32 69 80
18 33 70 81
19 34 71 82
20 35 72 83
21 36 73 84
22 37 74 85
23 38 75 86
24 39 76 87
25 40 77 88
26 41 78 89
27 42 79 90
28 43 80 91
29 44 81 92
30 45 82 93
31 46 83 94
32 47 84 95
0 33 48 85
1 34 49 86
2 35 50 87
3 36 51 88
4 37 52 89
5 38 53 90
6 39 54 91
7 40 55 92
8 41 56 93
9 42 57 94
10 43 58 95
0 11 44 59
1 12 45 60
2 13 46 61
3 14 47 62
4 15 48 63
5 16 49 64
6 17 50 65
7 18 51 66
8 19 52 67
9 20 53 68
10 21 54 69
11 22 55 70
12 23 56 71
13 24 57 72
14 25 58 73
15 26 59 74
16 27 60 75
17 28 61 76
18 29 62 77
19 30 63 78
20 31 64 79
21 32 65 80
22 33 66 81
23 34 67 82
24 35 68 83
25 36 69 84
26 37 70 85
27 38 71 86
28 39 72 87
29 40 73 88
30 41 74 89
31 42 75 90
32 43 76 91
33 44 77 92
34 45 78 93
35 46 79 94
36 47 80 95
0 37 48 81
1 38 49 82
2 39 50 83
3 40 51 84
4 41 52 85
5 42 53 86
6 43 54 87
7 44 55 88
8 45 56 89
9 46 57 90
10 47 58 91
11 48 59 92
12 49 60 93
13 50 61 94
14 51 62 95
0 15 52 63
1 16 53 64
2 17 54 65
3 18 55 66
78 87 90 94
79 88 91 95
0 80 89 92
1 81 90 93
2 82 91 94
3 83 92 95
0 4 84 93
1 5 85 94
2 6 86 95
0 3 7 87
1 4 8 88
2 5 9 89
3 6 10 90
4 7 11 91
5 8 12 92
6 9 13 93
7 10 14 94
8 11 15 95
0 9 12 16
1 10 13 17
2 11 14 18
3 12 15 19
4 13 16 20
5 14 17 21
6 15 18 22
7 16 19 23
8 17 20 24
9 18 21 25
10 19 22 26
11 20 23 27
12 21 24 28
13 22 25 29
14 23 26 30
15 24 27 31
16 25 28 32
17 26 29 33
18 27 30 34
19 28 31 35
20 29 32 36
21 30 33 37
22 31 34 38
23 32 35 39
24 33 36 40
25 34 37 41
26 35 38 42
27 36 39 43
28 37 40 44
29 38 41 45
30 39 42 46
31 40 43 47
32 41 44 48
33 42 45 49
34 43 46 50
35 44 47 51
36 45 48 52
37 46 49 53
38 47 50 54
39 48 51 55
40 49 52 56
41 50 53 57
42 51 54 58
43 52 55 59
44 53 56 60
45 54 57 61
46 55 58 62
47 56 59 63
48 57 60 64
49 58 61 65
50 59 62 66
51 60 63 67
52 61 64 68
53 62 65 69
54 63 66 70
55 64 67 71
56 65 68 72
57 66 69 73
58 67 70 74
59 68 71 75
60 69 72 76
61 70 73 77
62 71 74 78
63 72 75 79
64 73 76 80
65 74 77 81
66 75 78 82
67 76 79 83
68 77 80 84
69 78 81 85
70 79 82 86
71 80 83 87
72 81 84 88
73 82 85 89
74 83 86 90
75 84 87 91
76 85 88 92
77 86 89 93
54 60 84 92
55 61 85 93
56 62 86 94
57 63 87 95
0 58 64 88
1 59 65 89
2 60 66 90
3 61 67 91
4 62 68 92
5 63 69 93
6 64 70 94
7 65 71 95
0 8 66 72
1 9 67 73
2 10 68 74
3 11 69 75
4 12 70 76
5 13 71 77
6 14 72 78
7 15 73 79
8 16 74 80
9 17 75 81
10 18 76 82
11 19 77 83
12 20 78 84
13 21 79 85
14 22 80 86
15 23 81 87
16 24 82 88
17 25 83 89
18 26 84 90
19 27 85 91
20 28 86 92
21 29 87 93
22 30 88 94
23 31 89 95
0 24 32 90
1 25 33 91
2 26 34 92
3 27 35 93
4 28 36 94
5 29 37 95
0 6 30 38
1 7 31 39
2 8 32 40
3 9 33 41
4 10 34 42
5 11 35 43
6 12 36 44
7 13 37 45
8 14 38 46
9 15 39 47
10 16 40 48
11 17 41 49
12 18 42 50
13 19 43 51
14 20 44 52
15 21 45 53
16 22 46 54
17 23 47 55
18 24 48 56
19 25 49 57
20 26 50 58
21 27 51 59
22 28 52 60
23 29 53 61
24 30 54 62
25 31 55 63
26 32 56 64
27 33 57 65
28 34 58 66
29 35 59 67
30 36 60 68
31 37 61 69
32 38 62 70
33 39 63 71
34 40 64 72
35 41 65 73
36 42 66 74
37 43 67 75
38 44 68 76
39 45 69 77
40 46 70 78
41 47 71 79
42 48 72 80
43 49 73 81
44 50 74 82
45 51 75 83
46 52 76 84
47 53 77 85
48 54 78 86
49 55 79 87
50 56 80 88
51 57 81 89
52 58 82 90
53 59 83 91
24 55 74 84
25 56 75 85
26 57 76 86
27 58 77 87
28 59 78 88
29 60 79 89
30 61 80 90
31 62 81 91
32 63 82 92
33 64 83 93
34 65 84 94
35 66 85 95
0 36 67 86
1 37 68 87
2 38 69 88
3 39 70 89
4 40 71 90
5 41 72 91
6 42 73 92
7 43 74 93
8 44 75 94
9 45 76 95
0 10 46 77
1 11 47 78
2 12 48 79
3 13 49 80
4 14 50 81
5 15 51 82
6 16 52 83
7 17 53 84
8 18 54 85
9 19 55 86
10 20 56 87
11 21 57 88
12 22 58 89
13 23 59 90
14 24 60 91
15 25 61 92
16 26 62 93
17 27 63 94
18 28 64 95
0 19 29 65
1 20 30 66
2 21 31 67
3 22 32 68
4 23 33 69
5 24 34 70
6 25 35 71
7 26 36 72
8 27 37 73
9 28 38 74
10 29 39 75
11 30 40 76
12 31 41 77
13 32 42 78
14 33 43 79
15 34 44 80
16 35 45 81
17 36 46 82
18 37 47 83
19 38 48 84
20 39 49 85
21 40 50 86
22 41 51 87
23 42 52 88
24 43 53 89
25 44 54 90
26 45 55 91
27 46 56 92
28 47 57 93
29 48 58 94
30 49 59 95
0 31 50 60
1 32 51 61
2 33 52 62
3 34 53 63
4 35 54 64
5 36 55 65
6 37 56 66
7 38 57 67
8 39 58 68
9 40 59 69
10 41 60 70
11 42 61 71
12 43 62 72
13 44 63 73
14 45 64 74
15 46 65 75
16 47 66 76
17 48 67 77
18 49 68 78
19 50 69 79
20 51 70 80
21 52 71 81
22 53 72 82
23 54 73 83
49 72 89 94
50 73 90 95
0 51 74 91
1 52 75 92
2 53 76 93
3 54 77 94
4 55 78 95
0 5 56 79
1 6 57 80
2 7 58 81
3 8 59 82
4 9 60 83
5 10 61 84
6 11 62 85
7 12 63 86
8 13 64 87
9 14 65 88
10 15 66 89
11 16 67 90
12 17 68 91
13 18 69 92
14 19 70 93
15 20 71 94
16 21 72 95
0 17 22 73
1 18 23 74
2 19 24 75
3 20 25 76
4 21 26 77
5 22 27 78
6 23 28 79
7 24 29 80
8 25 30 81
9 26 31 82
10 27 32 83
11 28 33 84
12 29 34 85
13 30 35 86
14 31 36 87
15 32 37 88
16 33 38 89
17 34 39 90
18 35 40 91
19 36 41 92
20 37 42 93
21 38 43 94
22 39 44 95
0 23 40 45
1 24 41 46
2 25 42 47
3 26 43 48
4 27 44 49
5 28 45 50
6 29 46 51
7 30 47 52
8 31 48 53
9 32 49 54
10 33 50 55
11 34 51 56
12 35 52 57
13 36 53 58
14 37 54 59
15 38 55 60
16 39 56 61
17 40 57 62
18 41 58 63
19 42 59 64
20 43 60 65
21 44 61 66
22 45 62 67
23 46 63 68
24 47 64 69
25 48 65 70
26 49 66 71
27 50 67 72
28 51 68 73
29 52 69 74
30 53 70 75
31 54 71 76
32 55 72 77
33 56 73 78
34 57 74 79
35 58 75 80
36 59 76 81
37 60 77 82
38 61 78 83
39 62 79 84
40 63 80 85
41 64 81 86
42 65 82 87
43 66 83 88
44 67 84 89
45 68 85 90
46 69 86 91
47 70 87 92
48 71 88 93
