28 47 69
29 48 70
30 49 71
31 50 72
32 51 73
33 52 74
34 53 75
35 54 76
36 55 77
37 56 78
38 57 79
39 58 80
40 59 81
41 60 82
42 61 83
43 62 84
44 63 85
45 64 86
46 65 87
47 66 88
48 67 89
49 68 90
50 69 91
51 70 92
52 71 93
53 72 94
54 73 95
0 55 74
1 56 75
2 57 76
3 58 77
4 59 78
5 60 79
6 61 80
7 62 81
8 63 82
9 64 83
10 65 84
11 66 85
12 67 86
13 68 87
14 69 88
15 70 89
16 71 90
17 72 91
18 73 92
19 74 93
20 75 94
21 76 95
0 22 77
1 23 78
2 24 79
3 25 80
4 26 81
5 27 82
6 28 83
7 29 84
8 30 85
9 31 86
10 32 87
11 33 88
12 34 89
13 35 90
14 36 91
15 37 92
16 38 93
17 39 94
18 40 95
0 19 41
1 20 42
2 21 43
3 22 44
4 23 45
5 24 46
6 25 47
7 26 48
8 27 49
9 28 50
10 29 51
11 30 52
12 31 53
13 32 54
14 33 55
15 34 56
16 35 57
17 36 58
18 37 59
19 38 60
20 39 61
21 40 62
22 41 63
23 42 64
24 43 65
25 44 66
26 45 67
27 46 68
0 40 90
1 41 91
2 42 92
3 43 93
4 44 94
5 45 95
0 6 46
1 7 47
2 8 48
3 9 49
4 10 50
5 11 51
6 12 52
7 13 53
8 14 54
9 15 55
10 16 56
11 17 57
12 18 58
13 19 59
14 20 60
15 21 61
16 22 62
17 23 63
18 24 64
19 25 65
20 26 66
21 27 67
22 28 68
23 29 69
24 30 70
25 31 71
26 32 72
27 33 73
28 34 74
29 35 75
30 36 76
31 37 77
32 38 78
33 39 79
34 40 80
35 41 81
36 42 82
37 43 83
38 44 84
39 45 85
40 46 86
41 47 87
42 48 88
43 49 89
44 50 90
45 51 91
46 52 92
47 53 93
48 54 94
49 55 95
0 50 56
1 51 57
2 52 58
3 53 59
4 54 60
5 55 61
6 56 62
7 57 63
8 58 64
9 59 65
10 60 66
11 61 67
12 62 68
13 63 69
14 64 70
15 65 71
16 66 72
17 67 73
18 68 74
19 69 75
20 70 76
21 71 77
22 72 78
23 73 79
24 74 80
25 75 81
26 76 82
27 77 83
28 78 84
29 79 85
30 80 86
31 81 87
32 82 88
33 83 89
34 84 90
35 85 91
36 86 92
37 87 93
38 88 94
39 89 95
37 39 90
38 40 91
39 41 92
40 42 93
41 43 94
42 44 95
0 43 45
1 44 46
2 45 47
3 46 48
4 47 49
5 48 50
6 49 51
7 50 52
8 51 53
9 52 54
10 53 55
11 54 56
12 55 57
13 56 58
14 57 59
15 58 60
16 59 61
17 60 62
18 61 63
19 62 64
20 63 65
21 64 66
22 65 67
23 66 68
24 67 69
25 68 70
26 69 71
27 70 72
28 71 73
29 72 74
30 73 75
31 74 76
32 75 77
33 76 78
34 77 79
35 78 80
36 79 81
37 80 82
38 81 83
39 82 84
40 83 85
41 84 86
42 85 87
43 86 88
44 87 89
45 88 90
46 89 91
47 90 92
48 91 93
49 92 94
50 93 95
0 51 94
1 52 95
0 2 53
1 3 54
2 4 55
3 5 56
4 6 57
5 7 58
6 8 59
7 9 60
8 10 61
9 11 62
10 12 63
11 13 64
12 14 65
13 15 66
14 16 67
15 17 68
16 18 69
17 19 70
18 20 71
19 21 72
20 22 73
21 23 74
22 24 75
23 25 76
24 26 77
25 27 78
26 28 79
27 29 80
28 30 81
29 31 82
30 32 83
31 33 84
32 34 85
33 35 86
34 36 87
35 37 88
36 38 89
21 38 70
22 39 71
23 40 72
24 41 73
25 42 74
26 43 75
27 44 76
28 45 77
29 46 78
30 47 79
31 48 80
32 49 81
33 50 82
34 51 83
35 52 84
36 53 85
37 54 86
38 55 87
39 56 88
40 57 89
41 58 90
42 59 91
43 60 92
44 61 93
45 62 94
46 63 95
0 47 64
1 48 65
2 49 66
3 50 67
4 51 68
5 52 69
6 53 70
7 54 71
8 55 72
9 56 73
10 57 74
11 58 75
12 59 76
13 60 77
14 61 78
15 62 79
16 63 80
17 64 81
18 65 82
19 66 83
20 67 84
21 68 85
22 69 86
23 70 87
24 71 88
25 72 89
26 73 90
27 74 91
28 75 92
29 76 93
30 77 94
31 78 95
0 32 79
1 33 80
2 34 81
3 35 82
4 36 83
5 37 84
6 38 85
7 39 86
8 40 87
9 41 88
10 42 89
11 43 90
12 44 91
13 45 92
14 46 93
15 47 94
16 48 95
0 17 49
1 18 50
2 19 51
3 20 52
4 21 53
5 22 54
6 23 55
7 24 56
8 25 57
9 26 58
10 27 59
11 28 60
12 29 61
13 30 62
14 31 63
15 32 64
16 33 65
17 34 66
18 35 67
19 36 68
20 37 69
44 49 70
45 50 71
46 51 72
47 52 73
48 53 74
49 54 75
50 55 76
51 56 77
52 57 78
53 58 79
54 59 80
55 60 81
56 61 82
57 62 83
58 63 84
59 64 85
60 65 86
61 66 87
62 67 88
63 68 89
64 69 90
65 70 91
66 71 92
67 72 93
68 73 94
69 74 95
0 70 75
1 71 76
2 72 77
3 73 78
4 74 79
5 75 80
6 76 81
7 77 82
8 78 83
9 79 84
10 80 85
11 81 86
12 82 87
13 83 88
14 84 89
15 85 90
16 86 91
17 87 92
18 88 93
19 89 94
20 90 95
0 21 91
1 22 92
2 23 93
3 24 94
4 25 95
0 5 26
1 6 27
2 7 28
3 8 29
4 9 30
5 10 31
6 11 32
7 12 33
8 13 34
9 14 35
10 15 36
11 16 37
12 17 38
13 18 39
14 19 40
15 20 41
16 21 42
17 22 43
18 23 44
19 24 45
20 25 46
21 26 47
22 27 48
23 28 49
24 29 50
25 30 51
26 31 52
27 32 53
28 33 54
29 34 55
30 35 56
31 36 57
32 37 58
33 38 59
34 39 60
35 40 61
36 41 62
37 42 63
38 43 64
39 44 65
40 45 66
41 46 67
42 47 68
43 48 69
61 68 91
62 69 92
63 70 93
64 71 94
65 72 95
0 66 73
1 67 74
2 68 75
3 69 76
4 70 77
5 71 78
6 72 79
7 73 80
8 74 81
9 75 82
10 76 83
11 77 84
12 78 85
13 79 86
14 80 87
15 81 88
16 82 89
17 83 90
18 84 91
19 85 92
20 86 93
21 87 94
22 88 95
0 23 89
1 24 90
2 25 91
3 26 92
4 27 93
5 28 94
6 29 95
0 7 30
1 8 31
2 9 32
3 10 33
4 11 34
5 12 35
6 13 36
7 14 37
8 15 38
9 16 39
10 17 40
11 18 41
12 19 42
13 20 43
14 21 44
15 22 45
16 23 46
17 24 47
18 25 48
19 26 49
20 27 50
21 28 51
22 29 52
23 30 53
24 31 54
25 32 55
26 33 56
27 34 57
28 35 58
29 36 59
30 37 60
31 38 61
32 39 62
33 40 63
34 41 64
35 42 65
36 43 66
37 44 67
38 45 68
39 46 69
40 47 70
41 48 71
42 49 72
43 50 73
44 51 74
45 52 75
46 53 76
47 54 77
48 55 78
49 56 79
50 57 80
51 58 81
52 59 82
53 60 83
54 61 84
55 62 85
56 63 86
57 64 87
58 65 88
59 66 89
60 67 90
6 14 45
7 15 46
8 16 47
9 17 48
10 18 49
11 19 50
12 20 51
13 21 52
14 22 53
15 23 54
16 24 55
17 25 56
18 26 57
19 27 58
20 28 59
21 29 60
22 30 61
23 31 62
24 32 63
25 33 64
26 34 65
27 35 66
28 36 67
29 37 68
30 38 69
31 39 70
32 40 71
33 41 72
34 42 73
35 43 74
36 44 75
37 45 76
38 46 77
39 47 78
40 48 79
41 49 80
42 50 81
43 51 82
44 52 83
45 53 84
46 54 85
47 55 86
48 56 87
49 57 88
50 58 89
51 59 90
52 60 91
53 61 92
54 62 93
55 63 94
56 64 95
0 57 65
1 58 66
2 59 67
3 60 68
4 61 69
5 62 70
6 63 71
7 64 72
8 65 73
9 66 74
10 67 75
11 68 76
12 69 77
13 70 78
14 71 79
15 72 80
16 73 81
17 74 82
18 75 83
19 76 84
20 77 85
21 78 86
22 79 87
23 80 88
24 81 89
25 82 90
26 83 91
27 84 92
28 85 93
29 86 94
30 87 95
0 31 88
1 32 89
2 33 90
3 34 91
4 35 92
5 36 93
6 37 94
7 38 95
0 8 39
1 9 40
2 10 41
3 11 42
4 12 43
5 13 44
18 21 79
19 22 80
20 23 81
21 24 82
22 25 83
23 26 84
24 27 85
25 28 86
26 29 87
27 30 88
28 31 89
29 32 90
30 33 91
31 34 92
32 35 93
33 36 94
34 37 95
0 35 38
1 36 39
2 37 40
3 38 41
4 39 42
5 40 43
6 41 44
7 42 45
8 43 46
9 44 47
10 45 48
11 46 49
12 47 50
13 48 51
14 49 52
15 50 53
16 51 54
17 52 55
18 53 56
19 54 57
20 55 58
21 56 59
22 57 60
23 58 61
24 59 62
25 60 63
26 61 64
27 62 65
28 63 66
29 64 67
30 65 68
31 66 69
32 67 70
33 68 71
34 69 72
35 70 73
36 71 74
37 72 75
38 73 76
39 74 77
40 75 78
41 76 79
42 77 80
43 78 81
44 79 82
45 80 83
46 81 84
47 82 85
48 83 86
49 84 87
50 85 88
51 86 89
52 87 90
53 88 91
54 89 92
55 90 93
56 91 94
57 92 95
0 58 93
1 59 94
2 60 95
0 3 61
1 4 62
2 5 63
3 6 64
4 7 65
5 8 66
6 9 67
7 10 68
8 11 69
9 12 70
10 13 71
11 14 72
12 15 73
13 16 74
14 17 75
15 18 76
16 19 77
17 20 78
50 62 87
51 63 88
52 64 89
53 65 90
54 66 91
55 67 92
56 68 93
57 69 94
58 70 95
0 59 71
1 60 72
2 61 73
3 62 74
4 63 75
5 64 76
6 65 77
7 66 78
8 67 79
9 68 80
10 69 81
11 70 82
12 71 83
13 72 84
14 73 85
15 74 86
16 75 87
17 76 88
18 77 89
19 78 90
20 79 91
21 80 92
22 81 93
23 82 94
24 83 95
0 25 84
1 26 85
2 27 86
3 28 87
4 29 88
5 30 89
6 31 90
7 32 91
8 33 92
9 34 93
10 35 94
11 36 95
0 12 37
1 13 38
2 14 39
3 15 40
4 16 41
5 17 42
6 18 43
7 19 44
8 20 45
9 21 46
10 22 47
11 23 48
12 24 49
13 25 50
14 26 51
15 27 52
16 28 53
17 29 54
18 30 55
19 31 56
20 32 57
21 33 58
22 34 59
23 35 60
24 36 61
25 37 62
26 38 63
27 39 64
28 40 65
29 41 66
30 42 67
31 43 68
32 44 69
33 45 70
34 46 71
35 47 72
36 48 73
37 49 74
38 50 75
39 51 76
40 52 77
41 53 78
42 54 79
43 55 80
44 56 81
45 57 82
46 58 83
47 59 84
48 60 85
49 61 86
13 40 49
14 41 50
15 42 51
16 43 52
17 44 53
18 45 54
19 46 55
20 47 56
21 48 57
22 49 58
23 50 59
24 51 60
25 52 61
26 53 62
27 54 63
28 55 64
29 56 65
30 57 66
31 58 67
32 59 68
33 60 69
34 61 70
35 62 71
36 63 72
37 64 73
38 65 74
39 66 75
40 67 76
41 68 77
42 69 78
43 70 79
44 71 80
45 72 81
46 73 82
47 74 83
48 75 84
49 76 85
50 77 86
51 78 87
52 79 88
53 80 89
54 81 90
55 82 91
56 83 92
57 84 93
58 85 94
59 86 95
0 60 87
1 61 88
2 62 89
3 63 90
4 64 91
5 65 92
6 66 93
7 67 94
8 68 95
0 9 69
1 10 70
2 11 71
3 12 72
4 13 73
5 14 74
6 15 75
7 16 76
8 17 77
9 18 78
10 19 79
11 20 80
12 21 81
13 22 82
14 23 83
15 24 84
16 25 85
17 26 86
18 27 87
19 28 88
20 29 89
21 30 90
22 31 91
23 32 92
24 33 93
25 34 94
26 35 95
0 27 36
1 28 37
2 29 38
3 30 39
4 31 40
5 32 41
6 33 42
7 34 43
8 35 44
9 36 45
10 37 46
11 38 47
12 39 48
12 56 90
13 57 91
14 58 92
15 59 93
16 60 94
17 61 95
0 18 62
1 19 63
2 20 64
3 21 65
4 22 66
5 23 67
6 24 68
7 25 69
8 26 70
9 27 71
10 28 72
11 29 73
12 30 74
13 31 75
14 32 76
15 33 77
16 34 78
17 35 79
18 36 80
19 37 81
20 38 82
21 39 83
22 40 84
23 41 85
24 42 86
25 43 87
26 44 88
27 45 89
28 46 90
29 47 91
30 48 92
31 49 93
32 50 94
33 51 95
0 34 52
1 35 53
2 36 54
3 37 55
4 38 56
5 39 57
6 40 58
7 41 59
8 42 60
9 43 61
10 44 62
11 45 63
12 46 64
13 47 65
14 48 66
15 49 67
16 50 68
17 51 69
18 52 70
19 53 71
20 54 72
21 55 73
22 56 74
23 57 75
24 58 76
25 59 77
26 60 78
27 61 79
28 62 80
29 63 81
30 64 82
31 65 83
32 66 84
33 67 85
34 68 86
35 69 87
36 70 88
37 71 89
38 72 90
39 73 91
40 74 92
41 75 93
42 76 94
43 77 95
0 44 78
1 45 79
2 46 80
3 47 81
4 48 82
5 49 83
6 50 84
7 51 85
8 52 86
9 53 87
10 54 88
11 55 89
0 54 82
1 55 83
2 56 84
3 57 85
4 58 86
5 59 87
6 60 88
7 61 89
8 62 90
9 63 91
10 64 92
11 65 93
12 66 94
13 67 95
0 14 68
1 15 69
2 16 70
3 17 71
4 18 72
5 19 73
6 20 74
7 21 75
8 22 76
9 23 77
10 24 78
11 25 79
12 26 80
13 27 81
14 28 82
15 29 83
16 30 84
17 31 85
18 32 86
19 33 87
20 34 88
21 35 89
22 36 90
23 37 91
24 38 92
25 39 93
26 40 94
27 41 95
0 28 42
1 29 43
2 30 44
3 31 45
4 32 46
5 33 47
6 34 48
7 35 49
8 36 50
9 37 51
10 38 52
11 39 53
12 40 54
13 41 55
14 42 56
15 43 57
16 44 58
17 45 59
18 46 60
19 47 61
20 48 62
21 49 63
22 50 64
23 51 65
24 52 66
25 53 67
26 54 68
27 55 69
28 56 70
29 57 71
30 58 72
31 59 73
32 60 74
33 61 75
34 62 76
35 63 77
36 64 78
37 65 79
38 66 80
39 67 81
40 68 82
41 69 83
42 70 84
43 71 85
44 72 86
45 73 87
46 74 88
47 75 89
48 76 90
49 77 91
50 78 92
51 79 93
52 80 94
53 81 95
8 21 37
9 22 38
10 23 39
11 24 40
12 25 41
13 26 42
14 27 43
15 28 44
16 29 45
17 30 46
18 31 47
19 32 48
20 33 49
21 34 50
22 35 51
23 36 52
24 37 53
25 38 54
26 39 55
27 40 56
28 41 57
29 42 58
30 43 59
31 44 60
32 45 61
33 46 62
34 47 63
35 48 64
36 49 65
37 50 66
38 51 67
39 52 68
40 53 69
41 54 70
42 55 71
43 56 72
44 57 73
45 58 74
46 59 75
47 60 76
48 61 77
49 62 78
50 63 79
51 64 80
52 65 81
53 66 82
54 67 83
55 68 84
56 69 85
57 70 86
58 71 87
59 72 88
60 73 89
61 74 90
62 75 91
63 76 92
64 77 93
65 78 94
66 79 95
0 67 80
1 68 81
2 69 82
3 70 83
4 71 84
5 72 85
6 73 86
7 74 87
8 75 88
9 76 89
10 77 90
11 78 91
12 79 92
13 80 93
14 81 94
15 82 95
0 16 83
1 17 84
2 18 85
3 19 86
4 20 87
5 21 88
6 22 89
7 23 90
8 24 91
9 25 92
10 26 93
11 27 94
12 28 95
0 13 29
1 14 30
2 15 31
3 16 32
4 17 33
5 18 34
6 19 35
7 20 36
48 52 72
49 53 73
50 54 74
51 55 75
52 56 76
53 57 77
54 58 78
55 59 79
56 60 80
57 61 81
58 62 82
59 63 83
60 64 84
61 65 85
62 66 86
63 67 87
64 68 88
65 69 89
66 70 90
67 71 91
68 72 92
69 73 93
70 74 94
71 75 95
0 72 76
1 73 77
2 74 78
3 75 79
4 76 80
5 77 81
6 78 82
7 79 83
8 80 84
9 81 85
10 82 86
11 83 87
12 84 88
13 85 89
14 86 90
15 87 91
16 88 92
17 89 93
18 90 94
19 91 95
0 20 92
1 21 93
2 22 94
3 23 95
0 4 24
1 5 25
2 6 26
3 7 27
4 8 28
5 9 29
6 10 30
7 11 31
8 12 32
9 13 33
10 14 34
11 15 35
12 16 36
13 17 37
14 18 38
15 19 39
16 20 40
17 21 41
18 22 42
19 23 43
20 24 44
21 25 45
22 26 46
23 27 47
24 28 48
25 29 49
26 30 50
27 31 51
28 32 52
29 33 53
30 34 54
31 35 55
32 36 56
33 37 57
34 38 58
35 39 59
36 40 60
37 41 61
38 42 62
39 43 63
40 44 64
41 45 65
42 46 66
43 47 67
44 48 68
45 49 69
46 50 70
47 51 71
0 15 63
1 16 64
2 17 65
3 18 66
4 19 67
5 20 68
6 21 69
7 22 70
8 23 71
9 24 72
10 25 73
11 26 74
12 27 75
13 28 76
14 29 77
15 30 78
16 31 79
17 32 80
18 33 81
19 34 82
20 35 83
21 36 84
22 37 85
23 38 86
24 39 87
25 40 88
26 41 89
27 42 90
28 43 91
29 44 92
30 45 93
31 46 94
32 47 95
0 33 48
1 34 49
2 35 50
3 36 51
4 37 52
5 38 53
6 39 54
7 40 55
8 41 56
9 42 57
10 43 58
11 44 59
12 45 60
13 46 61
14 47 62
15 48 63
16 49 64
17 50 65
18 51 66
19 52 67
20 53 68
21 54 69
22 55 70
23 56 71
24 57 72
25 58 73
26 59 74
27 60 75
28 61 76
29 62 77
30 63 78
31 64 79
32 65 80
33 66 81
34 67 82
35 68 83
36 69 84
37 70 85
38 71 86
39 72 87
40 73 88
41 74 89
42 75 90
43 76 91
44 77 92
45 78 93
46 79 94
47 80 95
0 48 81
1 49 82
2 50 83
3 51 84
4 52 85
5 53 86
6 54 87
7 55 88
8 56 89
9 57 90
10 58 91
11 59 92
12 60 93
13 61 94
14 62 95
76 86 87
77 87 88
78 88 89
79 89 90
80 90 91
81 91 92
82 92 93
83 93 94
84 94 95
0 85 95
0 1 86
1 2 87
2 3 88
3 4 89
4 5 90
5 6 91
6 7 92
7 8 93
8 9 94
9 10 95
0 10 11
1 11 12
2 12 13
3 13 14
4 14 15
5 15 16
6 16 17
7 17 18
8 18 19
9 19 20
10 20 21
11 21 22
12 22 23
13 23 24
14 24 25
15 25 26
16 26 27
17 27 28
18 28 29
19 29 30
20 30 31
21 31 32
22 32 33
23 33 34
24 34 35
25 35 36
26 36 37
27 37 38
28 38 39
29 39 40
30 40 41
31 41 42
32 42 43
33 43 44
34 44 45
35 45 46
36 46 47
37 47 48
38 48 49
39 49 50
40 50 51
41 51 52
42 52 53
43 53 54
44 54 55
45 55 56
46 56 57
47 57 58
48 58 59
49 59 60
50 60 61
51 61 62
52 62 63
53 63 64
54 64 65
55 65 66
56 66 67
57 67 68
58 68 69
59 69 70
60 70 71
61 71 72
62 72 73
63 73 74
64 74 75
65 75 76
66 76 77
67 77 78
68 78 79
69 79 80
70 80 81
71 81 82
72 82 83
73 83 84
74 84 85
75 85 86
