0 4 13 42 49 51 58 59
1 3 10 12 14 54 56 73
2 7 11 58 73 74 80 87
2 3 6 9 25 41 63 86
0 5 20 27 52 63 64 90
6 8 15 20 24 45 71 76
16 18 20 73 79 85 86 89
17 22 30 44 63 66 72 78
19 29 30 43 45 49 57 73
10 22 34 47 50 59 67 83
6 16 22 23 33 36 60 95
19 26 31 55 59 61 62 68
23 26 28 39 43 64 71 75
17 21 31 32 39 42 54 77
4 24 35 38 39 63 70 79
0 16 24 37 62 75 91 94
13 15 38 40 56 65 77 94
14 15 28 46 62 74 81 88
6 18 27 35 48 68 78 94
8 31 34 35 37 40 66 89
8 10 26 44 84 89 92 93
1 33 35 51 55 76 80 83
4 5 15 26 34 36 41 80
9 31 43 65 67 72 88 92
4 11 12 28 29 40 61 78
2 13 21 29 33 48 52 91
22 25 39 40 48 57 59 87
5 8 9 32 38 46 84 87
23 46 47 53 56 57 80 89
0 1 11 43 50 60 66 77
41 56 61 69 76 85 90 91
6 10 30 32 55 58 75 81
4 19 50 71 80 82 86 90
7 13 19 25 67 83 85 93
3 24 40 50 51 60 64 68
12 27 41 42 45 55 66 70
4 14 45 52 72 75 87 89
9 10 15 16 17 48 49 50
11 15 18 32 37 52 69 93
29 44 48 51 67 74 75 90
11 25 27 36 47 49 65 81
52 54 57 75 79 82 83 92
27 32 53 59 73 91 92 95
9 12 19 24 58 69 94 95
1 2 20 36 48 53 69 84
3 18 31 33 59 74 77 84
2 5 28 37 44 49 54 94
2 8 14 17 59 64 65 70
13 22 27 34 58 76 79 84
7 9 21 23 30 68 70 90
13 20 26 35 54 72 81 95
0 14 29 31 38 47 76 86
20 43 46 58 66 68 91 93
8 49 56 60 78 79 93 95
2 12 22 51 62 77 82 89
1 9 37 45 59 78 81 85
3 13 36 39 45 46 61 82
5 7 10 18 61 66 71 95
0 25 45 56 68 80 84 88
4 16 32 57 65 68 74 76
17 28 38 41 68 79 82 93
20 21 41 60 62 87 92 94
18 22 24 49 53 62 88 90
4 27 31 33 44 56 63 81
5 14 23 35 58 77 85 92
30 36 40 42 52 62 67 86
23 32 50 61 63 74 79 94
8 16 43 47 48 54 55 63
19 34 38 42 48 71 73 88
3 7 8 27 29 69 72 83
6 29 37 42 61 64 83 84
10 21 24 59 66 69 80 82
6 11 19 21 26 46 51 79
12 16 34 39 72 81 90 93
7 14 25 33 37 50 72 79
9 28 34 44 51 53 55 87
6 28 47 52 66 70 74 85
36 38 50 54 55 78 89 91
49 70 71 77 81 83 87 91
1 18 26 40 57 58 63 88
13 17 19 23 56 66 86 87
10 19 20 22 28 33 42 65
5 11 13 24 31 48 57 70
3 12 44 48 65 79 80 91
0 10 17 36 46 54 71 94
12 15 21 60 63 75 84 85
8 18 25 39 42 50 75 92
33 39 41 58 62 65 71 78
6 14 20 39 49 61 67 80
11 30 33 34 64 82 85 94
10 13 25 46 52 60 76 78
25 26 65 66 73 83 90 94
7 32 35 44 45 60 62 86
41 50 51 52 57 73 81 84
40 46 49 55 68 72 85 95
3 19 32 47 70 75 78 88
9 29 39 53 54 62 66 76
5 17 67 68 69 76 81 89
2 15 30 35 47 61 87 93
5 6 12 38 39 43 53 83
16 22 31 38 45 64 69 92
10 27 37 39 51 86 88 91
0 19 23 40 41 44 64 89
18 21 36 55 56 64 72 73
1 21 24 25 28 43 61 89
8 28 57 72 77 80 86 91
9 14 21 27 40 57 71 93
26 30 38 49 50 69 74 86
3 11 42 51 63 89 90 95
10 29 36 37 63 68 77 87
1 4 22 32 47 67 91 94
1 7 15 31 39 73 78 95
15 17 25 29 55 58 79 90
4 37 53 60 67 68 70 73
6 13 44 47 62 69 73 77
2 3 15 33 38 57 66 67
18 23 34 45 51 54 65 69
11 16 29 35 41 59 67 71
14 24 30 32 41 48 83 89
26 37 42 43 76 78 82 87
22 29 39 50 56 70 85 93
5 10 11 23 25 38 62 72
4 7 48 64 66 76 81 92
17 24 27 38 43 52 80 85
5 31 36 45 51 75 93 94
35 36 44 59 66 69 79 88
0 37 41 45 48 65 74 95
0 5 8 22 32 33 61 73
7 14 17 19 34 63 91 92
13 16 18 28 30 31 60 80
8 10 30 53 79 81 85 94
2 19 39 41 47 68 72 84
6 33 54 59 87 88 90 93
3 22 23 37 52 55 71 74
9 17 20 37 47 73 75 82
0 2 32 34 56 71 81 92
12 35 46 50 64 65 69 87
3 4 17 30 57 62 84 95
1 34 46 59 61 62 70 86
33 40 45 47 68 71 79 83
14 16 51 53 66 71 78 84
16 21 38 44 58 61 81 83
0 15 30 51 61 70 72 92
9 22 26 35 48 52 56 77
15 23 31 42 49 82 84 91
5 7 29 55 60 65 82 88
40 62 63 65 73 76 80 93
12 20 25 29 30 31 32 71
13 37 47 55 57 90 92 95
11 15 22 54 66 68 75 86
7 24 28 32 36 40 84 90
15 19 27 39 59 60 74 89
16 41 52 61 77 79 88 95
2 18 38 70 76 82 94 95
10 19 35 45 57 64 74 91
1 6 16 19 40 53 82 92
2 23 24 44 46 73 81 93
11 20 21 42 44 50 57 76
7 33 41 49 53 64 75 77
1 5 42 47 56 62 64 79
4 7 18 22 41 43 46 54
9 13 32 64 78 79 80 89
8 9 12 13 14 36 68 74
24 45 46 67 74 77 78 90
2 16 26 27 28 45 50 62
3 25 28 35 49 73 76 92
0 6 7 31 65 85 87 89
7 20 30 37 38 51 56 59
12 17 23 59 72 75 76 88
25 27 30 34 54 74 77 82
0 9 11 17 18 60 83 91
2 4 20 23 78 83 85 88
0 6 34 35 57 69 75 78
11 14 39 44 55 84 86 94
2 10 31 34 43 60 79 90
5 21 74 78 83 86 87 95
14 18 26 29 33 46 81 82
27 29 46 80 88 89 92 94
1 18 25 44 52 68 71 85
25 26 53 70 75 80 91 95
3 4 20 24 34 55 77 93
8 31 50 52 53 58 65 86
14 22 42 60 69 80 81 90
0 12 18 23 27 67 79 87
9 38 42 54 57 60 61 85
32 48 49 62 66 72 82 85
5 6 13 30 40 50 88 91
8 18 19 36 47 51 76 77
1 17 35 42 53 72 74 93
11 36 43 56 62 74 83 92
33 36 37 49 57 58 70 89
10 20 31 40 41 69 70 74
12 15 19 37 44 54 80 83
28 45 56 58 63 67 72 82
0 3 21 22 26 36 53 85
14 29 34 43 44 50 68 95
0 4 8 21 35 62 82 90
28 31 46 48 59 63 83 95
7 12 21 34 45 47 49 52
1 21 30 37 39 46 65 76
24 27 56 61 65 67 75 84
11 17 23 40 45 48 53 61
12 24 33 42 68 78 86 92
4 6 10 15 42 64 72 94
35 40 43 54 70 81 84 86
1 8 13 27 38 41 75 90
3 5 19 43 52 59 81 94
8 11 21 54 64 67 88 95
13 15 43 53 63 69 71 89
2 7 16 40 42 46 55 75
3 16 44 56 58 70 82 87
6 7 12 17 26 56 57 94
25 48 51 58 60 64 86 93
1 8 23 24 29 49 63 87
0 28 39 52 55 67 69 93
17 26 32 33 43 51 67 85
24 26 47 54 58 60 71 72
4 5 9 16 19 25 33 69
