13 18 31 42 50 58
16 21 34 45 53 61
19 24 37 48 56 64
22 27 40 51 59 67
25 30 43 54 62 70
28 33 46 57 65 73
31 36 49 60 68 76
34 39 52 63 71 79
37 42 55 66 74 82
40 45 58 69 77 85
43 48 61 72 80 88
46 51 64 75 83 91
49 54 67 78 86 94
1 52 57 70 81 89
4 55 60 73 84 92
7 58 63 76 87 95
2 10 61 66 79 90
5 13 64 69 82 93
0 8 16 67 72 85
3 11 19 70 75 88
6 14 22 73 78 91
9 17 25 76 81 94
1 12 20 28 79 84
4 15 23 31 82 87
7 18 26 34 85 90
10 21 29 37 88 93
0 13 24 32 40 91
3 16 27 35 43 94
1 6 19 30 38 46
4 9 22 33 41 49
7 12 25 36 44 52
10 15 28 39 47 55
9 16 36 46 64 71
12 19 39 49 67 74
15 22 42 52 70 77
18 25 45 55 73 80
21 28 48 58 76 83
24 31 51 61 79 86
27 34 54 64 82 89
30 37 57 67 85 92
33 40 60 70 88 95
2 36 43 63 73 91
5 39 46 66 76 94
1 8 42 49 69 79
4 11 45 52 72 82
7 14 48 55 75 85
10 17 51 58 78 88
13 20 54 61 81 91
16 23 57 64 84 94
1 19 26 60 67 87
4 22 29 63 70 90
7 25 32 66 73 93
0 10 28 35 69 76
3 13 31 38 72 79
6 16 34 41 75 82
9 19 37 44 78 85
12 22 40 47 81 88
15 25 43 50 84 91
18 28 46 53 87 94
1 21 31 49 56 90
4 24 34 52 59 93
0 7 27 37 55 62
3 10 30 40 58 65
6 13 33 43 61 68
1 7 53 65 68 86
4 10 56 68 71 89
7 13 59 71 74 92
10 16 62 74 77 95
2 13 19 65 77 80
5 16 22 68 80 83
8 19 25 71 83 86
11 22 28 74 86 89
14 25 31 77 89 92
17 28 34 80 92 95
2 20 31 37 83 95
2 5 23 34 40 86
5 8 26 37 43 89
8 11 29 40 46 92
11 14 32 43 49 95
2 14 17 35 46 52
5 17 20 38 49 55
8 20 23 41 52 58
11 23 26 44 55 61
14 26 29 47 58 64
17 29 32 50 61 67
20 32 35 53 64 70
23 35 38 56 67 73
26 38 41 59 70 76
29 41 44 62 73 79
32 44 47 65 76 82
35 47 50 68 79 85
38 50 53 71 82 88
41 53 56 74 85 91
44 56 59 77 88 94
1 47 59 62 80 91
4 50 62 65 83 94
1 3 61 64 77 85
4 6 64 67 80 88
7 9 67 70 83 91
10 12 70 73 86 94
1 13 15 73 76 89
4 16 18 76 79 92
7 19 21 79 82 95
2 10 22 24 82 85
5 13 25 27 85 88
8 16 28 30 88 91
11 19 31 33 91 94
1 14 22 34 36 94
1 4 17 25 37 39
4 7 20 28 40 42
7 10 23 31 43 45
10 13 26 34 46 48
13 16 29 37 49 51
16 19 32 40 52 54
19 22 35 43 55 57
22 25 38 46 58 60
25 28 41 49 61 63
28 31 44 52 64 66
31 34 47 55 67 69
34 37 50 58 70 72
37 40 53 61 73 75
40 43 56 64 76 78
43 46 59 67 79 81
46 49 62 70 82 84
49 52 65 73 85 87
52 55 68 76 88 90
55 58 71 79 91 93
0 58 61 74 82 94
30 31 39 59 69 73
33 34 42 62 72 76
36 37 45 65 75 79
39 40 48 68 78 82
42 43 51 71 81 85
45 46 54 74 84 88
48 49 57 77 87 91
51 52 60 80 90 94
1 54 55 63 83 93
0 4 57 58 66 86
3 7 60 61 69 89
6 10 63 64 72 92
9 13 66 67 75 95
2 12 16 69 70 78
5 15 19 72 73 81
8 18 22 75 76 84
11 21 25 78 79 87
14 24 28 81 82 90
17 27 31 84 85 93
0 20 30 34 87 88
3 23 33 37 90 91
6 26 36 40 93 94
0 1 9 29 39 43
3 4 12 32 42 46
6 7 15 35 45 49
9 10 18 38 48 52
12 13 21 41 51 55
15 16 24 44 54 58
18 19 27 47 57 61
21 22 30 50 60 64
24 25 33 53 63 67
27 28 36 56 66 70
39 61 84 91 95 96
2 42 64 87 94 96
1 5 45 67 90 96
4 8 48 70 93 96
0 7 11 51 73 96
3 10 14 54 76 96
6 13 17 57 79 96
9 16 20 60 82 96
12 19 23 63 85 96
15 22 26 66 88 96
18 25 29 69 91 96
21 28 32 72 94 96
1 24 31 35 75 96
4 27 34 38 78 96
7 30 37 41 81 96
10 33 40 44 84 96
13 36 43 47 87 96
16 39 46 50 90 96
19 42 49 53 93 96
0 22 45 52 56 96
3 25 48 55 59 96
6 28 51 58 62 96
9 31 54 61 65 96
12 34 57 64 68 96
15 37 60 67 71 96
18 40 63 70 74 96
21 43 66 73 77 96
24 46 69 76 80 96
27 49 72 79 83 96
30 52 75 82 86 96
33 55 78 85 89 96
36 58 81 88 92 96
16 50 55 61 70 80
19 53 58 64 73 83
22 56 61 67 76 86
25 59 64 70 79 89
28 62 67 73 82 92
31 65 70 76 85 95
2 34 68 73 79 88
5 37 71 76 82 91
8 40 74 79 85 94
1 11 43 77 82 88
4 14 46 80 85 91
7 17 49 83 88 94
1 10 20 52 86 91
4 13 23 55 89 94
1 7 16 26 58 92
4 10 19 29 61 95
2 7 13 22 32 64
5 10 16 25 35 67
8 13 19 28 38 70
11 16 22 31 41 73
14 19 25 34 44 76
17 22 28 37 47 79
20 25 31 40 50 82
23 28 34 43 53 85
26 31 37 46 56 88
29 34 40 49 59 91
32 37 43 52 62 94
1 35 40 46 55 65
4 38 43 49 58 68
7 41 46 52 61 71
10 44 49 55 64 74
13 47 52 58 67 77
41 68 72 75 92 94
1 44 71 75 78 95
2 4 47 74 78 81
5 7 50 77 81 84
8 10 53 80 84 87
11 13 56 83 87 90
14 16 59 86 90 93
0 17 19 62 89 93
0 3 20 22 65 92
3 6 23 25 68 95
2 6 9 26 28 71
5 9 12 29 31 74
8 12 15 32 34 77
11 15 18 35 37 80
14 18 21 38 40 83
17 21 24 41 43 86
20 24 27 44 46 89
23 27 30 47 49 92
26 30 33 50 52 95
2 29 33 36 53 55
5 32 36 39 56 58
8 35 39 42 59 61
11 38 42 45 62 64
14 41 45 48 65 67
17 44 48 51 68 70
20 47 51 54 71 73
23 50 54 57 74 76
26 53 57 60 77 79
29 56 60 63 80 82
32 59 63 66 83 85
35 62 66 69 86 88
38 65 69 72 89 91
24 38 47 84 94 95
1 2 27 41 50 87
4 5 30 44 53 90
7 8 33 47 56 93
0 10 11 36 50 59
3 13 14 39 53 62
6 16 17 42 56 65
9 19 20 45 59 68
12 22 23 48 62 71
15 25 26 51 65 74
18 28 29 54 68 77
21 31 32 57 71 80
24 34 35 60 74 83
27 37 38 63 77 86
30 40 41 66 80 89
33 43 44 69 83 92
36 46 47 72 86 95
2 39 49 50 75 89
5 42 52 53 78 92
8 45 55 56 81 95
2 11 48 58 59 84
5 14 51 61 62 87
8 17 54 64 65 90
11 20 57 67 68 93
0 14 23 60 70 71
3 17 26 63 73 74
6 20 29 66 76 77
9 23 32 69 79 80
12 26 35 72 82 83
15 29 38 75 85 86
18 32 41 78 88 89
21 35 44 81 91 92
0 17 38 77 83 84
3 20 41 80 86 87
6 23 44 83 89 90
9 26 47 86 92 93
0 12 29 50 89 95
2 3 15 32 53 92
5 6 18 35 56 95
2 8 9 21 38 59
5 11 12 24 41 62
8 14 15 27 44 65
11 17 18 30 47 68
14 20 21 33 50 71
17 23 24 36 53 74
20 26 27 39 56 77
23 29 30 42 59 80
26 32 33 45 62 83
29 35 36 48 65 86
32 38 39 51 68 89
35 41 42 54 71 92
38 44 45 57 74 95
2 41 47 48 60 77
5 44 50 51 63 80
8 47 53 54 66 83
11 50 56 57 69 86
14 53 59 60 72 89
17 56 62 63 75 92
20 59 65 66 78 95
2 23 62 68 69 81
5 26 65 71 72 84
8 29 68 74 75 87
11 32 71 77 78 90
14 35 74 80 81 93
21 23 24 39 65 88
24 26 27 42 68 91
27 29 30 45 71 94
1 30 32 33 48 74
4 33 35 36 51 77
7 36 38 39 54 80
10 39 41 42 57 83
13 42 44 45 60 86
16 45 47 48 63 89
19 48 50 51 66 92
22 51 53 54 69 95
2 25 54 56 57 72
5 28 57 59 60 75
8 31 60 62 63 78
11 34 63 65 66 81
14 37 66 68 69 84
17 40 69 71 72 87
20 43 72 74 75 90
23 46 75 77 78 93
0 26 49 78 80 81
3 29 52 81 83 84
6 32 55 84 86 87
9 35 58 87 89 90
12 38 61 90 92 93
0 15 41 64 93 95
0 2 3 18 44 67
3 5 6 21 47 70
6 8 9 24 50 73
9 11 12 27 53 76
12 14 15 30 56 79
15 17 18 33 59 82
18 20 21 36 62 85
9 24 30 55 72 77
12 27 33 58 75 80
15 30 36 61 78 83
18 33 39 64 81 86
21 36 42 67 84 89
24 39 45 70 87 92
27 42 48 73 90 95
2 30 45 51 76 93
0 5 33 48 54 79
3 8 36 51 57 82
6 11 39 54 60 85
9 14 42 57 63 88
12 17 45 60 66 91
15 20 48 63 69 94
1 18 23 51 66 72
4 21 26 54 69 75
7 24 29 57 72 78
10 27 32 60 75 81
13 30 35 63 78 84
16 33 38 66 81 87
19 36 41 69 84 90
22 39 44 72 87 93
0 25 42 47 75 90
3 28 45 50 78 93
0 6 31 48 53 81
3 9 34 51 56 84
6 12 37 54 59 87
9 15 40 57 62 90
12 18 43 60 65 93
0 15 21 46 63 68
3 18 24 49 66 71
6 21 27 52 69 74
