1 39 67 86
2 40 68 87
3 41 69 88
4 42 70 89
5 43 71 90
6 44 72 91
7 45 73 92
8 46 74 93
9 47 75 94
10 48 76 95
11 49 77 96
0 12 50 78
1 13 51 79
2 14 52 80
3 15 53 81
4 16 54 82
5 17 55 83
6 18 56 84
7 19 57 85
8 20 58 86
9 21 59 87
10 22 60 88
11 23 61 89
12 24 62 90
13 25 63 91
14 26 64 92
15 27 65 93
16 28 66 94
17 29 67 95
18 30 68 96
0 19 31 69
1 20 32 70
2 21 33 71
3 22 34 72
4 23 35 73
5 24 36 74
6 25 37 75
7 26 38 76
8 27 39 77
9 28 40 78
10 29 41 79
11 30 42 80
12 31 43 81
13 32 44 82
14 33 45 83
15 34 46 84
16 35 47 85
17 36 48 86
18 37 49 87
19 38 50 88
20 39 51 89
21 40 52 90
22 41 53 91
23 42 54 92
24 43 55 93
25 44 56 94
26 45 57 95
27 46 58 96
0 28 47 59
1 29 48 60
2 30 49 61
3 31 50 62
4 32 51 63
5 33 52 64
6 34 53 65
7 35 54 66
8 36 55 67
9 37 56 68
10 38 57 69
11 39 58 70
12 40 59 71
13 41 60 72
14 42 61 73
15 43 62 74
16 44 63 75
17 45 64 76
18 46 65 77
19 47 66 78
20 48 67 79
21 49 68 80
22 50 69 81
23 51 70 82
24 52 71 83
25 53 72 84
26 54 73 85
27 55 74 86
28 56 75 87
29 57 76 88
30 58 77 89
31 59 78 90
32 60 79 91
33 61 80 92
34 62 81 93
35 63 82 94
36 64 83 95
37 65 84 96
0 38 66 85
6 8 63 71
7 9 64 72
8 10 65 73
9 11 66 74
10 12 67 75
11 13 68 76
12 14 69 77
13 15 70 78
14 16 71 79
15 17 72 80
16 18 73 81
17 19 74 82
18 20 75 83
19 21 76 84
20 22 77 85
21 23 78 86
22 24 79 87
23 25 80 88
24 26 81 89
25 27 82 90
26 28 83 91
27 29 84 92
28 30 85 93
29 31 86 94
30 32 87 95
31 33 88 96
0 32 34 89
1 33 35 90
2 34 36 91
3 35 37 92
4 36 38 93
5 37 39 94
6 38 40 95
7 39 41 96
0 8 40 42
1 9 41 43
2 10 42 44
3 11 43 45
4 12 44 46
5 13 45 47
6 14 46 48
7 15 47 49
8 16 48 50
9 17 49 51
10 18 50 52
11 19 51 53
12 20 52 54
13 21 53 55
14 22 54 56
15 23 55 57
16 24 56 58
17 25 57 59
18 26 58 60
19 27 59 61
20 28 60 62
21 29 61 63
22 30 62 64
23 31 63 65
24 32 64 66
25 33 65 67
26 34 66 68
27 35 67 69
28 36 68 70
29 37 69 71
30 38 70 72
31 39 71 73
32 40 72 74
33 41 73 75
34 42 74 76
35 43 75 77
36 44 76 78
37 45 77 79
38 46 78 80
39 47 79 81
40 48 80 82
41 49 81 83
42 50 82 84
43 51 83 85
44 52 84 86
45 53 85 87
46 54 86 88
47 55 87 89
48 56 88 90
49 57 89 91
50 58 90 92
51 59 91 93
52 60 92 94
53 61 93 95
54 62 94 96
0 55 63 95
1 56 64 96
0 2 57 65
1 3 58 66
2 4 59 67
3 5 60 68
4 6 61 69
5 7 62 70
10 28 43 86
11 29 44 87
12 30 45 88
13 31 46 89
14 32 47 90
15 33 48 91
16 34 49 92
17 35 50 93
18 36 51 94
19 37 52 95
20 38 53 96
0 21 39 54
1 22 40 55
2 23 41 56
3 24 42 57
4 25 43 58
5 26 44 59
6 27 45 60
7 28 46 61
8 29 47 62
9 30 48 63
10 31 49 64
11 32 50 65
12 33 51 66
13 34 52 67
14 35 53 68
15 36 54 69
16 37 55 70
17 38 56 71
18 39 57 72
19 40 58 73
20 41 59 74
21 42 60 75
22 43 61 76
23 44 62 77
24 45 63 78
25 46 64 79
26 47 65 80
27 48 66 81
28 49 67 82
29 50 68 83
30 51 69 84
31 52 70 85
32 53 71 86
33 54 72 87
34 55 73 88
35 56 74 89
36 57 75 90
37 58 76 91
38 59 77 92
39 60 78 93
40 61 79 94
41 62 80 95
42 63 81 96
0 43 64 82
1 44 65 83
2 45 66 84
3 46 67 85
4 47 68 86
5 48 69 87
6 49 70 88
7 50 71 89
8 51 72 90
9 52 73 91
10 53 74 92
11 54 75 93
12 55 76 94
13 56 77 95
14 57 78 96
0 15 58 79
1 16 59 80
2 17 60 81
3 18 61 82
4 19 62 83
5 20 63 84
6 21 64 85
7 22 65 86
8 23 66 87
9 24 67 88
10 25 68 89
11 26 69 90
12 27 70 91
13 28 71 92
14 29 72 93
15 30 73 94
16 31 74 95
17 32 75 96
0 18 33 76
1 19 34 77
2 20 35 78
3 21 36 79
4 22 37 80
5 23 38 81
6 24 39 82
7 25 40 83
8 26 41 84
9 27 42 85
34 35 44 58
35 36 45 59
36 37 46 60
37 38 47 61
38 39 48 62
39 40 49 63
40 41 50 64
41 42 51 65
42 43 52 66
43 44 53 67
44 45 54 68
45 46 55 69
46 47 56 70
47 48 57 71
48 49 58 72
49 50 59 73
50 51 60 74
51 52 61 75
52 53 62 76
53 54 63 77
54 55 64 78
55 56 65 79
56 57 66 80
57 58 67 81
58 59 68 82
59 60 69 83
60 61 70 84
61 62 71 85
62 63 72 86
63 64 73 87
64 65 74 88
65 66 75 89
66 67 76 90
67 68 77 91
68 69 78 92
69 70 79 93
70 71 80 94
71 72 81 95
72 73 82 96
0 73 74 83
1 74 75 84
2 75 76 85
3 76 77 86
4 77 78 87
5 78 79 88
6 79 80 89
7 80 81 90
8 81 82 91
9 82 83 92
10 83 84 93
11 84 85 94
12 85 86 95
13 86 87 96
0 14 87 88
1 15 88 89
2 16 89 90
3 17 90 91
4 18 91 92
5 19 92 93
6 20 93 94
7 21 94 95
8 22 95 96
0 9 23 96
0 1 10 24
1 2 11 25
2 3 12 26
3 4 13 27
4 5 14 28
5 6 15 29
6 7 16 30
7 8 17 31
8 9 18 32
9 10 19 33
10 11 20 34
11 12 21 35
12 13 22 36
13 14 23 37
14 15 24 38
15 16 25 39
16 17 26 40
17 18 27 41
18 19 28 42
19 20 29 43
20 21 30 44
21 22 31 45
22 23 32 46
23 24 33 47
24 25 34 48
25 26 35 49
26 27 36 50
27 28 37 51
28 29 38 52
29 30 39 53
30 31 40 54
31 32 41 55
32 33 42 56
33 34 43 57
30 60 65 71
31 61 66 72
32 62 67 73
33 63 68 74
34 64 69 75
35 65 70 76
36 66 71 77
37 67 72 78
38 68 73 79
39 69 74 80
40 70 75 81
41 71 76 82
42 72 77 83
43 73 78 84
44 74 79 85
45 75 80 86
46 76 81 87
47 77 82 88
48 78 83 89
49 79 84 90
50 80 85 91
51 81 86 92
52 82 87 93
53 83 88 94
54 84 89 95
55 85 90 96
0 56 86 91
1 57 87 92
2 58 88 93
3 59 89 94
4 60 90 95
5 61 91 96
0 6 62 92
1 7 63 93
2 8 64 94
3 9 65 95
4 10 66 96
0 5 11 67
1 6 12 68
2 7 13 69
3 8 14 70
4 9 15 71
5 10 16 72
6 11 17 73
7 12 18 74
8 13 19 75
9 14 20 76
10 15 21 77
11 16 22 78
12 17 23 79
13 18 24 80
14 19 25 81
15 20 26 82
16 21 27 83
17 22 28 84
18 23 29 85
19 24 30 86
20 25 31 87
21 26 32 88
22 27 33 89
23 28 34 90
24 29 35 91
25 30 36 92
26 31 37 93
27 32 38 94
28 33 39 95
29 34 40 96
0 30 35 41
1 31 36 42
2 32 37 43
3 33 38 44
4 34 39 45
5 35 40 46
6 36 41 47
7 37 42 48
8 38 43 49
9 39 44 50
10 40 45 51
11 41 46 52
12 42 47 53
13 43 48 54
14 44 49 55
15 45 50 56
16 46 51 57
17 47 52 58
18 48 53 59
19 49 54 60
20 50 55 61
21 51 56 62
22 52 57 63
23 53 58 64
24 54 59 65
25 55 60 66
26 56 61 67
27 57 62 68
28 58 63 69
29 59 64 70
16 33 86 93
17 34 87 94
18 35 88 95
19 36 89 96
0 20 37 90
1 21 38 91
2 22 39 92
3 23 40 93
4 24 41 94
5 25 42 95
6 26 43 96
0 7 27 44
1 8 28 45
2 9 29 46
3 10 30 47
4 11 31 48
5 12 32 49
6 13 33 50
7 14 34 51
8 15 35 52
9 16 36 53
10 17 37 54
11 18 38 55
12 19 39 56
13 20 40 57
14 21 41 58
15 22 42 59
16 23 43 60
17 24 44 61
18 25 45 62
19 26 46 63
20 27 47 64
21 28 48 65
22 29 49 66
23 30 50 67
24 31 51 68
25 32 52 69
26 33 53 70
27 34 54 71
28 35 55 72
29 36 56 73
30 37 57 74
31 38 58 75
32 39 59 76
33 40 60 77
34 41 61 78
35 42 62 79
36 43 63 80
37 44 64 81
38 45 65 82
39 46 66 83
40 47 67 84
41 48 68 85
42 49 69 86
43 50 70 87
44 51 71 88
45 52 72 89
46 53 73 90
47 54 74 91
48 55 75 92
49 56 76 93
50 57 77 94
51 58 78 95
52 59 79 96
0 53 60 80
1 54 61 81
2 55 62 82
3 56 63 83
4 57 64 84
5 58 65 85
6 59 66 86
7 60 67 87
8 61 68 88
9 62 69 89
10 63 70 90
11 64 71 91
12 65 72 92
13 66 73 93
14 67 74 94
15 68 75 95
16 69 76 96
0 17 70 77
1 18 71 78
2 19 72 79
3 20 73 80
4 21 74 81
5 22 75 82
6 23 76 83
7 24 77 84
8 25 78 85
9 26 79 86
10 27 80 87
11 28 81 88
12 29 82 89
13 30 83 90
14 31 84 91
15 32 85 92
11 14 27 63
12 15 28 64
13 16 29 65
14 17 30 66
15 18 31 67
16 19 32 68
17 20 33 69
18 21 34 70
19 22 35 71
20 23 36 72
21 24 37 73
22 25 38 74
23 26 39 75
24 27 40 76
25 28 41 77
26 29 42 78
27 30 43 79
28 31 44 80
29 32 45 81
30 33 46 82
31 34 47 83
32 35 48 84
33 36 49 85
34 37 50 86
35 38 51 87
36 39 52 88
37 40 53 89
38 41 54 90
39 42 55 91
40 43 56 92
41 44 57 93
42 45 58 94
43 46 59 95
44 47 60 96
0 45 48 61
1 46 49 62
2 47 50 63
3 48 51 64
4 49 52 65
5 50 53 66
6 51 54 67
7 52 55 68
8 53 56 69
9 54 57 70
10 55 58 71
11 56 59 72
12 57 60 73
13 58 61 74
14 59 62 75
15 60 63 76
16 61 64 77
17 62 65 78
18 63 66 79
19 64 67 80
20 65 68 81
21 66 69 82
22 67 70 83
23 68 71 84
24 69 72 85
25 70 73 86
26 71 74 87
27 72 75 88
28 73 76 89
29 74 77 90
30 75 78 91
31 76 79 92
32 77 80 93
33 78 81 94
34 79 82 95
35 80 83 96
0 36 81 84
1 37 82 85
2 38 83 86
3 39 84 87
4 40 85 88
5 41 86 89
6 42 87 90
7 43 88 91
8 44 89 92
9 45 90 93
10 46 91 94
11 47 92 95
12 48 93 96
0 13 49 94
1 14 50 95
2 15 51 96
0 3 16 52
1 4 17 53
2 5 18 54
3 6 19 55
4 7 20 56
5 8 21 57
6 9 22 58
7 10 23 59
8 11 24 60
9 12 25 61
10 13 26 62
6 52 77 81
7 53 78 82
8 54 79 83
9 55 80 84
10 56 81 85
11 57 82 86
12 58 83 87
13 59 84 88
14 60 85 89
15 61 86 90
16 62 87 91
17 63 88 92
18 64 89 93
19 65 90 94
20 66 91 95
21 67 92 96
0 22 68 93
1 23 69 94
2 24 70 95
3 25 71 96
0 4 26 72
1 5 27 73
2 6 28 74
3 7 29 75
4 8 30 76
5 9 31 77
6 10 32 78
7 11 33 79
8 12 34 80
9 13 35 81
10 14 36 82
11 15 37 83
12 16 38 84
13 17 39 85
14 18 40 86
15 19 41 87
16 20 42 88
17 21 43 89
18 22 44 90
19 23 45 91
20 24 46 92
21 25 47 93
22 26 48 94
23 27 49 95
24 28 50 96
0 25 29 51
1 26 30 52
2 27 31 53
3 28 32 54
4 29 33 55
5 30 34 56
6 31 35 57
7 32 36 58
8 33 37 59
9 34 38 60
10 35 39 61
11 36 40 62
12 37 41 63
13 38 42 64
14 39 43 65
15 40 44 66
16 41 45 67
17 42 46 68
18 43 47 69
19 44 48 70
20 45 49 71
21 46 50 72
22 47 51 73
23 48 52 74
24 49 53 75
25 50 54 76
26 51 55 77
27 52 56 78
28 53 57 79
29 54 58 80
30 55 59 81
31 56 60 82
32 57 61 83
33 58 62 84
34 59 63 85
35 60 64 86
36 61 65 87
37 62 66 88
38 63 67 89
39 64 68 90
40 65 69 91
41 66 70 92
42 67 71 93
43 68 72 94
44 69 73 95
45 70 74 96
0 46 71 75
1 47 72 76
2 48 73 77
3 49 74 78
4 50 75 79
5 51 76 80
