0 1 16 23 63 72 75 81
2 5 26 37 43 48 80 92
3 21 32 39 47 65 69 84
4 18 28 31 33 58 60 61
6 12 36 62 71 78 84 94
7 23 32 41 52 57 78 89
8 17 28 57 70 71 93 96
9 17 25 57 58 72 73 84
11 15 19 23 31 34 66 73
1 5 8 14 32 44 49 76
1 2 11 20 21 33 66 67
17 24 36 41 59 69 77 82
27 37 38 39 70 78 81 88
16 29 30 32 64 66 93 94
14 20 35 46 47 71 74 82
7 26 30 42 55 58 79 91
3 13 36 45 56 73 75 90
4 19 42 47 50 53 92 95
4 12 17 32 74 83 85 86
6 10 11 44 54 58 59 83
0 24 44 45 68 69 80 91
3 9 22 29 34 44 82 87
9 34 38 46 52 69 76 79
0 2 10 15 30 40 60 69
10 18 21 45 48 52 64 95
12 25 34 35 48 50 59 65
0 27 49 52 55 83 87 92
28 42 49 71 75 77 88 89
37 54 61 68 72 77 83 90
19 48 51 63 76 82 85 91
31 41 56 62 67 70 74 91
14 19 22 54 60 78 79 96
9 14 23 40 62 81 86 95
4 5 23 35 79 87 90 93
0 6 8 17 28 38 48 90
1 7 11 36 60 86 88 93
8 9 30 35 36 39 66 92
15 16 46 50 62 83 88 96
8 18 27 34 72 89 91 94
19 20 24 31 55 56 81 93
21 26 34 53 54 75 85 93
6 29 33 41 55 63 80 95
2 11 25 49 53 55 61 64
43 53 59 66 70 79 83 89
10 24 33 38 42 65 82 96
5 6 15 45 51 57 65 81
7 9 12 15 33 44 70 90
9 16 24 48 53 67 78 87
18 20 43 50 63 68 78 86
21 30 43 51 67 76 81 90
5 10 22 25 30 41 46 85
19 26 33 39 46 49 67 72
22 27 31 59 64 71 80 90
2 24 28 29 50 72 74 76
16 18 37 41 44 65 71 73
23 38 47 60 62 67 77 80
4 9 30 49 56 65 78 80
7 16 20 27 28 51 84 95
13 14 15 21 28 41 53 94
1 3 24 31 39 40 52 54
3 35 37 52 58 63 67 94
12 23 42 50 56 64 68 76
26 27 33 53 56 57 82 86
5 11 17 29 47 50 75 91
27 41 45 47 58 66 76 96
2 14 38 55 59 68 73 85
1 23 46 57 59 61 92 94
18 26 74 77 81 84 87 96
4 14 29 43 52 59 73 88
2 17 21 31 44 63 89 96
29 45 54 69 70 71 86 92
8 12 29 31 45 46 53 77
0 5 19 36 58 64 74 89
3 8 15 20 25 74 79 80
7 14 18 25 67 69 75 83
9 10 42 47 86 88 90 94
7 22 34 37 40 45 49 74
20 32 34 42 61 63 70 73
3 10 33 51 77 89 92 93
24 27 30 35 48 60 73 89
4 21 25 38 40 66 77 91
39 55 57 60 63 66 74 90
0 22 33 35 76 84 88 91
1 12 19 28 38 69 80 87
3 8 45 61 79 85 88 95
13 39 61 65 76 86 87 89
11 32 37 45 50 55 72 82
24 32 33 43 46 75 87 95
5 21 42 56 59 60 72 87
5 16 21 22 23 36 83 94
10 14 17 23 26 37 66 87
12 36 49 54 73 91 95 96
1 4 13 37 64 79 82 84
26 28 35 40 44 64 78 83
15 22 47 48 52 68 72 93
9 14 27 63 64 65 77 93
6 16 25 31 68 82 88 92
3 38 41 43 49 60 64 72
4 11 20 39 48 75 94 96
31 33 42 69 78 81 85 94
2 8 41 42 51 54 62 87
1 17 26 65 68 70 94 95
2 30 31 38 45 63 83 84
3 4 6 23 24 30 71 76
1 21 29 38 51 58 71 78
16 18 36 40 47 55 70 76
40 41 68 75 79 84 92 96
17 18 22 32 38 53 90 92
5 7 12 18 24 63 66 88
11 16 35 38 56 69 89 95
5 30 33 50 52 61 71 96
7 10 39 53 73 76 77 80
0 7 9 29 37 56 85 96
11 28 57 62 65 74 79 81
4 15 54 55 67 71 84 89
3 7 17 19 27 43 62 93
8 15 21 24 37 64 75 86
6 19 20 29 37 40 57 89
0 13 19 25 26 32 71 88
13 29 48 49 58 66 68 81
0 42 46 52 62 66 84 86
14 26 31 36 48 51 61 69
3 11 12 14 30 70 72 92
14 16 17 33 39 45 60 79
40 49 50 58 69 82 90 93
22 28 46 56 63 73 81 92
20 44 48 57 64 77 87 88
6 9 51 52 53 60 74 75
31 32 35 51 72 80 86 96
10 32 34 60 71 81 83 91
23 28 37 39 51 59 91 93
3 16 18 19 54 57 66 80
6 12 21 27 40 44 46 61
7 8 47 54 59 63 81 82
2 23 27 32 58 65 75 88
3 25 36 37 42 53 63 96
25 43 44 47 51 56 66 94
15 17 18 29 35 42 49 51
12 16 20 26 41 52 85 90
0 5 6 67 73 78 82 95
36 44 50 60 65 67 85 92
4 36 44 53 58 62 72 81
3 5 28 34 55 67 68 86
4 8 22 50 56 57 69 73
17 20 46 54 58 60 65 76
3 9 13 26 31 46 50 91
2 16 22 58 70 77 86 93
9 19 21 33 68 73 74 88
1 19 35 43 45 55 77 94
9 11 19 24 41 61 71 83
2 6 18 49 56 76 79 94
25 31 37 75 76 78 93 95
24 50 61 80 81 84 93 94
15 39 56 58 63 71 85 87
30 34 43 57 58 62 95 96
6 20 23 43 53 69 72 88
5 20 26 38 39 45 62 68
0 4 11 27 46 51 68 70
8 23 29 33 48 55 65 83
6 7 13 21 35 72 85 92
31 35 38 47 57 61 75 85
10 23 24 49 70 74 84 85
4 9 15 26 45 59 76 89
2 19 25 52 65 70 90 91
0 7 38 50 51 54 87 94
10 15 27 29 36 38 67 79
1 30 41 48 54 56 74 88
11 26 34 40 51 63 80 88
3 12 25 60 68 81 87 89
5 7 46 48 64 70 84 90
1 14 16 24 34 42 57 90
2 9 28 36 43 66 82 85
0 2 3 20 47 59 77 78
1 6 26 47 73 83 87 93
0 12 22 39 42 43 75 80
15 16 43 61 74 78 91 92
40 59 65 66 71 72 90 95
8 11 26 29 52 60 76 84
40 48 71 72 73 79 86 94
6 14 38 39 64 86 91 96
13 17 34 52 56 77 78 83
0 18 41 42 45 46 67 93
12 13 30 33 36 37 47 57
13 24 35 49 60 62 63 70
1 9 15 18 32 48 59 62
10 28 32 35 40 43 54 56
2 12 39 57 67 83 88 95
1 14 27 50 58 80 85 89
1 13 20 22 51 55 67 96
5 9 20 27 31 49 54 92
5 13 27 59 69 74 94 96
6 22 34 50 66 70 75 77
2 4 7 34 35 39 41 81
0 10 21 31 49 50 57 79
19 30 44 49 59 75 84 86
20 33 36 40 45 59 87 91
5 11 18 30 40 53 77 85
25 33 34 54 62 64 76 92
7 8 10 61 66 68 69 78
11 23 25 28 45 78 90 96
7 11 22 31 43 65 71 87
3 27 40 42 48 57 76 83
10 12 55 62 72 75 78 82
1 10 25 29 39 41 50 86
2 13 34 36 46 47 80 89
12 24 47 51 58 64 79 92
0 14 34 53 56 61 65 84
15 37 46 60 77 82 94 95
11 13 38 42 44 74 93 95
1 2 35 53 57 68 71 91
17 40 52 61 64 67 80 81
22 24 25 26 27 28 47 95
20 21 30 70 80 82 83 87
9 21 32 55 63 69 77 79
4 8 10 13 16 19 20 63
37 51 62 64 69 73 83 85
8 16 32 47 49 59 67 85
8 12 13 40 43 58 84 93
21 22 29 61 62 82 89 90
6 28 30 32 36 42 52 68
13 18 23 39 44 52 54 82
17 30 44 46 55 78 79 88
