37 67 70 72 93
38 68 71 73 94
39 69 72 74 95
40 70 73 75 96
0 41 71 74 76
1 42 72 75 77
2 43 73 76 78
3 44 74 77 79
4 45 75 78 80
5 46 76 79 81
6 47 77 80 82
7 48 78 81 83
8 49 79 82 84
9 50 80 83 85
10 51 81 84 86
11 52 82 85 87
12 53 83 86 88
13 54 84 87 89
14 55 85 88 90
15 56 86 89 91
16 57 87 90 92
17 58 88 91 93
18 59 89 92 94
19 60 90 93 95
20 61 91 94 96
0 21 62 92 95
1 22 63 93 96
0 2 23 64 94
1 3 24 65 95
2 4 25 66 96
0 3 5 26 67
1 4 6 27 68
2 5 7 28 69
3 6 8 29 70
4 7 9 30 71
5 8 10 31 72
6 9 11 32 73
7 10 12 33 74
8 11 13 34 75
9 12 14 35 76
10 13 15 36 77
11 14 16 37 78
12 15 17 38 79
13 16 18 39 80
14 17 19 40 81
15 18 20 41 82
16 19 21 42 83
17 20 22 43 84
18 21 23 44 85
19 22 24 45 86
20 23 25 46 87
21 24 26 47 88
22 25 27 48 89
23 26 28 49 90
24 27 29 50 91
25 28 30 51 92
26 29 31 52 93
27 30 32 53 94
28 31 33 54 95
29 32 34 55 96
0 30 33 35 56
1 31 34 36 57
2 32 35 37 58
3 33 36 38 59
4 34 37 39 60
5 35 38 40 61
6 36 39 41 62
7 37 40 42 63
8 38 41 43 64
9 39 42 44 65
10 40 43 45 66
11 41 44 46 67
12 42 45 47 68
13 43 46 48 69
14 44 47 49 70
15 45 48 50 71
16 46 49 51 72
17 47 50 52 73
18 48 51 53 74
19 49 52 54 75
20 50 53 55 76
21 51 54 56 77
22 52 55 57 78
23 53 56 58 79
24 54 57 59 80
25 55 58 60 81
26 56 59 61 82
27 57 60 62 83
28 58 61 63 84
29 59 62 64 85
30 60 63 65 86
31 61 64 66 87
32 62 65 67 88
33 63 66 68 89
34 64 67 69 90
35 65 68 70 91
36 66 69 71 92
0 27 39 84 92
1 28 40 85 93
2 29 41 86 94
3 30 42 87 95
4 31 43 88 96
0 5 32 44 89
1 6 33 45 90
2 7 34 46 91
3 8 35 47 92
4 9 36 48 93
5 10 37 49 94
6 11 38 50 95
7 12 39 51 96
0 8 13 40 52
1 9 14 41 53
2 10 15 42 54
3 11 16 43 55
4 12 17 44 56
5 13 18 45 57
6 14 19 46 58
7 15 20 47 59
8 16 21 48 60
9 17 22 49 61
10 18 23 50 62
11 19 24 51 63
12 20 25 52 64
13 21 26 53 65
14 22 27 54 66
15 23 28 55 67
16 24 29 56 68
17 25 30 57 69
18 26 31 58 70
19 27 32 59 71
20 28 33 60 72
21 29 34 61 73
22 30 35 62 74
23 31 36 63 75
24 32 37 64 76
25 33 38 65 77
26 34 39 66 78
27 35 40 67 79
28 36 41 68 80
29 37 42 69 81
30 38 43 70 82
31 39 44 71 83
32 40 45 72 84
33 41 46 73 85
34 42 47 74 86
35 43 48 75 87
36 44 49 76 88
37 45 50 77 89
38 46 51 78 90
39 47 52 79 91
40 48 53 80 92
41 49 54 81 93
42 50 55 82 94
43 51 56 83 95
44 52 57 84 96
0 45 53 58 85
1 46 54 59 86
2 47 55 60 87
3 48 56 61 88
4 49 57 62 89
5 50 58 63 90
6 51 59 64 91
7 52 60 65 92
8 53 61 66 93
9 54 62 67 94
10 55 63 68 95
11 56 64 69 96
0 12 57 65 70
1 13 58 66 71
2 14 59 67 72
3 15 60 68 73
4 16 61 69 74
5 17 62 70 75
6 18 63 71 76
7 19 64 72 77
8 20 65 73 78
9 21 66 74 79
10 22 67 75 80
11 23 68 76 81
12 24 69 77 82
13 25 70 78 83
14 26 71 79 84
15 27 72 80 85
16 28 73 81 86
17 29 74 82 87
18 30 75 83 88
19 31 76 84 89
20 32 77 85 90
21 33 78 86 91
22 34 79 87 92
23 35 80 88 93
24 36 81 89 94
25 37 82 90 95
26 38 83 91 96
1 18 25 73 79
2 19 26 74 80
3 20 27 75 81
4 21 28 76 82
5 22 29 77 83
6 23 30 78 84
7 24 31 79 85
8 25 32 80 86
9 26 33 81 87
10 27 34 82 88
11 28 35 83 89
12 29 36 84 90
13 30 37 85 91
14 31 38 86 92
15 32 39 87 93
16 33 40 88 94
17 34 41 89 95
18 35 42 90 96
0 19 36 43 91
1 20 37 44 92
2 21 38 45 93
3 22 39 46 94
4 23 40 47 95
5 24 41 48 96
0 6 25 42 49
1 7 26 43 50
2 8 27 44 51
3 9 28 45 52
4 10 29 46 53
5 11 30 47 54
6 12 31 48 55
7 13 32 49 56
8 14 33 50 57
9 15 34 51 58
10 16 35 52 59
11 17 36 53 60
12 18 37 54 61
13 19 38 55 62
14 20 39 56 63
15 21 40 57 64
16 22 41 58 65
17 23 42 59 66
18 24 43 60 67
19 25 44 61 68
20 26 45 62 69
21 27 46 63 70
22 28 47 64 71
23 29 48 65 72
24 30 49 66 73
25 31 50 67 74
26 32 51 68 75
27 33 52 69 76
28 34 53 70 77
29 35 54 71 78
30 36 55 72 79
31 37 56 73 80
32 38 57 74 81
33 39 58 75 82
34 40 59 76 83
35 41 60 77 84
36 42 61 78 85
37 43 62 79 86
38 44 63 80 87
39 45 64 81 88
40 46 65 82 89
41 47 66 83 90
42 48 67 84 91
43 49 68 85 92
44 50 69 86 93
45 51 70 87 94
46 52 71 88 95
47 53 72 89 96
0 48 54 73 90
1 49 55 74 91
2 50 56 75 92
3 51 57 76 93
4 52 58 77 94
5 53 59 78 95
6 54 60 79 96
0 7 55 61 80
1 8 56 62 81
2 9 57 63 82
3 10 58 64 83
4 11 59 65 84
5 12 60 66 85
6 13 61 67 86
7 14 62 68 87
8 15 63 69 88
9 16 64 70 89
10 17 65 71 90
11 18 66 72 91
12 19 67 73 92
13 20 68 74 93
14 21 69 75 94
15 22 70 76 95
16 23 71 77 96
0 17 24 72 78
0 11 15 31 94
1 12 16 32 95
2 13 17 33 96
0 3 14 18 34
1 4 15 19 35
2 5 16 20 36
3 6 17 21 37
4 7 18 22 38
5 8 19 23 39
6 9 20 24 40
7 10 21 25 41
8 11 22 26 42
9 12 23 27 43
10 13 24 28 44
11 14 25 29 45
12 15 26 30 46
13 16 27 31 47
14 17 28 32 48
15 18 29 33 49
16 19 30 34 50
17 20 31 35 51
18 21 32 36 52
19 22 33 37 53
20 23 34 38 54
21 24 35 39 55
22 25 36 40 56
23 26 37 41 57
24 27 38 42 58
25 28 39 43 59
26 29 40 44 60
27 30 41 45 61
28 31 42 46 62
29 32 43 47 63
30 33 44 48 64
31 34 45 49 65
32 35 46 50 66
33 36 47 51 67
34 37 48 52 68
35 38 49 53 69
36 39 50 54 70
37 40 51 55 71
38 41 52 56 72
39 42 53 57 73
40 43 54 58 74
41 44 55 59 75
42 45 56 60 76
43 46 57 61 77
44 47 58 62 78
45 48 59 63 79
46 49 60 64 80
47 50 61 65 81
48 51 62 66 82
49 52 63 67 83
50 53 64 68 84
51 54 65 69 85
52 55 66 70 86
53 56 67 71 87
54 57 68 72 88
55 58 69 73 89
56 59 70 74 90
57 60 71 75 91
58 61 72 76 92
59 62 73 77 93
60 63 74 78 94
61 64 75 79 95
62 65 76 80 96
0 63 66 77 81
1 64 67 78 82
2 65 68 79 83
3 66 69 80 84
4 67 70 81 85
5 68 71 82 86
6 69 72 83 87
7 70 73 84 88
8 71 74 85 89
9 72 75 86 90
10 73 76 87 91
11 74 77 88 92
12 75 78 89 93
13 76 79 90 94
14 77 80 91 95
15 78 81 92 96
0 16 79 82 93
1 17 80 83 94
2 18 81 84 95
3 19 82 85 96
0 4 20 83 86
1 5 21 84 87
2 6 22 85 88
3 7 23 86 89
4 8 24 87 90
5 9 25 88 91
6 10 26 89 92
7 11 27 90 93
8 12 28 91 94
9 13 29 92 95
10 14 30 93 96
18 19 28 65 87
19 20 29 66 88
20 21 30 67 89
21 22 31 68 90
22 23 32 69 91
23 24 33 70 92
24 25 34 71 93
25 26 35 72 94
26 27 36 73 95
27 28 37 74 96
0 28 29 38 75
1 29 30 39 76
2 30 31 40 77
3 31 32 41 78
4 32 33 42 79
5 33 34 43 80
6 34 35 44 81
7 35 36 45 82
8 36 37 46 83
9 37 38 47 84
10 38 39 48 85
11 39 40 49 86
12 40 41 50 87
13 41 42 51 88
14 42 43 52 89
15 43 44 53 90
16 44 45 54 91
17 45 46 55 92
18 46 47 56 93
19 47 48 57 94
20 48 49 58 95
21 49 50 59 96
0 22 50 51 60
1 23 51 52 61
2 24 52 53 62
3 25 53 54 63
4 26 54 55 64
5 27 55 56 65
6 28 56 57 66
7 29 57 58 67
8 30 58 59 68
9 31 59 60 69
10 32 60 61 70
11 33 61 62 71
12 34 62 63 72
13 35 63 64 73
14 36 64 65 74
15 37 65 66 75
16 38 66 67 76
17 39 67 68 77
18 40 68 69 78
19 41 69 70 79
20 42 70 71 80
21 43 71 72 81
22 44 72 73 82
23 45 73 74 83
24 46 74 75 84
25 47 75 76 85
26 48 76 77 86
27 49 77 78 87
28 50 78 79 88
29 51 79 80 89
30 52 80 81 90
31 53 81 82 91
32 54 82 83 92
33 55 83 84 93
34 56 84 85 94
35 57 85 86 95
36 58 86 87 96
0 37 59 87 88
1 38 60 88 89
2 39 61 89 90
3 40 62 90 91
4 41 63 91 92
5 42 64 92 93
6 43 65 93 94
7 44 66 94 95
8 45 67 95 96
0 9 46 68 96
0 1 10 47 69
1 2 11 48 70
2 3 12 49 71
3 4 13 50 72
4 5 14 51 73
5 6 15 52 74
6 7 16 53 75
7 8 17 54 76
8 9 18 55 77
9 10 19 56 78
10 11 20 57 79
11 12 21 58 80
12 13 22 59 81
13 14 23 60 82
14 15 24 61 83
15 16 25 62 84
16 17 26 63 85
17 18 27 64 86
