3 23 31 44 56 58 73
8 17 22 40 42 72 73
6 14 15 44 53 77 86
4 12 15 37 69 71 95
3 5 6 10 25 74 90
4 6 7 18 47 58 59
16 21 28 33 42 74 78
15 17 64 74 93 94 96
14 30 44 47 61 66 73
7 19 39 43 59 85 89
16 20 23 45 64 70 94
31 35 38 47 72 82 95
23 27 39 47 67 77 89
5 8 28 38 81 84 92
2 33 40 44 45 63 68
1 4 13 41 46 51 82
6 7 28 71 75 87 91
2 15 43 78 83 84 88
5 43 46 55 75 94 95
38 39 49 56 57 76 93
9 37 47 50 65 84 88
9 46 59 64 69 73 78
14 26 35 54 78 82 92
14 18 48 69 80 87 90
5 12 19 27 36 45 58
10 12 23 59 68 80 83
4 9 18 19 79 93 95
16 24 27 53 56 62 92
1 25 39 50 63 85 92
0 24 42 47 51 76 86
0 9 48 49 63 67 84
2 8 14 31 35 39 94
8 10 16 34 49 71 88
7 16 36 56 66 79 82
7 11 23 26 29 41 69
5 29 71 82 83 86 89
11 21 22 59 67 90 91
3 9 20 24 34 43 77
0 2 36 44 57 64 72
48 60 70 72 88 92 93
7 17 21 30 37 68 70
15 26 46 47 56 79 85
2 4 17 41 47 54 60
13 21 24 39 60 69 71
19 25 29 33 59 76 88
8 11 15 36 65 77 87
11 15 17 35 38 40 92
13 25 45 54 55 56 83
4 5 24 35 73 80 96
18 26 32 34 39 57 74
10 44 46 62 70 81 84
13 20 28 29 37 57 72
5 22 26 48 66 86 88
12 16 26 31 43 50 70
2 5 11 29 52 62 85
29 43 44 53 54 90 91
3 32 46 64 90 92 95
9 24 36 54 70 85 96
1 2 30 48 53 58 89
13 22 38 58 61 79 87
0 13 14 27 31 34 52
2 10 19 41 49 50 66
19 26 28 38 45 62 78
4 26 49 55 64 83 91
20 39 61 81 86 91 96
23 34 35 62 66 68 93
19 20 24 40 83 84 87
10 15 31 51 57 76 81
37 43 52 58 63 79 91
7 25 41 42 44 78 95
33 39 53 64 70 87 95
8 15 33 52 54 61 83
17 37 44 55 67 70 82
22 24 30 34 41 45 74
17 26 52 63 64 72 75
18 20 26 33 82 90 94
8 16 45 51 69 89 90
1 11 33 43 47 64 65
7 9 32 38 52 77 79
3 22 27 76 78 85 94
13 32 44 50 59 75 92
15 16 30 35 48 59 96
31 33 36 41 54 71 93
1 9 17 22 23 28 75
14 17 40 58 65 70 75
27 31 42 45 46 73 88
10 29 36 37 39 48 78
10 16 63 77 84 86 95
21 28 44 49 51 79 89
39 52 53 68 73 82 84
1 15 18 29 45 79 84
13 17 41 77 81 88 95
0 14 17 29 43 56 93
7 33 50 57 62 77 91
4 10 42 61 67 74 92
6 23 45 49 54 57 92
7 19 20 40 54 81 90
0 9 16 55 58 68 92
0 7 10 11 28 55 96
20 36 64 68 79 88 92
6 27 30 38 49 55 65
22 23 33 38 51 65 70
2 38 55 73 74 77 80
11 50 54 73 75 76 86
17 31 49 59 62 71 87
10 20 26 30 73 91 93
3 47 66 74 83 85 91
12 24 46 47 49 75 77
1 19 24 34 37 44 94
18 22 25 36 53 62 81
18 23 46 52 66 71 78
1 21 81 82 85 88 95
4 24 28 31 61 68 90
0 28 53 57 59 66 84
3 5 13 33 49 69 96
7 25 35 37 49 64 66
0 2 6 15 20 51 95
27 43 51 66 87 92 96
9 15 22 42 61 80 89
17 30 33 58 71 80 92
17 34 36 50 51 52 67
2 12 19 22 46 65 91
4 14 38 50 64 88 89
41 42 48 52 91 92 94
1 40 55 66 76 77 90
16 17 23 28 32 83 85
3 15 39 41 55 62 65
3 17 19 48 57 79 86
27 35 44 69 76 79 83
6 8 9 26 29 44 60
21 32 47 55 57 84 94
23 25 40 43 72 86 95
25 38 48 51 68 75 83
0 5 17 18 49 61 78
18 35 42 56 70 89 91
7 14 22 55 57 63 71
18 30 38 43 54 67 71
4 12 33 48 56 67 86
14 16 17 25 46 76 91
8 36 47 70 74 75 95
20 22 49 52 56 80 95
6 11 41 51 63 83 93
28 47 50 54 58 69 82
5 26 40 51 56 59 77
5 7 15 34 50 60 67
6 23 50 81 87 89 94
25 30 40 47 52 67 69
12 29 30 74 79 84 87
2 9 61 62 69 75 82
1 2 13 42 70 71 90
2 16 65 67 72 79 81
11 31 40 78 79 89 96
4 16 22 44 52 57 87
8 19 23 30 64 82 84
3 12 21 40 80 82 93
13 26 65 66 68 89 95
11 12 25 32 35 53 86
1 14 38 46 49 68 86
11 57 58 70 77 83 96
11 14 19 23 37 53 74
4 25 50 61 77 93 94
29 31 45 67 75 77 96
10 36 53 60 80 83 94
5 25 57 65 70 79 80
5 21 42 48 54 64 77
0 20 21 38 41 66 75
5 15 21 23 31 53 63
32 41 58 67 73 87 89
32 35 44 61 65 71 85
24 57 64 67 78 80 81
1 8 26 30 31 46 57
27 40 57 60 61 91 95
14 27 28 29 56 64 71
13 23 47 48 61 62 76
14 19 42 63 65 85 96
3 11 16 42 49 60 84
6 22 54 68 69 84 93
6 37 38 46 62 90 96
7 27 29 33 48 73 81
8 12 20 48 50 55 78
3 9 12 14 51 71 84
23 30 39 60 75 79 90
18 22 31 37 77 83 92
0 40 62 71 73 79 94
5 8 32 68 76 87 91
6 31 37 40 48 64 85
4 30 49 72 77 78 85
10 17 20 38 53 69 85
13 15 36 49 63 73 90
11 34 39 44 46 48 80
2 24 28 52 59 65 93
4 33 34 35 55 75 84
26 47 53 68 71 81 96
34 58 60 64 76 84 85
16 18 41 68 75 80 85
6 13 16 19 35 36 43
6 11 34 56 61 82 88
40 41 49 53 59 61 70
5 9 30 39 72 83 87
1 32 54 62 66 67 80
2 3 8 18 37 56 86
8 27 28 41 70 80 86
0 1 4 23 36 69 91
9 25 31 33 60 66 74
9 10 21 26 35 58 86
12 13 28 48 57 73 85
45 78 85 86 87 90 93
3 12 28 67 68 72 94
7 8 13 46 53 67 93
1 3 35 45 52 61 81
9 27 35 41 47 57 90
22 30 51 60 62 64 86
32 43 48 49 74 81 82
9 16 29 34 38 40 91
4 11 20 27 32 63 68
5 10 14 37 41 76 79
0 32 37 45 46 60 89
14 20 21 36 45 59 72
6 13 31 78 80 84 91
18 21 43 60 65 73 92
12 18 44 54 62 63 88
29 49 54 58 65 94 95
0 3 26 37 54 80 87
11 24 45 48 50 71 95
3 30 32 36 38 42 50
6 19 21 52 67 70 76
1 5 16 20 44 47 93
2 21 25 26 27 34 87
14 18 51 55 60 81 85
34 47 63 70 78 82 87
4 28 36 39 40 46 81
21 29 46 50 61 63 83
14 26 42 62 67 83 95
16 37 39 51 54 61 73
10 33 34 46 54 72 89
20 62 71 72 74 76 89
6 12 17 39 42 45 66
0 12 34 65 81 83 90
11 18 24 38 66 72 94
12 38 41 43 44 61 64
1 10 12 52 60 87 96
33 36 52 55 86 89 93
10 13 18 27 40 50 64
3 38 55 59 60 63 82
19 31 32 55 61 69 72
18 28 34 73 76 95 96
34 59 69 70 86 92 94
1 10 48 56 65 69 78
7 45 51 80 88 91 94
2 21 23 32 56 88 96
15 20 25 28 42 46 58
0 19 25 70 71 73 77
7 13 20 31 65 74 86
0 8 22 25 39 82 96
20 28 35 60 67 77 88
7 24 26 36 61 76 84
35 46 51 56 63 74 87
17 24 25 27 84 89 90
9 11 13 30 56 81 94
15 19 56 60 68 75 78
39 52 58 62 74 88 90
2 7 12 63 76 89 92
28 30 43 63 76 80 94
0 22 29 35 50 68 74
6 14 24 32 33 37 79
3 4 15 29 32 66 70
8 24 58 63 66 69 81
42 43 57 68 69 77 82
10 22 32 40 43 45 47
4 9 45 53 65 76 82
32 51 53 58 72 78 93
0 30 33 59 85 88 95
27 37 42 59 75 81 93
1 8 27 54 59 74 79
23 24 29 42 55 87 88
34 42 50 53 55 79 80
40 44 69 74 88 94 96
19 29 47 51 72 80 92
10 15 24 27 72 82 91
3 10 53 57 75 88 89
1 3 6 7 72 73 83
41 50 56 72 84 90 96
4 8 21 43 62 67 85
