40 50 70
41 51 71
42 52 72
43 53 73
44 54 74
45 55 75
46 56 76
47 57 77
48 58 78
49 59 79
50 60 80
51 61 81
52 62 82
53 63 83
54 64 84
55 65 85
56 66 86
57 67 87
58 68 88
59 69 89
60 70 90
61 71 91
62 72 92
63 73 93
64 74 94
65 75 95
66 76 96
0 67 77
1 68 78
2 69 79
3 70 80
4 71 81
5 72 82
6 73 83
7 74 84
8 75 85
9 76 86
10 77 87
11 78 88
12 79 89
13 80 90
14 81 91
15 82 92
16 83 93
17 84 94
18 85 95
19 86 96
0 20 87
1 21 88
2 22 89
3 23 90
4 24 91
5 25 92
6 26 93
7 27 94
8 28 95
9 29 96
0 10 30
1 11 31
2 12 32
3 13 33
4 14 34
5 15 35
6 16 36
7 17 37
8 18 38
9 19 39
10 20 40
11 21 41
12 22 42
13 23 43
14 24 44
15 25 45
16 26 46
17 27 47
18 28 48
19 29 49
20 30 50
21 31 51
22 32 52
23 33 53
24 34 54
25 35 55
26 36 56
27 37 57
28 38 58
29 39 59
30 40 60
31 41 61
32 42 62
33 43 63
34 44 64
35 45 65
36 46 66
37 47 67
38 48 68
39 49 69
7 22 47
8 23 48
9 24 49
10 25 50
11 26 51
12 27 52
13 28 53
14 29 54
15 30 55
16 31 56
17 32 57
18 33 58
19 34 59
20 35 60
21 36 61
22 37 62
23 38 63
24 39 64
25 40 65
26 41 66
27 42 67
28 43 68
29 44 69
30 45 70
31 46 71
32 47 72
33 48 73
34 49 74
35 50 75
36 51 76
37 52 77
38 53 78
39 54 79
40 55 80
41 56 81
42 57 82
43 58 83
44 59 84
45 60 85
46 61 86
47 62 87
48 63 88
49 64 89
50 65 90
51 66 91
52 67 92
53 68 93
54 69 94
55 70 95
56 71 96
0 57 72
1 58 73
2 59 74
3 60 75
4 61 76
5 62 77
6 63 78
7 64 79
8 65 80
9 66 81
10 67 82
11 68 83
12 69 84
13 70 85
14 71 86
15 72 87
16 73 88
17 74 89
18 75 90
19 76 91
20 77 92
21 78 93
22 79 94
23 80 95
24 81 96
0 25 82
1 26 83
2 27 84
3 28 85
4 29 86
5 30 87
6 31 88
7 32 89
8 33 90
9 34 91
10 35 92
11 36 93
12 37 94
13 38 95
14 39 96
0 15 40
1 16 41
2 17 42
3 18 43
4 19 44
5 20 45
6 21 46
16 59 80
17 60 81
18 61 82
19 62 83
20 63 84
21 64 85
22 65 86
23 66 87
24 67 88
25 68 89
26 69 90
27 70 91
28 71 92
29 72 93
30 73 94
31 74 95
32 75 96
0 33 76
1 34 77
2 35 78
3 36 79
4 37 80
5 38 81
6 39 82
7 40 83
8 41 84
9 42 85
10 43 86
11 44 87
12 45 88
13 46 89
14 47 90
15 48 91
16 49 92
17 50 93
18 51 94
19 52 95
20 53 96
0 21 54
1 22 55
2 23 56
3 24 57
4 25 58
5 26 59
6 27 60
7 28 61
8 29 62
9 30 63
10 31 64
11 32 65
12 33 66
13 34 67
14 35 68
15 36 69
16 37 70
17 38 71
18 39 72
19 40 73
20 41 74
21 42 75
22 43 76
23 44 77
24 45 78
25 46 79
26 47 80
27 48 81
28 49 82
29 50 83
30 51 84
31 52 85
32 53 86
33 54 87
34 55 88
35 56 89
36 57 90
37 58 91
38 59 92
39 60 93
40 61 94
41 62 95
42 63 96
0 43 64
1 44 65
2 45 66
3 46 67
4 47 68
5 48 69
6 49 70
7 50 71
8 51 72
9 52 73
10 53 74
11 54 75
12 55 76
13 56 77
14 57 78
15 58 79
75 80 87
76 81 88
77 82 89
78 83 90
79 84 91
80 85 92
81 86 93
82 87 94
83 88 95
84 89 96
0 85 90
1 86 91
2 87 92
3 88 93
4 89 94
5 90 95
6 91 96
0 7 92
1 8 93
2 9 94
3 10 95
4 11 96
0 5 12
1 6 13
2 7 14
3 8 15
4 9 16
5 10 17
6 11 18
7 12 19
8 13 20
9 14 21
10 15 22
11 16 23
12 17 24
13 18 25
14 19 26
15 20 27
16 21 28
17 22 29
18 23 30
19 24 31
20 25 32
21 26 33
22 27 34
23 28 35
24 29 36
25 30 37
26 31 38
27 32 39
28 33 40
29 34 41
30 35 42
31 36 43
32 37 44
33 38 45
34 39 46
35 40 47
36 41 48
37 42 49
38 43 50
39 44 51
40 45 52
41 46 53
42 47 54
43 48 55
44 49 56
45 50 57
46 51 58
47 52 59
48 53 60
49 54 61
50 55 62
51 56 63
52 57 64
53 58 65
54 59 66
55 60 67
56 61 68
57 62 69
58 63 70
59 64 71
60 65 72
61 66 73
62 67 74
63 68 75
64 69 76
65 70 77
66 71 78
67 72 79
68 73 80
69 74 81
70 75 82
71 76 83
72 77 84
73 78 85
74 79 86
7 63 90
8 64 91
9 65 92
10 66 93
11 67 94
12 68 95
13 69 96
0 14 70
1 15 71
2 16 72
3 17 73
4 18 74
5 19 75
6 20 76
7 21 77
8 22 78
9 23 79
10 24 80
11 25 81
12 26 82
13 27 83
14 28 84
15 29 85
16 30 86
17 31 87
18 32 88
19 33 89
20 34 90
21 35 91
22 36 92
23 37 93
24 38 94
25 39 95
26 40 96
0 27 41
1 28 42
2 29 43
3 30 44
4 31 45
5 32 46
6 33 47
7 34 48
8 35 49
9 36 50
10 37 51
11 38 52
12 39 53
13 40 54
14 41 55
15 42 56
16 43 57
17 44 58
18 45 59
19 46 60
20 47 61
21 48 62
22 49 63
23 50 64
24 51 65
25 52 66
26 53 67
27 54 68
28 55 69
29 56 70
30 57 71
31 58 72
32 59 73
33 60 74
34 61 75
35 62 76
36 63 77
37 64 78
38 65 79
39 66 80
40 67 81
41 68 82
42 69 83
43 70 84
44 71 85
45 72 86
46 73 87
47 74 88
48 75 89
49 76 90
50 77 91
51 78 92
52 79 93
53 80 94
54 81 95
55 82 96
0 56 83
1 57 84
2 58 85
3 59 86
4 60 87
5 61 88
6 62 89
11 37 71
12 38 72
13 39 73
14 40 74
15 41 75
16 42 76
17 43 77
18 44 78
19 45 79
20 46 80
21 47 81
22 48 82
23 49 83
24 50 84
25 51 85
26 52 86
27 53 87
28 54 88
29 55 89
30 56 90
31 57 91
32 58 92
33 59 93
34 60 94
35 61 95
36 62 96
0 37 63
1 38 64
2 39 65
3 40 66
4 41 67
5 42 68
6 43 69
7 44 70
8 45 71
9 46 72
10 47 73
11 48 74
12 49 75
13 50 76
14 51 77
15 52 78
16 53 79
17 54 80
18 55 81
19 56 82
20 57 83
21 58 84
22 59 85
23 60 86
24 61 87
25 62 88
26 63 89
27 64 90
28 65 91
29 66 92
30 67 93
31 68 94
32 69 95
33 70 96
0 34 71
1 35 72
2 36 73
3 37 74
4 38 75
5 39 76
6 40 77
7 41 78
8 42 79
9 43 80
10 44 81
11 45 82
12 46 83
13 47 84
14 48 85
15 49 86
16 50 87
17 51 88
18 52 89
19 53 90
20 54 91
21 55 92
22 56 93
23 57 94
24 58 95
25 59 96
0 26 60
1 27 61
2 28 62
3 29 63
4 30 64
5 31 65
6 32 66
7 33 67
8 34 68
9 35 69
10 36 70
14 22 88
15 23 89
16 24 90
17 25 91
18 26 92
19 27 93
20 28 94
21 29 95
22 30 96
0 23 31
1 24 32
2 25 33
3 26 34
4 27 35
5 28 36
6 29 37
7 30 38
8 31 39
9 32 40
10 33 41
11 34 42
12 35 43
13 36 44
14 37 45
15 38 46
16 39 47
17 40 48
18 41 49
19 42 50
20 43 51
21 44 52
22 45 53
23 46 54
24 47 55
25 48 56
26 49 57
27 50 58
28 51 59
29 52 60
30 53 61
31 54 62
32 55 63
33 56 64
34 57 65
35 58 66
36 59 67
37 60 68
38 61 69
39 62 70
40 63 71
41 64 72
42 65 73
43 66 74
44 67 75
45 68 76
46 69 77
47 70 78
48 71 79
49 72 80
50 73 81
51 74 82
52 75 83
53 76 84
54 77 85
55 78 86
56 79 87
57 80 88
58 81 89
59 82 90
60 83 91
61 84 92
62 85 93
63 86 94
64 87 95
65 88 96
0 66 89
1 67 90
2 68 91
3 69 92
4 70 93
5 71 94
6 72 95
7 73 96
0 8 74
1 9 75
2 10 76
3 11 77
4 12 78
5 13 79
6 14 80
7 15 81
8 16 82
9 17 83
10 18 84
11 19 85
12 20 86
13 21 87
0 36 78
1 37 79
2 38 80
3 39 81
4 40 82
5 41 83
6 42 84
7 43 85
8 44 86
9 45 87
10 46 88
11 47 89
12 48 90
13 49 91
14 50 92
15 51 93
16 52 94
17 53 95
18 54 96
0 19 55
1 20 56
2 21 57
3 22 58
4 23 59
5 24 60
6 25 61
7 26 62
8 27 63
9 28 64
10 29 65
11 30 66
12 31 67
13 32 68
14 33 69
15 34 70
16 35 71
17 36 72
18 37 73
19 38 74
20 39 75
21 40 76
22 41 77
23 42 78
24 43 79
25 44 80
26 45 81
27 46 82
28 47 83
29 48 84
30 49 85
31 50 86
32 51 87
33 52 88
34 53 89
35 54 90
36 55 91
37 56 92
38 57 93
39 58 94
40 59 95
41 60 96
0 42 61
1 43 62
2 44 63
3 45 64
4 46 65
5 47 66
6 48 67
7 49 68
8 50 69
9 51 70
10 52 71
11 53 72
12 54 73
13 55 74
14 56 75
15 57 76
16 58 77
17 59 78
18 60 79
19 61 80
20 62 81
21 63 82
22 64 83
23 65 84
24 66 85
25 67 86
26 68 87
27 69 88
28 70 89
29 71 90
30 72 91
31 73 92
32 74 93
33 75 94
34 76 95
35 77 96
5 63 91
6 64 92
7 65 93
8 66 94
9 67 95
10 68 96
0 11 69
1 12 70
2 13 71
3 14 72
4 15 73
5 16 74
6 17 75
7 18 76
8 19 77
9 20 78
10 21 79
11 22 80
12 23 81
13 24 82
14 25 83
15 26 84
16 27 85
17 28 86
18 29 87
19 30 88
20 31 89
21 32 90
22 33 91
23 34 92
24 35 93
25 36 94
26 37 95
27 38 96
0 28 39
1 29 40
2 30 41
3 31 42
4 32 43
5 33 44
6 34 45
7 35 46
8 36 47
9 37 48
10 38 49
11 39 50
12 40 51
13 41 52
14 42 53
15 43 54
16 44 55
17 45 56
18 46 57
19 47 58
20 48 59
21 49 60
22 50 61
23 51 62
24 52 63
25 53 64
26 54 65
27 55 66
28 56 67
29 57 68
30 58 69
31 59 70
32 60 71
33 61 72
34 62 73
35 63 74
36 64 75
37 65 76
38 66 77
39 67 78
40 68 79
41 69 80
42 70 81
43 71 82
44 72 83
45 73 84
46 74 85
47 75 86
48 76 87
49 77 88
50 78 89
51 79 90
52 80 91
53 81 92
54 82 93
55 83 94
56 84 95
57 85 96
0 58 86
1 59 87
2 60 88
3 61 89
4 62 90
12 13 58
13 14 59
14 15 60
15 16 61
16 17 62
17 18 63
18 19 64
19 20 65
20 21 66
21 22 67
22 23 68
23 24 69
24 25 70
25 26 71
26 27 72
27 28 73
28 29 74
29 30 75
30 31 76
31 32 77
32 33 78
33 34 79
34 35 80
35 36 81
36 37 82
37 38 83
38 39 84
39 40 85
40 41 86
41 42 87
42 43 88
43 44 89
44 45 90
45 46 91
46 47 92
47 48 93
48 49 94
49 50 95
50 51 96
0 51 52
1 52 53
2 53 54
3 54 55
4 55 56
5 56 57
6 57 58
7 58 59
8 59 60
9 60 61
10 61 62
11 62 63
12 63 64
13 64 65
14 65 66
15 66 67
16 67 68
17 68 69
18 69 70
19 70 71
20 71 72
21 72 73
22 73 74
23 74 75
24 75 76
25 76 77
26 77 78
27 78 79
28 79 80
29 80 81
30 81 82
31 82 83
32 83 84
33 84 85
34 85 86
35 86 87
36 87 88
37 88 89
38 89 90
39 90 91
40 91 92
41 92 93
42 93 94
43 94 95
44 95 96
0 45 96
0 1 46
1 2 47
2 3 48
3 4 49
4 5 50
5 6 51
6 7 52
7 8 53
8 9 54
9 10 55
10 11 56
11 12 57
19 48 51
20 49 52
21 50 53
22 51 54
23 52 55
24 53 56
25 54 57
26 55 58
27 56 59
28 57 60
29 58 61
30 59 62
31 60 63
32 61 64
33 62 65
34 63 66
35 64 67
36 65 68
37 66 69
38 67 70
39 68 71
40 69 72
41 70 73
42 71 74
43 72 75
44 73 76
45 74 77
46 75 78
47 76 79
48 77 80
49 78 81
50 79 82
51 80 83
52 81 84
53 82 85
54 83 86
55 84 87
56 85 88
57 86 89
58 87 90
59 88 91
60 89 92
61 90 93
62 91 94
63 92 95
64 93 96
0 65 94
1 66 95
2 67 96
0 3 68
1 4 69
2 5 70
3 6 71
4 7 72
5 8 73
6 9 74
7 10 75
8 11 76
9 12 77
10 13 78
11 14 79
12 15 80
13 16 81
14 17 82
15 18 83
16 19 84
17 20 85
18 21 86
19 22 87
20 23 88
21 24 89
22 25 90
23 26 91
24 27 92
25 28 93
26 29 94
27 30 95
28 31 96
0 29 32
1 30 33
2 31 34
3 32 35
4 33 36
5 34 37
6 35 38
7 36 39
8 37 40
9 38 41
10 39 42
11 40 43
12 41 44
13 42 45
14 43 46
15 44 47
16 45 48
17 46 49
18 47 50
21 43 59
22 44 60
23 45 61
24 46 62
25 47 63
26 48 64
27 49 65
28 50 66
29 51 67
30 52 68
31 53 69
32 54 70
33 55 71
34 56 72
35 57 73
36 58 74
37 59 75
38 60 76
39 61 77
40 62 78
41 63 79
42 64 80
43 65 81
44 66 82
45 67 83
46 68 84
47 69 85
48 70 86
49 71 87
50 72 88
51 73 89
52 74 90
53 75 91
54 76 92
55 77 93
56 78 94
57 79 95
58 80 96
0 59 81
1 60 82
2 61 83
3 62 84
4 63 85
5 64 86
6 65 87
7 66 88
8 67 89
9 68 90
10 69 91
11 70 92
12 71 93
13 72 94
14 73 95
15 74 96
0 16 75
1 17 76
2 18 77
3 19 78
4 20 79
5 21 80
6 22 81
7 23 82
8 24 83
9 25 84
10 26 85
11 27 86
12 28 87
13 29 88
14 30 89
15 31 90
16 32 91
17 33 92
18 34 93
19 35 94
20 36 95
21 37 96
0 22 38
1 23 39
2 24 40
3 25 41
4 26 42
5 27 43
6 28 44
7 29 45
8 30 46
9 31 47
10 32 48
11 33 49
12 34 50
13 35 51
14 36 52
15 37 53
16 38 54
17 39 55
18 40 56
19 41 57
20 42 58
12 14 61
13 15 62
14 16 63
15 17 64
16 18 65
17 19 66
18 20 67
19 21 68
20 22 69
21 23 70
22 24 71
23 25 72
24 26 73
25 27 74
26 28 75
27 29 76
28 30 77
29 31 78
30 32 79
31 33 80
32 34 81
33 35 82
34 36 83
35 37 84
36 38 85
37 39 86
38 40 87
39 41 88
40 42 89
41 43 90
42 44 91
43 45 92
44 46 93
45 47 94
46 48 95
47 49 96
0 48 50
1 49 51
2 50 52
3 51 53
4 52 54
5 53 55
6 54 56
7 55 57
8 56 58
9 57 59
10 58 60
11 59 61
12 60 62
13 61 63
14 62 64
15 63 65
16 64 66
17 65 67
18 66 68
19 67 69
20 68 70
21 69 71
22 70 72
23 71 73
24 72 74
25 73 75
26 74 76
27 75 77
28 76 78
29 77 79
30 78 80
31 79 81
32 80 82
33 81 83
34 82 84
35 83 85
36 84 86
37 85 87
38 86 88
39 87 89
40 88 90
41 89 91
42 90 92
43 91 93
44 92 94
45 93 95
46 94 96
0 47 95
1 48 96
0 2 49
1 3 50
2 4 51
3 5 52
4 6 53
5 7 54
6 8 55
7 9 56
8 10 57
9 11 58
10 12 59
11 13 60
4 13 48
5 14 49
6 15 50
7 16 51
8 17 52
9 18 53
10 19 54
11 20 55
12 21 56
13 22 57
14 23 58
15 24 59
16 25 60
17 26 61
18 27 62
19 28 63
20 29 64
21 30 65
22 31 66
23 32 67
24 33 68
25 34 69
26 35 70
27 36 71
28 37 72
29 38 73
30 39 74
31 40 75
32 41 76
33 42 77
34 43 78
35 44 79
36 45 80
37 46 81
38 47 82
39 48 83
40 49 84
41 50 85
42 51 86
43 52 87
44 53 88
45 54 89
46 55 90
47 56 91
48 57 92
49 58 93
50 59 94
51 60 95
52 61 96
0 53 62
1 54 63
2 55 64
3 56 65
4 57 66
5 58 67
6 59 68
7 60 69
8 61 70
9 62 71
10 63 72
11 64 73
12 65 74
13 66 75
14 67 76
15 68 77
16 69 78
17 70 79
18 71 80
19 72 81
20 73 82
21 74 83
22 75 84
23 76 85
24 77 86
25 78 87
26 79 88
27 80 89
28 81 90
29 82 91
30 83 92
31 84 93
32 85 94
33 86 95
34 87 96
0 35 88
1 36 89
2 37 90
3 38 91
4 39 92
5 40 93
6 41 94
7 42 95
8 43 96
0 9 44
1 10 45
2 11 46
3 12 47
30 43 47
31 44 48
32 45 49
33 46 50
34 47 51
35 48 52
36 49 53
37 50 54
38 51 55
39 52 56
40 53 57
41 54 58
42 55 59
43 56 60
44 57 61
45 58 62
46 59 63
47 60 64
48 61 65
49 62 66
50 63 67
51 64 68
52 65 69
53 66 70
54 67 71
55 68 72
56 69 73
57 70 74
58 71 75
59 72 76
60 73 77
61 74 78
62 75 79
63 76 80
64 77 81
65 78 82
66 79 83
67 80 84
68 81 85
69 82 86
70 83 87
71 84 88
72 85 89
73 86 90
74 87 91
75 88 92
76 89 93
77 90 94
78 91 95
79 92 96
0 80 93
1 81 94
2 82 95
3 83 96
0 4 84
1 5 85
2 6 86
3 7 87
4 8 88
5 9 89
6 10 90
7 11 91
8 12 92
9 13 93
10 14 94
11 15 95
12 16 96
0 13 17
1 14 18
2 15 19
3 16 20
4 17 21
5 18 22
6 19 23
7 20 24
8 21 25
9 22 26
10 23 27
11 24 28
12 25 29
13 26 30
14 27 31
15 28 32
16 29 33
17 30 34
18 31 35
19 32 36
20 33 37
21 34 38
22 35 39
23 36 40
24 37 41
25 38 42
26 39 43
27 40 44
28 41 45
29 42 46
54 60 78
55 61 79
56 62 80
57 63 81
58 64 82
59 65 83
60 66 84
61 67 85
62 68 86
63 69 87
64 70 88
65 71 89
66 72 90
67 73 91
68 74 92
69 75 93
70 76 94
71 77 95
72 78 96
0 73 79
1 74 80
2 75 81
3 76 82
4 77 83
5 78 84
6 79 85
7 80 86
8 81 87
9 82 88
10 83 89
11 84 90
12 85 91
13 86 92
14 87 93
15 88 94
16 89 95
17 90 96
0 18 91
1 19 92
2 20 93
3 21 94
4 22 95
5 23 96
0 6 24
1 7 25
2 8 26
3 9 27
4 10 28
5 11 29
6 12 30
7 13 31
8 14 32
9 15 33
10 16 34
11 17 35
12 18 36
13 19 37
14 20 38
15 21 39
16 22 40
17 23 41
18 24 42
19 25 43
20 26 44
21 27 45
22 28 46
23 29 47
24 30 48
25 31 49
26 32 50
27 33 51
28 34 52
29 35 53
30 36 54
31 37 55
32 38 56
33 39 57
34 40 58
35 41 59
36 42 60
37 43 61
38 44 62
39 45 63
40 46 64
41 47 65
42 48 66
43 49 67
44 50 68
45 51 69
46 52 70
47 53 71
48 54 72
49 55 73
50 56 74
51 57 75
52 58 76
53 59 77
29 85 97
42 43 97
22 82 97
44 53 97
70 76 97
13 25 97
2 50 97
21 32 97
1 69 97
64 81 97
3 7 97
48 89 97
15 93 97
16 27 97
80 91 97
18 65 97
36 71 97
9 74 97
35 46 97
56 67 97
47 75 97
17 83 97
17 72 97
10 63 97
24 40 97
77 96 97
19 88 97
58 61 97
23 34 97
20 66 97
8 68 97
57 87 97
14 90 97
37 79 97
0 30 97
52 86 97
31 54 97
39 59 97
4 55 97
12 78 97
51 84 97
26 41 97
62 94 97
11 60 97
6 45 97
28 95 97
33 49 97
5 92 97
38 73 97
