16 24 79 81
17 25 80 82
18 26 81 83
19 27 82 84
20 28 83 85
21 29 84 86
22 30 85 87
23 31 86 88
24 32 87 89
25 33 88 90
26 34 89 91
27 35 90 92
28 36 91 93
29 37 92 94
30 38 93 95
31 39 94 96
0 32 40 95
1 33 41 96
0 2 34 42
1 3 35 43
2 4 36 44
3 5 37 45
4 6 38 46
5 7 39 47
6 8 40 48
7 9 41 49
8 10 42 50
9 11 43 51
10 12 44 52
11 13 45 53
12 14 46 54
13 15 47 55
14 16 48 56
15 17 49 57
16 18 50 58
17 19 51 59
18 20 52 60
19 21 53 61
20 22 54 62
21 23 55 63
22 24 56 64
23 25 57 65
24 26 58 66
25 27 59 67
26 28 60 68
27 29 61 69
28 30 62 70
29 31 63 71
30 32 64 72
31 33 65 73
32 34 66 74
33 35 67 75
34 36 68 76
35 37 69 77
36 38 70 78
37 39 71 79
38 40 72 80
39 41 73 81
40 42 74 82
41 43 75 83
42 44 76 84
43 45 77 85
44 46 78 86
45 47 79 87
46 48 80 88
47 49 81 89
48 50 82 90
49 51 83 91
50 52 84 92
51 53 85 93
52 54 86 94
53 55 87 95
54 56 88 96
0 55 57 89
1 56 58 90
2 57 59 91
3 58 60 92
4 59 61 93
5 60 62 94
6 61 63 95
7 62 64 96
0 8 63 65
1 9 64 66
2 10 65 67
3 11 66 68
4 12 67 69
5 13 68 70
6 14 69 71
7 15 70 72
8 16 71 73
9 17 72 74
10 18 73 75
11 19 74 76
12 20 75 77
13 21 76 78
14 22 77 79
15 23 78 80
3 21 33 47
4 22 34 48
5 23 35 49
6 24 36 50
7 25 37 51
8 26 38 52
9 27 39 53
10 28 40 54
11 29 41 55
12 30 42 56
13 31 43 57
14 32 44 58
15 33 45 59
16 34 46 60
17 35 47 61
18 36 48 62
19 37 49 63
20 38 50 64
21 39 51 65
22 40 52 66
23 41 53 67
24 42 54 68
25 43 55 69
26 44 56 70
27 45 57 71
28 46 58 72
29 47 59 73
30 48 60 74
31 49 61 75
32 50 62 76
33 51 63 77
34 52 64 78
35 53 65 79
36 54 66 80
37 55 67 81
38 56 68 82
39 57 69 83
40 58 70 84
41 59 71 85
42 60 72 86
43 61 73 87
44 62 74 88
45 63 75 89
46 64 76 90
47 65 77 91
48 66 78 92
49 67 79 93
50 68 80 94
51 69 81 95
52 70 82 96
0 53 71 83
1 54 72 84
2 55 73 85
3 56 74 86
4 57 75 87
5 58 76 88
6 59 77 89
7 60 78 90
8 61 79 91
9 62 80 92
10 63 81 93
11 64 82 94
12 65 83 95
13 66 84 96
0 14 67 85
1 15 68 86
2 16 69 87
3 17 70 88
4 18 71 89
5 19 72 90
6 20 73 91
7 21 74 92
8 22 75 93
9 23 76 94
10 24 77 95
11 25 78 96
0 12 26 79
1 13 27 80
2 14 28 81
3 15 29 82
4 16 30 83
5 17 31 84
6 18 32 85
7 19 33 86
8 20 34 87
9 21 35 88
10 22 36 89
11 23 37 90
12 24 38 91
13 25 39 92
14 26 40 93
15 27 41 94
16 28 42 95
17 29 43 96
0 18 30 44
1 19 31 45
2 20 32 46
9 65 84 93
10 66 85 94
11 67 86 95
12 68 87 96
0 13 69 88
1 14 70 89
2 15 71 90
3 16 72 91
4 17 73 92
5 18 74 93
6 19 75 94
7 20 76 95
8 21 77 96
0 9 22 78
1 10 23 79
2 11 24 80
3 12 25 81
4 13 26 82
5 14 27 83
6 15 28 84
7 16 29 85
8 17 30 86
9 18 31 87
10 19 32 88
11 20 33 89
12 21 34 90
13 22 35 91
14 23 36 92
15 24 37 93
16 25 38 94
17 26 39 95
18 27 40 96
0 19 28 41
1 20 29 42
2 21 30 43
3 22 31 44
4 23 32 45
5 24 33 46
6 25 34 47
7 26 35 48
8 27 36 49
9 28 37 50
10 29 38 51
11 30 39 52
12 31 40 53
13 32 41 54
14 33 42 55
15 34 43 56
16 35 44 57
17 36 45 58
18 37 46 59
19 38 47 60
20 39 48 61
21 40 49 62
22 41 50 63
23 42 51 64
24 43 52 65
25 44 53 66
26 45 54 67
27 46 55 68
28 47 56 69
29 48 57 70
30 49 58 71
31 50 59 72
32 51 60 73
33 52 61 74
34 53 62 75
35 54 63 76
36 55 64 77
37 56 65 78
38 57 66 79
39 58 67 80
40 59 68 81
41 60 69 82
42 61 70 83
43 62 71 84
44 63 72 85
45 64 73 86
46 65 74 87
47 66 75 88
48 67 76 89
49 68 77 90
50 69 78 91
51 70 79 92
52 71 80 93
53 72 81 94
54 73 82 95
55 74 83 96
0 56 75 84
1 57 76 85
2 58 77 86
3 59 78 87
4 60 79 88
5 61 80 89
6 62 81 90
7 63 82 91
8 64 83 92
28 35 38 73
29 36 39 74
30 37 40 75
31 38 41 76
32 39 42 77
33 40 43 78
34 41 44 79
35 42 45 80
36 43 46 81
37 44 47 82
38 45 48 83
39 46 49 84
40 47 50 85
41 48 51 86
42 49 52 87
43 50 53 88
44 51 54 89
45 52 55 90
46 53 56 91
47 54 57 92
48 55 58 93
49 56 59 94
50 57 60 95
51 58 61 96
0 52 59 62
1 53 60 63
2 54 61 64
3 55 62 65
4 56 63 66
5 57 64 67
6 58 65 68
7 59 66 69
8 60 67 70
9 61 68 71
10 62 69 72
11 63 70 73
12 64 71 74
13 65 72 75
14 66 73 76
15 67 74 77
16 68 75 78
17 69 76 79
18 70 77 80
19 71 78 81
20 72 79 82
21 73 80 83
22 74 81 84
23 75 82 85
24 76 83 86
25 77 84 87
26 78 85 88
27 79 86 89
28 80 87 90
29 81 88 91
30 82 89 92
31 83 90 93
32 84 91 94
33 85 92 95
34 86 93 96
0 35 87 94
1 36 88 95
2 37 89 96
0 3 38 90
1 4 39 91
2 5 40 92
3 6 41 93
4 7 42 94
5 8 43 95
6 9 44 96
0 7 10 45
1 8 11 46
2 9 12 47
3 10 13 48
4 11 14 49
5 12 15 50
6 13 16 51
7 14 17 52
8 15 18 53
9 16 19 54
10 17 20 55
11 18 21 56
12 19 22 57
13 20 23 58
14 21 24 59
15 22 25 60
16 23 26 61
17 24 27 62
18 25 28 63
19 26 29 64
20 27 30 65
21 28 31 66
22 29 32 67
23 30 33 68
24 31 34 69
25 32 35 70
26 33 36 71
27 34 37 72
19 42 43 89
20 43 44 90
21 44 45 91
22 45 46 92
23 46 47 93
24 47 48 94
25 48 49 95
26 49 50 96
0 27 50 51
1 28 51 52
2 29 52 53
3 30 53 54
4 31 54 55
5 32 55 56
6 33 56 57
7 34 57 58
8 35 58 59
9 36 59 60
10 37 60 61
11 38 61 62
12 39 62 63
13 40 63 64
14 41 64 65
15 42 65 66
16 43 66 67
17 44 67 68
18 45 68 69
19 46 69 70
20 47 70 71
21 48 71 72
22 49 72 73
23 50 73 74
24 51 74 75
25 52 75 76
26 53 76 77
27 54 77 78
28 55 78 79
29 56 79 80
30 57 80 81
31 58 81 82
32 59 82 83
33 60 83 84
34 61 84 85
35 62 85 86
36 63 86 87
37 64 87 88
38 65 88 89
39 66 89 90
40 67 90 91
41 68 91 92
42 69 92 93
43 70 93 94
44 71 94 95
45 72 95 96
0 46 73 96
0 1 47 74
1 2 48 75
2 3 49 76
3 4 50 77
4 5 51 78
5 6 52 79
6 7 53 80
7 8 54 81
8 9 55 82
9 10 56 83
10 11 57 84
11 12 58 85
12 13 59 86
13 14 60 87
14 15 61 88
15 16 62 89
16 17 63 90
17 18 64 91
18 19 65 92
19 20 66 93
20 21 67 94
21 22 68 95
22 23 69 96
0 23 24 70
1 24 25 71
2 25 26 72
3 26 27 73
4 27 28 74
5 28 29 75
6 29 30 76
7 30 31 77
8 31 32 78
9 32 33 79
10 33 34 80
11 34 35 81
12 35 36 82
13 36 37 83
14 37 38 84
15 38 39 85
16 39 40 86
17 40 41 87
18 41 42 88
16 41 80 84
17 42 81 85
18 43 82 86
19 44 83 87
20 45 84 88
21 46 85 89
22 47 86 90
23 48 87 91
24 49 88 92
25 50 89 93
26 51 90 94
27 52 91 95
28 53 92 96
0 29 54 93
1 30 55 94
2 31 56 95
3 32 57 96
0 4 33 58
1 5 34 59
2 6 35 60
3 7 36 61
4 8 37 62
5 9 38 63
6 10 39 64
7 11 40 65
8 12 41 66
9 13 42 67
10 14 43 68
11 15 44 69
12 16 45 70
13 17 46 71
14 18 47 72
15 19 48 73
16 20 49 74
17 21 50 75
18 22 51 76
19 23 52 77
20 24 53 78
21 25 54 79
22 26 55 80
23 27 56 81
24 28 57 82
25 29 58 83
26 30 59 84
27 31 60 85
28 32 61 86
29 33 62 87
30 34 63 88
31 35 64 89
32 36 65 90
33 37 66 91
34 38 67 92
35 39 68 93
36 40 69 94
37 41 70 95
38 42 71 96
0 39 43 72
1 40 44 73
2 41 45 74
3 42 46 75
4 43 47 76
5 44 48 77
6 45 49 78
7 46 50 79
8 47 51 80
9 48 52 81
10 49 53 82
11 50 54 83
12 51 55 84
13 52 56 85
14 53 57 86
15 54 58 87
16 55 59 88
17 56 60 89
18 57 61 90
19 58 62 91
20 59 63 92
21 60 64 93
22 61 65 94
23 62 66 95
24 63 67 96
0 25 64 68
1 26 65 69
2 27 66 70
3 28 67 71
4 29 68 72
5 30 69 73
6 31 70 74
7 32 71 75
8 33 72 76
9 34 73 77
10 35 74 78
11 36 75 79
12 37 76 80
13 38 77 81
14 39 78 82
15 40 79 83
8 69 84 89
9 70 85 90
10 71 86 91
11 72 87 92
12 73 88 93
13 74 89 94
14 75 90 95
15 76 91 96
0 16 77 92
1 17 78 93
2 18 79 94
3 19 80 95
4 20 81 96
0 5 21 82
1 6 22 83
2 7 23 84
3 8 24 85
4 9 25 86
5 10 26 87
6 11 27 88
7 12 28 89
8 13 29 90
9 14 30 91
10 15 31 92
11 16 32 93
12 17 33 94
13 18 34 95
14 19 35 96
0 15 20 36
1 16 21 37
2 17 22 38
3 18 23 39
4 19 24 40
5 20 25 41
6 21 26 42
7 22 27 43
8 23 28 44
9 24 29 45
10 25 30 46
11 26 31 47
12 27 32 48
13 28 33 49
14 29 34 50
15 30 35 51
16 31 36 52
17 32 37 53
18 33 38 54
19 34 39 55
20 35 40 56
21 36 41 57
22 37 42 58
23 38 43 59
24 39 44 60
25 40 45 61
26 41 46 62
27 42 47 63
28 43 48 64
29 44 49 65
30 45 50 66
31 46 51 67
32 47 52 68
33 48 53 69
34 49 54 70
35 50 55 71
36 51 56 72
37 52 57 73
38 53 58 74
39 54 59 75
40 55 60 76
41 56 61 77
42 57 62 78
43 58 63 79
44 59 64 80
45 60 65 81
46 61 66 82
47 62 67 83
48 63 68 84
49 64 69 85
50 65 70 86
51 66 71 87
52 67 72 88
53 68 73 89
54 69 74 90
55 70 75 91
56 71 76 92
57 72 77 93
58 73 78 94
59 74 79 95
60 75 80 96
0 61 76 81
1 62 77 82
2 63 78 83
3 64 79 84
4 65 80 85
5 66 81 86
6 67 82 87
7 68 83 88
23 72 83 89
24 73 84 90
25 74 85 91
26 75 86 92
27 76 87 93
28 77 88 94
29 78 89 95
30 79 90 96
0 31 80 91
1 32 81 92
2 33 82 93
3 34 83 94
4 35 84 95
5 36 85 96
0 6 37 86
1 7 38 87
2 8 39 88
3 9 40 89
4 10 41 90
5 11 42 91
6 12 43 92
7 13 44 93
8 14 45 94
9 15 46 95
10 16 47 96
0 11 17 48
1 12 18 49
2 13 19 50
3 14 20 51
4 15 21 52
5 16 22 53
6 17 23 54
7 18 24 55
8 19 25 56
9 20 26 57
10 21 27 58
11 22 28 59
12 23 29 60
13 24 30 61
14 25 31 62
15 26 32 63
16 27 33 64
17 28 34 65
18 29 35 66
19 30 36 67
20 31 37 68
21 32 38 69
22 33 39 70
23 34 40 71
24 35 41 72
25 36 42 73
26 37 43 74
27 38 44 75
28 39 45 76
29 40 46 77
30 41 47 78
31 42 48 79
32 43 49 80
33 44 50 81
34 45 51 82
35 46 52 83
36 47 53 84
37 48 54 85
38 49 55 86
39 50 56 87
40 51 57 88
41 52 58 89
42 53 59 90
43 54 60 91
44 55 61 92
45 56 62 93
46 57 63 94
47 58 64 95
48 59 65 96
0 49 60 66
1 50 61 67
2 51 62 68
3 52 63 69
4 53 64 70
5 54 65 71
6 55 66 72
7 56 67 73
8 57 68 74
9 58 69 75
10 59 70 76
11 60 71 77
12 61 72 78
13 62 73 79
14 63 74 80
15 64 75 81
16 65 76 82
17 66 77 83
18 67 78 84
19 68 79 85
20 69 80 86
21 70 81 87
22 71 82 88
16 18 72 97
22 33 43 97
4 85 94 97
7 61 96 97
54 88 91 97
31 49 92 97
6 27 42 97
2 29 45 97
1 26 63 97
5 57 59 97
10 24 41 97
60 68 75 97
38 83 84 97
23 40 94 97
8 39 79 97
15 34 55 97
9 13 70 97
52 53 71 97
14 25 32 97
46 76 77 97
74 86 87 97
20 58 95 97
56 64 78 97
47 48 93 97
12 66 73 97
0 35 37 97
19 28 69 97
50 62 90 97
80 81 82 97
3 30 89 97
11 17 51 97
36 42 67 97
21 44 65 97
