0 11 16 24 29 30 39 50 54 65
1 2 4 11 26 39 40 69 84 94
3 8 19 37 44 49 51 66 79 82
4 5 13 18 22 45 52 59 68 78
6 9 20 21 25 30 41 45 72 84
7 10 17 28 41 47 51 70 88 97
8 13 14 15 34 42 53 69 75 97
26 38 42 44 54 64 71 78 85 91
23 33 41 66 68 69 71 73 77 90
0 3 6 27 28 43 56 61 68 92
14 31 35 43 52 73 74 82 88 89
9 32 42 44 52 55 70 81 92 94
20 36 57 60 63 75 78 83 86 96
14 16 33 37 46 48 87 91 94 96
2 18 27 35 50 51 63 69 81 91
13 37 39 45 47 64 67 77 80 86
3 7 16 22 28 63 72 74 93 95
8 21 23 28 32 48 58 60 85 95
5 31 46 53 54 60 80 84 92 93
0 2 12 37 50 53 62 89 90 95
6 10 19 22 34 35 39 81 90 96
5 15 19 28 29 38 40 67 73 76
1 12 15 17 24 27 33 36 74 85
3 16 17 35 55 57 58 67 69 78
10 26 36 42 58 59 61 65 73 87
4 9 10 14 24 38 56 72 79 80
11 20 35 49 64 68 76 87 93 97
9 29 31 33 34 51 59 64 83 95
2 19 34 41 50 52 56 85 86 93
2 14 17 18 29 49 60 61 72 77
14 21 27 40 54 57 59 70 79 90
23 36 39 40 44 72 75 76 89 93
16 25 26 32 34 36 46 47 68 82
1 10 22 30 48 49 53 55 71 76
2 10 32 45 54 66 67 74 83 97
4 6 15 55 65 77 88 91 93 95
7 24 31 32 49 50 67 75 90 91
11 13 23 41 46 55 61 63 79 89
0 15 18 22 31 47 48 57 66 84
3 7 15 23 25 29 52 80 81 87
4 8 20 22 40 43 46 50 54 77
13 17 30 40 62 66 82 85 92 96
18 20 23 34 37 65 70 71 74 92
4 21 33 35 44 47 53 61 83 93
8 22 24 25 61 76 78 86 88 94
3 30 31 36 38 41 45 77 94 95
4 19 27 30 46 58 64 70 73 75
7 8 14 26 27 39 55 62 73 83
6 32 33 40 49 63 65 78 80 89
0 19 58 59 71 72 80 82 94 97
2 12 25 28 31 39 42 71 79 96
6 11 38 53 58 59 66 74 81 86
8 29 35 36 56 67 70 71 84 89
21 31 46 56 62 65 77 78 81 97
2 5 27 34 43 49 57 62 88 94
13 19 24 26 43 60 66 70 87 95
45 48 50 64 69 72 79 87 88 92
0 9 26 41 44 57 74 76 77 96
11 42 43 48 51 73 78 80 90 93
5 12 21 22 51 55 75 82 86 87
1 16 28 37 59 62 75 77 84 93
1 19 24 42 51 57 68 83 89 92
0 17 20 22 32 34 52 53 73 79
3 9 18 47 63 73 85 86 90 97
6 17 21 26 29 31 37 63 68 76
9 13 48 54 61 62 68 75 81 88
12 25 41 44 47 48 59 60 65 69
11 28 33 45 56 57 60 81 82 93
15 23 24 45 47 51 54 58 89 96
5 14 20 26 28 30 69 81 86 89
3 5 10 11 25 48 70 77 83 85
12 16 19 23 32 38 61 64 84 97
13 28 35 54 65 66 72 83 90 94
4 12 20 29 39 48 49 63 66 70
9 10 15 16 18 21 60 64 89 94
7 14 53 57 65 68 78 84 85 96
6 18 24 35 40 41 42 48 75 82
2 8 33 38 47 52 57 65 72 75
0 7 21 35 38 42 46 49 86 92
18 30 39 44 56 58 83 87 88 90
1 5 6 35 47 50 60 79 95 97
3 39 46 51 60 62 68 72 74 78
9 10 20 23 27 67 78 82 86 95
0 3 13 14 29 32 51 71 88 93
14 22 29 41 44 47 58 62 78 92
2 16 20 22 38 70 76 80 85 88
24 28 34 44 50 55 68 74 80 86
2 15 23 30 32 35 37 56 59 63
4 21 25 36 37 43 49 54 69 76
3 11 12 34 40 47 56 58 76 91
4 8 13 17 25 57 64 74 90 92
6 9 13 37 50 55 57 71 73 97
11 18 21 32 43 53 67 72 88 96
7 18 19 20 25 33 51 54 55 69
0 10 33 39 43 63 75 85 92 97
22 26 30 33 58 67 68 79 93 97
17 29 44 45 46 57 71 75 80 95
0 2 6 7 13 20 36 44 48 64
9 12 25 27 35 61 66 75 80 93
30 36 48 51 52 57 61 74 91 97
15 38 39 50 61 68 69 70 82 95
5 8 9 39 41 49 59 80 91 96
4 5 16 23 31 40 71 86 87 90
1 25 34 54 58 63 72 73 77 82
3 17 23 26 33 42 50 59 84 88
10 13 15 18 29 43 74 79 84 86
7 24 37 40 52 61 63 64 71 96
1 3 27 29 53 70 87 89 96 97
7 26 51 53 56 75 77 79 92 94
9 11 19 22 31 36 37 53 65 88
6 8 10 11 27 31 44 46 52 69
4 7 30 34 42 60 66 76 78 89
12 13 31 33 62 70 72 76 86 91
28 36 44 49 66 73 81 84 94 95
0 1 4 34 38 45 55 60 61 90
15 20 24 46 59 76 79 82 83 90
29 37 42 47 69 74 85 87 93 94
14 19 20 35 42 45 62 63 85 95
2 7 9 17 38 43 58 68 89 91
4 5 27 32 37 41 42 72 81 83
12 14 16 36 50 78 79 81 83 85
1 18 26 28 36 52 54 62 69 80
3 19 20 47 49 54 74 75 91 94
11 14 17 25 40 55 56 95 96 97
1 18 23 29 45 46 55 66 88 91
11 15 32 39 41 57 62 71 87 92
0 5 8 17 24 65 70 81 87 93
12 24 26 35 39 45 52 53 77 90
0 6 14 22 23 25 42 67 91 94
13 16 23 40 41 49 51 52 53 58
15 26 48 49 55 56 59 72 85 89
8 12 18 30 54 59 76 81 92 95
2 3 4 21 24 44 69 73 96 97
8 10 12 40 60 63 68 81 88 94
13 27 38 45 48 51 65 73 76 84
1 2 9 15 19 28 37 46 78 87
17 19 21 39 52 80 83 84 91 95
7 12 22 29 32 56 64 65 69 82
10 18 25 37 38 50 58 84 93 96
27 30 31 43 47 55 64 71 80 85
4 6 12 46 51 61 67 70 73 85
1 5 13 20 21 31 56 58 61 74
21 22 27 47 60 71 81 83 89 91
1 5 14 21 32 50 52 64 66 76
1 7 8 16 43 44 45 49 59 67
17 19 25 32 48 50 77 86 89 94
1 3 41 43 54 64 65 67 81 86
2 5 29 36 55 67 82 84 90 92
6 10 12 23 38 43 57 62 83 87
21 24 34 48 53 62 63 67 84 87
0 9 40 45 49 69 70 74 78 83
5 7 11 15 16 33 38 44 63 75
6 16 17 27 42 54 56 66 77 87
10 16 37 52 56 60 67 73 91 92
4 25 28 53 62 64 65 79 82 91
