12 15 20 29 36 56 84 88
14 17 22 31 38 58 86 90
16 19 24 33 40 60 88 92
18 21 26 35 42 62 90 94
20 23 28 37 44 64 92 96
0 22 25 30 39 46 66 94
2 24 27 32 41 48 68 96
0 4 26 29 34 43 50 70
2 6 28 31 36 45 52 72
4 8 30 33 38 47 54 74
6 10 32 35 40 49 56 76
8 12 34 37 42 51 58 78
10 14 36 39 44 53 60 80
12 16 38 41 46 55 62 82
14 18 40 43 48 57 64 84
16 20 42 45 50 59 66 86
18 22 44 47 52 61 68 88
20 24 46 49 54 63 70 90
22 26 48 51 56 65 72 92
24 28 50 53 58 67 74 94
26 30 52 55 60 69 76 96
0 28 32 54 57 62 71 78
2 30 34 56 59 64 73 80
4 32 36 58 61 66 75 82
6 34 38 60 63 68 77 84
8 36 40 62 65 70 79 86
10 38 42 64 67 72 81 88
12 40 44 66 69 74 83 90
14 42 46 68 71 76 85 92
16 44 48 70 73 78 87 94
18 46 50 72 75 80 89 96
0 20 48 52 74 77 82 91
2 22 50 54 76 79 84 93
4 24 52 56 78 81 86 95
6 26 54 58 80 83 88 97
1 8 28 56 60 82 85 90
3 10 30 58 62 84 87 92
5 12 32 60 64 86 89 94
7 14 34 62 66 88 91 96
0 9 16 36 64 68 90 93
2 11 18 38 66 70 92 95
4 13 20 40 68 72 94 97
1 6 15 22 42 70 74 96
0 3 8 17 24 44 72 76
2 5 10 19 26 46 74 78
4 7 12 21 28 48 76 80
6 9 14 23 30 50 78 82
8 11 16 25 32 52 80 84
10 13 18 27 34 54 82 86
2 3 4 37 53 77 90 96
0 4 5 6 39 55 79 92
2 6 7 8 41 57 81 94
4 8 9 10 43 59 83 96
0 6 10 11 12 45 61 85
2 8 12 13 14 47 63 87
4 10 14 15 16 49 65 89
6 12 16 17 18 51 67 91
8 14 18 19 20 53 69 93
10 16 20 21 22 55 71 95
12 18 22 23 24 57 73 97
1 14 20 24 25 26 59 75
3 16 22 26 27 28 61 77
5 18 24 28 29 30 63 79
7 20 26 30 31 32 65 81
9 22 28 32 33 34 67 83
11 24 30 34 35 36 69 85
13 26 32 36 37 38 71 87
15 28 34 38 39 40 73 89
17 30 36 40 41 42 75 91
19 32 38 42 43 44 77 93
21 34 40 44 45 46 79 95
23 36 42 46 47 48 81 97
1 25 38 44 48 49 50 83
3 27 40 46 50 51 52 85
5 29 42 48 52 53 54 87
7 31 44 50 54 55 56 89
9 33 46 52 56 57 58 91
11 35 48 54 58 59 60 93
13 37 50 56 60 61 62 95
15 39 52 58 62 63 64 97
1 17 41 54 60 64 65 66
3 19 43 56 62 66 67 68
5 21 45 58 64 68 69 70
7 23 47 60 66 70 71 72
9 25 49 62 68 72 73 74
11 27 51 64 70 74 75 76
13 29 53 66 72 76 77 78
15 31 55 68 74 78 79 80
17 33 57 70 76 80 81 82
19 35 59 72 78 82 83 84
21 37 61 74 80 84 85 86
23 39 63 76 82 86 87 88
25 41 65 78 84 88 89 90
27 43 67 80 86 90 91 92
29 45 69 82 88 92 93 94
31 47 71 84 90 94 95 96
0 33 49 73 86 92 96 97
0 1 2 35 51 75 88 94
3 21 30 37 49 57 59 88
5 23 32 39 51 59 61 90
7 25 34 41 53 61 63 92
9 27 36 43 55 63 65 94
11 29 38 45 57 65 67 96
0 13 31 40 47 59 67 69
2 15 33 42 49 61 69 71
4 17 35 44 51 63 71 73
6 19 37 46 53 65 73 75
8 21 39 48 55 67 75 77
10 23 41 50 57 69 77 79
12 25 43 52 59 71 79 81
14 27 45 54 61 73 81 83
16 29 47 56 63 75 83 85
18 31 49 58 65 77 85 87
20 33 51 60 67 79 87 89
22 35 53 62 69 81 89 91
24 37 55 64 71 83 91 93
26 39 57 66 73 85 93 95
28 41 59 68 75 87 95 97
1 30 43 61 70 77 89 97
1 3 32 45 63 72 79 91
3 5 34 47 65 74 81 93
5 7 36 49 67 76 83 95
7 9 38 51 69 78 85 97
1 9 11 40 53 71 80 87
3 11 13 42 55 73 82 89
5 13 15 44 57 75 84 91
7 15 17 46 59 77 86 93
9 17 19 48 61 79 88 95
11 19 21 50 63 81 90 97
1 13 21 23 52 65 83 92
3 15 23 25 54 67 85 94
5 17 25 27 56 69 87 96
0 7 19 27 29 58 71 89
2 9 21 29 31 60 73 91
4 11 23 31 33 62 75 93
6 13 25 33 35 64 77 95
8 15 27 35 37 66 79 97
1 10 17 29 37 39 68 81
3 12 19 31 39 41 70 83
5 14 21 33 41 43 72 85
7 16 23 35 43 45 74 87
9 18 25 37 45 47 76 89
11 20 27 39 47 49 78 91
13 22 29 41 49 51 80 93
15 24 31 43 51 53 82 95
17 26 33 45 53 55 84 97
1 19 28 35 47 55 57 86
1 5 16 31 34 62 76 97
1 3 7 18 33 36 64 78
3 5 9 20 35 38 66 80
5 7 11 22 37 40 68 82
7 9 13 24 39 42 70 84
9 11 15 26 41 44 72 86
11 13 17 28 43 46 74 88
13 15 19 30 45 48 76 90
15 17 21 32 47 50 78 92
17 19 23 34 49 52 80 94
19 21 25 36 51 54 82 96
0 21 23 27 38 53 56 84
2 23 25 29 40 55 58 86
4 25 27 31 42 57 60 88
6 27 29 33 44 59 62 90
8 29 31 35 46 61 64 92
10 31 33 37 48 63 66 94
12 33 35 39 50 65 68 96
0 14 35 37 41 52 67 70
2 16 37 39 43 54 69 72
4 18 39 41 45 56 71 74
6 20 41 43 47 58 73 76
8 22 43 45 49 60 75 78
10 24 45 47 51 62 77 80
12 26 47 49 53 64 79 82
14 28 49 51 55 66 81 84
16 30 51 53 57 68 83 86
18 32 53 55 59 70 85 88
20 34 55 57 61 72 87 90
22 36 57 59 63 74 89 92
24 38 59 61 65 76 91 94
26 40 61 63 67 78 93 96
0 28 42 63 65 69 80 95
2 30 44 65 67 71 82 97
1 4 32 46 67 69 73 84
3 6 34 48 69 71 75 86
5 8 36 50 71 73 77 88
7 10 38 52 73 75 79 90
9 12 40 54 75 77 81 92
11 14 42 56 77 79 83 94
13 16 44 58 79 81 85 96
0 15 18 46 60 81 83 87
2 17 20 48 62 83 85 89
4 19 22 50 64 85 87 91
6 21 24 52 66 87 89 93
8 23 26 54 68 89 91 95
10 25 28 56 70 91 93 97
1 12 27 30 58 72 93 95
3 14 29 32 60 74 95 97
