7 29 44 60 79 84
9 31 46 62 81 86
11 33 48 64 83 88
13 35 50 66 85 90
15 37 52 68 87 92
17 39 54 70 89 94
19 41 56 72 91 96
0 21 43 58 74 93
2 23 45 60 76 95
4 25 47 62 78 97
1 6 27 49 64 80
3 8 29 51 66 82
5 10 31 53 68 84
7 12 33 55 70 86
9 14 35 57 72 88
11 16 37 59 74 90
13 18 39 61 76 92
15 20 41 63 78 94
17 22 43 65 80 96
0 19 24 45 67 82
2 21 26 47 69 84
4 23 28 49 71 86
6 25 30 51 73 88
8 27 32 53 75 90
10 29 34 55 77 92
12 31 36 57 79 94
14 33 38 59 81 96
0 16 35 40 61 83
2 18 37 42 63 85
4 20 39 44 65 87
6 22 41 46 67 89
8 24 43 48 69 91
10 26 45 50 71 93
12 28 47 52 73 95
14 30 49 54 75 97
1 16 32 51 56 77
3 18 34 53 58 79
5 20 36 55 60 81
7 22 38 57 62 83
9 24 40 59 64 85
11 26 42 61 66 87
13 28 44 63 68 89
15 30 46 65 70 91
17 32 48 67 72 93
19 34 50 69 74 95
21 36 52 71 76 97
1 23 38 54 73 78
3 25 40 56 75 80
5 27 42 58 77 82
18 32 66 69 81 88
20 34 68 71 83 90
22 36 70 73 85 92
24 38 72 75 87 94
26 40 74 77 89 96
0 28 42 76 79 91
2 30 44 78 81 93
4 32 46 80 83 95
6 34 48 82 85 97
1 8 36 50 84 87
3 10 38 52 86 89
5 12 40 54 88 91
7 14 42 56 90 93
9 16 44 58 92 95
11 18 46 60 94 97
1 13 20 48 62 96
0 3 15 22 50 64
2 5 17 24 52 66
4 7 19 26 54 68
6 9 21 28 56 70
8 11 23 30 58 72
10 13 25 32 60 74
12 15 27 34 62 76
14 17 29 36 64 78
16 19 31 38 66 80
18 21 33 40 68 82
20 23 35 42 70 84
22 25 37 44 72 86
24 27 39 46 74 88
26 29 41 48 76 90
28 31 43 50 78 92
30 33 45 52 80 94
32 35 47 54 82 96
0 34 37 49 56 84
2 36 39 51 58 86
4 38 41 53 60 88
6 40 43 55 62 90
8 42 45 57 64 92
10 44 47 59 66 94
12 46 49 61 68 96
0 14 48 51 63 70
2 16 50 53 65 72
4 18 52 55 67 74
6 20 54 57 69 76
8 22 56 59 71 78
10 24 58 61 73 80
12 26 60 63 75 82
14 28 62 65 77 84
16 30 64 67 79 86
8 21 31 60 73 96
0 10 23 33 62 75
2 12 25 35 64 77
4 14 27 37 66 79
6 16 29 39 68 81
8 18 31 41 70 83
10 20 33 43 72 85
12 22 35 45 74 87
14 24 37 47 76 89
16 26 39 49 78 91
18 28 41 51 80 93
20 30 43 53 82 95
22 32 45 55 84 97
1 24 34 47 57 86
3 26 36 49 59 88
5 28 38 51 61 90
7 30 40 53 63 92
9 32 42 55 65 94
11 34 44 57 67 96
0 13 36 46 59 69
2 15 38 48 61 71
4 17 40 50 63 73
6 19 42 52 65 75
8 21 44 54 67 77
10 23 46 56 69 79
12 25 48 58 71 81
14 27 50 60 73 83
16 29 52 62 75 85
18 31 54 64 77 87
20 33 56 66 79 89
22 35 58 68 81 91
24 37 60 70 83 93
26 39 62 72 85 95
28 41 64 74 87 97
1 30 43 66 76 89
3 32 45 68 78 91
5 34 47 70 80 93
7 36 49 72 82 95
9 38 51 74 84 97
1 11 40 53 76 86
3 13 42 55 78 88
5 15 44 57 80 90
7 17 46 59 82 92
9 19 48 61 84 94
11 21 50 63 86 96
0 13 23 52 65 88
2 15 25 54 67 90
4 17 27 56 69 92
6 19 29 58 71 94
34 46 51 53 78 87
36 48 53 55 80 89
38 50 55 57 82 91
40 52 57 59 84 93
42 54 59 61 86 95
44 56 61 63 88 97
1 46 58 63 65 90
3 48 60 65 67 92
5 50 62 67 69 94
7 52 64 69 71 96
0 9 54 66 71 73
2 11 56 68 73 75
4 13 58 70 75 77
6 15 60 72 77 79
8 17 62 74 79 81
10 19 64 76 81 83
12 21 66 78 83 85
14 23 68 80 85 87
16 25 70 82 87 89
18 27 72 84 89 91
20 29 74 86 91 93
22 31 76 88 93 95
24 33 78 90 95 97
1 26 35 80 92 97
1 3 28 37 82 94
3 5 30 39 84 96
0 5 7 32 41 86
2 7 9 34 43 88
4 9 11 36 45 90
6 11 13 38 47 92
8 13 15 40 49 94
10 15 17 42 51 96
0 12 17 19 44 53
2 14 19 21 46 55
4 16 21 23 48 57
6 18 23 25 50 59
8 20 25 27 52 61
10 22 27 29 54 63
12 24 29 31 56 65
14 26 31 33 58 67
16 28 33 35 60 69
18 30 35 37 62 71
20 32 37 39 64 73
22 34 39 41 66 75
24 36 41 43 68 77
26 38 43 45 70 79
28 40 45 47 72 81
30 42 47 49 74 83
32 44 49 51 76 85
23 25 29 35 43 46
25 27 31 37 45 48
27 29 33 39 47 50
29 31 35 41 49 52
31 33 37 43 51 54
33 35 39 45 53 56
35 37 41 47 55 58
37 39 43 49 57 60
39 41 45 51 59 62
41 43 47 53 61 64
43 45 49 55 63 66
45 47 51 57 65 68
47 49 53 59 67 70
49 51 55 61 69 72
51 53 57 63 71 74
53 55 59 65 73 76
55 57 61 67 75 78
57 59 63 69 77 80
59 61 65 71 79 82
61 63 67 73 81 84
63 65 69 75 83 86
65 67 71 77 85 88
67 69 73 79 87 90
69 71 75 81 89 92
71 73 77 83 91 94
73 75 79 85 93 96
0 75 77 81 87 95
2 77 79 83 89 97
1 4 79 81 85 91
3 6 81 83 87 93
5 8 83 85 89 95
7 10 85 87 91 97
1 9 12 87 89 93
3 11 14 89 91 95
5 13 16 91 93 97
1 7 15 18 93 95
3 9 17 20 95 97
1 5 11 19 22 97
1 3 7 13 21 24
3 5 9 15 23 26
5 7 11 17 25 28
7 9 13 19 27 30
9 11 15 21 29 32
11 13 17 23 31 34
13 15 19 25 33 36
15 17 21 27 35 38
17 19 23 29 37 40
19 21 25 31 39 42
21 23 27 33 41 44
17 22 33 60 61 91
19 24 35 62 63 93
21 26 37 64 65 95
23 28 39 66 67 97
1 25 30 41 68 69
3 27 32 43 70 71
5 29 34 45 72 73
7 31 36 47 74 75
9 33 38 49 76 77
11 35 40 51 78 79
13 37 42 53 80 81
15 39 44 55 82 83
17 41 46 57 84 85
19 43 48 59 86 87
21 45 50 61 88 89
23 47 52 63 90 91
25 49 54 65 92 93
27 51 56 67 94 95
29 53 58 69 96 97
0 1 31 55 60 71
2 3 33 57 62 73
4 5 35 59 64 75
6 7 37 61 66 77
8 9 39 63 68 79
10 11 41 65 70 81
12 13 43 67 72 83
14 15 45 69 74 85
16 17 47 71 76 87
18 19 49 73 78 89
20 21 51 75 80 91
22 23 53 77 82 93
24 25 55 79 84 95
26 27 57 81 86 97
1 28 29 59 83 88
3 30 31 61 85 90
5 32 33 63 87 92
7 34 35 65 89 94
9 36 37 67 91 96
0 11 38 39 69 93
2 13 40 41 71 95
4 15 42 43 73 97
1 6 17 44 45 75
3 8 19 46 47 77
5 10 21 48 49 79
7 12 23 50 51 81
9 14 25 52 53 83
11 16 27 54 55 85
13 18 29 56 57 87
15 20 31 58 59 89
32 38 40 56 58 85
34 40 42 58 60 87
36 42 44 60 62 89
38 44 46 62 64 91
40 46 48 64 66 93
42 48 50 66 68 95
44 50 52 68 70 97
1 46 52 54 70 72
3 48 54 56 72 74
5 50 56 58 74 76
7 52 58 60 76 78
9 54 60 62 78 80
11 56 62 64 80 82
13 58 64 66 82 84
15 60 66 68 84 86
17 62 68 70 86 88
19 64 70 72 88 90
21 66 72 74 90 92
23 68 74 76 92 94
25 70 76 78 94 96
0 27 72 78 80 96
0 2 29 74 80 82
2 4 31 76 82 84
4 6 33 78 84 86
6 8 35 80 86 88
8 10 37 82 88 90
10 12 39 84 90 92
12 14 41 86 92 94
14 16 43 88 94 96
0 16 18 45 90 96
0 2 18 20 47 92
2 4 20 22 49 94
4 6 22 24 51 96
0 6 8 24 26 53
2 8 10 26 28 55
4 10 12 28 30 57
6 12 14 30 32 59
8 14 16 32 34 61
10 16 18 34 36 63
12 18 20 36 38 65
14 20 22 38 40 67
16 22 24 40 42 69
18 24 26 42 44 71
20 26 28 44 46 73
22 28 30 46 48 75
24 30 32 48 50 77
26 32 34 50 52 79
28 34 36 52 54 81
30 36 38 54 56 83
2 6 31 32 63 91
4 8 33 34 65 93
6 10 35 36 67 95
8 12 37 38 69 97
1 10 14 39 40 71
3 12 16 41 42 73
5 14 18 43 44 75
7 16 20 45 46 77
9 18 22 47 48 79
11 20 24 49 50 81
13 22 26 51 52 83
15 24 28 53 54 85
17 26 30 55 56 87
19 28 32 57 58 89
21 30 34 59 60 91
23 32 36 61 62 93
25 34 38 63 64 95
27 36 40 65 66 97
1 29 38 42 67 68
3 31 40 44 69 70
5 33 42 46 71 72
7 35 44 48 73 74
9 37 46 50 75 76
11 39 48 52 77 78
13 41 50 54 79 80
15 43 52 56 81 82
17 45 54 58 83 84
19 47 56 60 85 86
21 49 58 62 87 88
23 51 60 64 89 90
25 53 62 66 91 92
27 55 64 68 93 94
29 57 66 70 95 96
0 31 59 68 72 97
1 2 33 61 70 74
3 4 35 63 72 76
5 6 37 65 74 78
7 8 39 67 76 80
9 10 41 69 78 82
11 12 43 71 80 84
13 14 45 73 82 86
15 16 47 75 84 88
17 18 49 77 86 90
19 20 51 79 88 92
21 22 53 81 90 94
23 24 55 83 92 96
0 25 26 57 85 94
2 27 28 59 87 96
0 4 29 30 61 89
