0 2 4 5 43 48 58
1 2 3 8 10 18 56
1 6 13 40 45 93 96
7 24 30 40 60 66 97
9 12 26 30 39 47 89
8 11 24 28 80 89 93
0 14 19 29 47 80 82
1 15 17 27 50 71 86
7 16 19 34 42 91 96
21 32 43 52 63 96 97
17 20 25 36 62 83 92
4 35 54 67 71 83 91
11 23 33 44 49 53 91
22 26 37 51 54 55 62
9 25 38 59 60 69 74
17 19 39 41 56 60 95
22 28 46 52 57 65 77
13 26 35 58 61 77 90
27 32 57 64 73 93 95
33 47 64 66 70 81 93
6 55 68 71 75 78 88
8 31 49 50 76 79 84
3 19 38 53 59 84 97
5 12 30 63 67 68 93
1 29 43 49 60 70 85
8 29 36 48 64 86 91
10 12 17 45 52 82 91
14 31 51 53 66 89 94
13 18 34 39 46 69 80
9 21 45 62 72 76 81
15 37 39 56 66 73 90
1 26 38 41 57 79 88
3 14 42 67 74 77 87
7 44 56 68 80 81 85
0 32 44 59 62 67 71
5 20 23 38 76 86 96
4 41 44 72 75 77 92
25 30 54 57 61 81 96
2 9 17 42 49 61 97
14 34 41 48 69 85 93
10 36 37 53 70 72 96
2 11 35 39 59 65 68
0 16 18 20 24 52 68
8 21 26 46 68 73 74
10 24 27 55 77 79 94
13 17 28 63 73 75 84
27 33 37 38 40 52 78
18 30 31 59 86 87 95
28 41 51 64 82 87 97
0 9 33 56 78 83 86
10 47 51 58 62 68 95
3 21 55 65 69 81 90
7 30 37 47 48 49 57
24 34 43 61 65 84 88
1 7 9 15 29 46 58
4 15 34 51 60 63 76
5 11 13 29 44 47 55
2 6 24 46 50 51 91
10 11 21 38 66 83 85
6 12 22 64 69 72 79
14 24 38 45 47 63 92
23 34 40 71 74 79 89
4 30 42 50 55 64 84
8 13 32 51 56 70 88
22 23 54 82 88 90 93
3 17 40 54 59 76 94
1 5 39 61 64 77 78
19 25 32 46 75 85 94
11 12 19 20 48 54 73
13 15 33 36 59 74 85
18 25 27 44 48 63 90
8 22 39 42 53 63 83
2 7 28 70 74 83 95
30 45 46 49 71 86 90
4 31 53 56 57 58 69
20 21 35 36 78 87 89
38 43 56 62 87 91 93
3 13 50 58 78 81 82
6 30 38 73 80 92 94
12 21 54 60 62 86 88
2 20 33 67 69 82 84
0 23 31 45 61 70 94
1 14 37 44 69 79 91
24 36 55 76 78 95 96
5 14 21 25 28 50 56
5 11 41 42 71 81 84
9 18 40 43 51 67 75
13 20 22 66 91 94 95
3 20 27 39 45 58 85
3 4 26 32 66 86 93
17 33 35 41 46 55 89
19 52 58 72 74 89 93
35 58 60 71 80 84 96
0 3 37 46 93 95 97
1 19 27 30 65 67 76
2 29 56 73 77 89 96
32 36 49 54 58 65 94
7 10 22 41 59 61 93
11 14 17 43 72 78 90
4 12 18 37 61 74 88
15 35 69 70 76 92 93
3 23 60 72 73 80 83
2 25 26 34 45 53 78
10 28 31 33 42 48 60
9 10 44 50 74 80 88
13 42 52 70 79 80 86
10 19 26 49 63 81 87
1 48 59 66 71 77 82
11 50 69 70 77 86 97
17 18 29 30 32 83 88
1 20 28 43 53 81 90
42 43 47 57 71 76 94
0 8 34 55 66 72 87
5 7 8 27 35 62 75
12 32 40 41 53 77 80
3 6 16 26 43 44 95
15 45 48 55 74 80 97
0 1 11 22 36 74 75
4 7 9 13 14 23 52
18 21 24 53 54 64 71
3 22 33 47 48 88 96
19 24 43 68 79 82 83
5 12 34 59 83 90 92
7 33 39 43 50 54 72
10 16 30 75 76 89 90
6 11 32 37 56 76 82
5 18 22 49 69 83 95
23 26 27 28 36 68 69
6 8 15 25 52 67 94
31 34 40 54 56 64 68
2 12 24 31 38 75 81
27 49 51 66 74 92 96
0 21 30 39 44 51 79
11 16 30 58 70 79 87
19 37 44 45 64 75 89
40 61 63 65 80 85 95
46 48 52 61 76 83 87
8 23 30 62 77 84 85
20 34 44 58 73 76 97
12 13 25 37 41 65 71
7 45 69 73 87 88 94
12 14 33 75 76 95 97
28 34 35 37 81 86 94
0 6 27 60 77 81 83
16 28 45 49 54 66 78
5 53 60 65 79 87 92
7 29 32 51 78 80 90
5 17 24 26 67 70 72
4 22 68 70 81 89 97
28 32 39 55 61 91 92
0 17 50 64 65 85 92
6 19 33 51 61 71 73
1 52 54 55 56 84 92
2 15 27 41 47 54 80
3 5 31 36 45 51 80
1 31 35 63 72 88 97
1 4 25 33 80 87 93
27 42 46 53 59 82 88
8 17 21 23 37 58 59
40 57 62 65 70 90 91
20 24 32 42 46 62 72
15 18 38 42 45 65 77
6 10 14 18 39 62 97
2 19 22 40 58 86 92
10 23 41 46 64 68 78
3 7 11 25 63 64 79
25 29 37 42 66 68 76
8 9 44 65 82 94 96
20 29 54 65 75 79 93
25 31 36 39 52 71 90
2 31 44 55 57 83 93
2 13 30 43 48 53 68
38 41 61 67 82 86 89
4 6 16 20 28 47 59
3 5 15 30 32 33 34
2 28 52 64 76 85 88
16 22 31 37 67 78 92
14 20 39 40 49 86 88
18 19 23 35 50 57 66
17 20 37 57 63 77 80
9 21 33 68 77 91 92
29 33 41 62 63 74 94
5 26 40 71 85 91 97
36 42 47 67 79 85 90
12 36 43 44 46 66 84
3 57 61 68 75 86 92
0 26 42 54 63 69 89
4 8 14 38 54 78 95
1 21 34 42 75 82 95
4 13 19 27 31 43 62
11 18 26 52 55 60 94
25 35 43 55 73 82 86
3 14 24 29 35 52 57
4 15 21 26 29 39 84
1 4 50 62 68 90 94
14 15 59 73 79 81 91
16 27 48 56 72 84 94
49 52 59 72 75 80 91
10 15 20 22 23 43 64
9 19 28 53 55 85 93
8 10 32 43 69 71 92
0 3 7 12 28 62 96
6 7 17 47 53 74 86
17 22 34 38 44 51 70
9 23 24 39 48 75 87
26 33 45 56 65 70 75
3 27 84 87 88 89 91
13 24 60 64 74 90 96
34 47 50 52 62 67 73
4 11 36 38 40 46 63
5 8 16 19 33 90 95
16 17 40 48 51 69 81
2 17 61 62 66 78 79
8 16 36 41 43 73 97
14 22 32 45 60 68 84
4 17 18 28 33 79 96
0 18 25 41 58 76 91
14 26 59 64 83 94 96
13 37 40 47 83 84 87
2 23 29 57 71 72 95
0 2 15 19 36 77 88
6 17 35 44 54 85 87
13 16 38 49 55 62 64
21 22 28 48 66 67 80
11 21 27 29 31 34 61
10 13 29 54 67 92 97
1 12 16 23 51 83 85
3 9 20 63 70 71 82
7 20 26 31 41 50 83
12 15 44 57 60 78 87
4 5 10 65 66 73 88
1 32 38 39 47 72 89
29 44 52 53 61 62 69
18 35 47 61 68 72 85
7 23 55 58 63 66 67
0 6 7 35 38 84 90
14 22 30 36 56 61 71
6 23 31 32 65 74 81
39 43 54 70 74 76 77
12 39 42 78 93 94 97
0 10 35 40 49 53 73
9 12 35 49 56 64 67
15 28 30 40 44 72 82
25 34 49 50 77 89 95
37 43 58 64 75 80 83
4 32 35 45 48 79 95
28 29 38 58 68 71 87
15 48 62 65 83 89 97
11 43 45 51 57 59 67
3 6 19 21 41 49 70
30 41 52 66 69 75 96
8 12 29 40 45 50 81
23 46 47 56 79 92 97
9 16 22 27 29 35 41
7 18 36 81 82 89 92
20 30 35 42 51 56 74
11 22 50 73 85 87 96
6 9 10 34 36 57 79
5 6 9 43 52 66 89
10 25 51 72 84 86 93
1 24 41 42 44 73 86
11 16 26 62 76 80 82
9 11 15 24 84 92 95
8 20 55 59 60 61 89
30 31 63 74 78 85 91
6 24 29 50 56 59 63
7 16 18 21 71 77 93
2 9 27 32 87 90 97
36 37 38 48 50 60 93
8 41 45 57 83 90 91
22 24 25 33 57 58 97
12 14 27 46 55 58 70
39 46 53 67 81 95 96
18 48 59 70 73 78 84
0 13 21 57 85 86 89
5 16 39 57 74 82 84
7 13 22 53 65 72 76
4 24 37 49 69 82 85
2 14 16 37 63 65 86
11 51 52 77 81 88 95
19 25 47 51 65 69 78
6 26 42 48 58 88 92
15 16 32 50 53 61 75
15 17 31 49 68 93 96
16 25 46 60 67 88 91
8 31 47 60 75 77 82
2 5 21 47 60 91 94
21 23 25 40 42 55 70
5 9 31 37 46 54 73
