5 13 54 60 68
8 16 57 63 71
11 19 60 66 74
14 22 63 69 77
17 25 66 72 80
20 28 69 75 83
23 31 72 78 86
26 34 75 81 89
29 37 78 84 92
32 40 81 87 95
35 43 84 90 98
2 38 46 87 93
5 41 49 90 96
0 8 44 52 93
3 11 47 55 96
0 6 14 50 58
3 9 17 53 61
6 12 20 56 64
9 15 23 59 67
12 18 26 62 70
15 21 29 65 73
18 24 32 68 76
21 27 35 71 79
24 30 38 74 82
27 33 41 77 85
30 36 44 80 88
33 39 47 83 91
36 42 50 86 94
39 45 53 89 97
1 42 48 56 92
4 45 51 59 95
7 48 54 62 98
2 10 51 57 65
49 52 74 86 89
52 55 77 89 92
55 58 80 92 95
58 61 83 95 98
2 61 64 86 98
2 5 64 67 89
5 8 67 70 92
8 11 70 73 95
11 14 73 76 98
2 14 17 76 79
5 17 20 79 82
8 20 23 82 85
11 23 26 85 88
14 26 29 88 91
17 29 32 91 94
20 32 35 94 97
1 23 35 38 97
1 4 26 38 41
4 7 29 41 44
7 10 32 44 47
10 13 35 47 50
13 16 38 50 53
16 19 41 53 56
19 22 44 56 59
22 25 47 59 62
25 28 50 62 65
28 31 53 65 68
31 34 56 68 71
34 37 59 71 74
37 40 62 74 77
40 43 65 77 80
43 46 68 80 83
46 49 71 83 86
15 37 55 60 83
18 40 58 63 86
21 43 61 66 89
24 46 64 69 92
27 49 67 72 95
30 52 70 75 98
2 33 55 73 78
5 36 58 76 81
8 39 61 79 84
11 42 64 82 87
14 45 67 85 90
17 48 70 88 93
20 51 73 91 96
0 23 54 76 94
3 26 57 79 97
1 6 29 60 82
4 9 32 63 85
7 12 35 66 88
10 15 38 69 91
13 18 41 72 94
16 21 44 75 97
1 19 24 47 78
4 22 27 50 81
7 25 30 53 84
10 28 33 56 87
13 31 36 59 90
16 34 39 62 93
19 37 42 65 96
0 22 40 45 68
3 25 43 48 71
6 28 46 51 74
9 31 49 54 77
12 34 52 57 80
9 30 41 42 57
12 33 44 45 60
15 36 47 48 63
18 39 50 51 66
21 42 53 54 69
24 45 56 57 72
27 48 59 60 75
30 51 62 63 78
33 54 65 66 81
36 57 68 69 84
39 60 71 72 87
42 63 74 75 90
45 66 77 78 93
48 69 80 81 96
0 51 72 83 84
3 54 75 86 87
6 57 78 89 90
9 60 81 92 93
12 63 84 95 96
0 15 66 87 98
2 3 18 69 90
5 6 21 72 93
8 9 24 75 96
0 11 12 27 78
3 14 15 30 81
6 17 18 33 84
9 20 21 36 87
12 23 24 39 90
15 26 27 42 93
18 29 30 45 96
0 21 32 33 48
3 24 35 36 51
6 27 38 39 54
54 63 82 84 88
57 66 85 87 91
60 69 88 90 94
63 72 91 93 97
1 66 75 94 96
0 4 69 78 97
1 3 7 72 81
4 6 10 75 84
7 9 13 78 87
10 12 16 81 90
13 15 19 84 93
16 18 22 87 96
0 19 21 25 90
3 22 24 28 93
6 25 27 31 96
0 9 28 30 34
3 12 31 33 37
6 15 34 36 40
9 18 37 39 43
12 21 40 42 46
15 24 43 45 49
18 27 46 48 52
21 30 49 51 55
24 33 52 54 58
27 36 55 57 61
30 39 58 60 64
33 42 61 63 67
36 45 64 66 70
39 48 67 69 73
42 51 70 72 76
45 54 73 75 79
48 57 76 78 82
51 60 79 81 85
61 71 80 90 97
1 64 74 83 93
4 67 77 86 96
0 7 70 80 89
3 10 73 83 92
6 13 76 86 95
9 16 79 89 98
2 12 19 82 92
5 15 22 85 95
8 18 25 88 98
2 11 21 28 91
5 14 24 31 94
8 17 27 34 97
1 11 20 30 37
4 14 23 33 40
7 17 26 36 43
10 20 29 39 46
13 23 32 42 49
16 26 35 45 52
19 29 38 48 55
22 32 41 51 58
25 35 44 54 61
28 38 47 57 64
31 41 50 60 67
34 44 53 63 70
37 47 56 66 73
40 50 59 69 76
43 53 62 72 79
46 56 65 75 82
49 59 68 78 85
52 62 71 81 88
55 65 74 84 91
58 68 77 87 94
28 42 43 78 81
31 45 46 81 84
34 48 49 84 87
37 51 52 87 90
40 54 55 90 93
43 57 58 93 96
0 46 60 61 96
0 3 49 63 64
3 6 52 66 67
6 9 55 69 70
9 12 58 72 73
12 15 61 75 76
15 18 64 78 79
18 21 67 81 82
21 24 70 84 85
24 27 73 87 88
27 30 76 90 91
30 33 79 93 94
33 36 82 96 97
0 1 36 39 85
3 4 39 42 88
6 7 42 45 91
9 10 45 48 94
12 13 48 51 97
1 15 16 51 54
4 18 19 54 57
7 21 22 57 60
10 24 25 60 63
13 27 28 63 66
16 30 31 66 69
19 33 34 69 72
22 36 37 72 75
25 39 40 75 78
7 69 71 85 96
0 10 72 74 88
3 13 75 77 91
6 16 78 80 94
9 19 81 83 97
1 12 22 84 86
4 15 25 87 89
7 18 28 90 92
10 21 31 93 95
13 24 34 96 98
0 2 16 27 37
3 5 19 30 40
6 8 22 33 43
9 11 25 36 46
12 14 28 39 49
15 17 31 42 52
18 20 34 45 55
21 23 37 48 58
24 26 40 51 61
27 29 43 54 64
30 32 46 57 67
33 35 49 60 70
36 38 52 63 73
39 41 55 66 76
42 44 58 69 79
45 47 61 72 82
48 50 64 75 85
51 53 67 78 88
54 56 70 81 91
57 59 73 84 94
60 62 76 87 97
1 63 65 79 90
4 66 68 82 93
33 46 53 59 89
36 49 56 62 92
39 52 59 65 95
42 55 62 68 98
2 45 58 65 71
5 48 61 68 74
8 51 64 71 77
11 54 67 74 80
14 57 70 77 83
17 60 73 80 86
20 63 76 83 89
23 66 79 86 92
26 69 82 89 95
29 72 85 92 98
2 32 75 88 95
5 35 78 91 98
2 8 38 81 94
5 11 41 84 97
1 8 14 44 87
4 11 17 47 90
7 14 20 50 93
10 17 23 53 96
0 13 20 26 56
3 16 23 29 59
6 19 26 32 62
9 22 29 35 65
12 25 32 38 68
15 28 35 41 71
18 31 38 44 74
21 34 41 47 77
24 37 44 50 80
27 40 47 53 83
30 43 50 56 86
25 41 52 69 82
28 44 55 72 85
31 47 58 75 88
34 50 61 78 91
37 53 64 81 94
40 56 67 84 97
1 43 59 70 87
4 46 62 73 90
7 49 65 76 93
10 52 68 79 96
0 13 55 71 82
3 16 58 74 85
6 19 61 77 88
9 22 64 80 91
12 25 67 83 94
15 28 70 86 97
1 18 31 73 89
4 21 34 76 92
7 24 37 79 95
10 27 40 82 98
2 13 30 43 85
5 16 33 46 88
8 19 36 49 91
11 22 39 52 94
14 25 42 55 97
1 17 28 45 58
4 20 31 48 61
7 23 34 51 64
10 26 37 54 67
13 29 40 57 70
16 32 43 60 73
19 35 46 63 76
22 38 49 66 79
37 41 68 89 91
40 44 71 92 94
43 47 74 95 97
1 46 50 77 98
2 4 49 53 80
5 7 52 56 83
8 10 55 59 86
11 13 58 62 89
14 16 61 65 92
17 19 64 68 95
20 22 67 71 98
2 23 25 70 74
5 26 28 73 77
8 29 31 76 80
11 32 34 79 83
14 35 37 82 86
17 38 40 85 89
20 41 43 88 92
23 44 46 91 95
26 47 49 94 98
2 29 50 52 97
1 5 32 53 55
4 8 35 56 58
7 11 38 59 61
10 14 41 62 64
13 17 44 65 67
16 20 47 68 70
19 23 50 71 73
22 26 53 74 76
25 29 56 77 79
28 32 59 80 82
31 35 62 83 85
34 38 65 86 88
2 6 59 66 83
5 9 62 69 86
8 12 65 72 89
11 15 68 75 92
14 18 71 78 95
17 21 74 81 98
2 20 24 77 84
5 23 27 80 87
8 26 30 83 90
11 29 33 86 93
14 32 36 89 96
0 17 35 39 92
3 20 38 42 95
6 23 41 45 98
2 9 26 44 48
5 12 29 47 51
8 15 32 50 54
11 18 35 53 57
14 21 38 56 60
17 24 41 59 63
20 27 44 62 66
23 30 47 65 69
26 33 50 68 72
29 36 53 71 75
32 39 56 74 78
35 42 59 77 81
38 45 62 80 84
41 48 65 83 87
44 51 68 86 90
47 54 71 89 93
50 57 74 92 96
0 53 60 77 95
3 56 63 80 98
17 37 49 57 88
20 40 52 60 91
23 43 55 63 94
26 46 58 66 97
1 29 49 61 69
4 32 52 64 72
7 35 55 67 75
10 38 58 70 78
13 41 61 73 81
16 44 64 76 84
19 47 67 79 87
22 50 70 82 90
25 53 73 85 93
28 56 76 88 96
0 31 59 79 91
3 34 62 82 94
6 37 65 85 97
1 9 40 68 88
4 12 43 71 91
7 15 46 74 94
10 18 49 77 97
1 13 21 52 80
4 16 24 55 83
7 19 27 58 86
10 22 30 61 89
13 25 33 64 92
16 28 36 67 95
19 31 39 70 98
2 22 34 42 73
5 25 37 45 76
8 28 40 48 79
11 31 43 51 82
14 34 46 54 85
12 36 59 93 98
2 15 39 62 96
0 5 18 42 65
3 8 21 45 68
6 11 24 48 71
9 14 27 51 74
12 17 30 54 77
15 20 33 57 80
18 23 36 60 83
21 26 39 63 86
24 29 42 66 89
27 32 45 69 92
30 35 48 72 95
33 38 51 75 98
2 36 41 54 78
5 39 44 57 81
8 42 47 60 84
11 45 50 63 87
14 48 53 66 90
17 51 56 69 93
20 54 59 72 96
0 23 57 62 75
3 26 60 65 78
6 29 63 68 81
9 32 66 71 84
12 35 69 74 87
15 38 72 77 90
18 41 75 80 93
21 44 78 83 96
0 24 47 81 86
3 27 50 84 89
6 30 53 87 92
9 33 56 90 95
22 31 54 92 97
1 25 34 57 95
4 28 37 60 98
2 7 31 40 63
5 10 34 43 66
8 13 37 46 69
11 16 40 49 72
14 19 43 52 75
17 22 46 55 78
20 25 49 58 81
23 28 52 61 84
26 31 55 64 87
29 34 58 67 90
32 37 61 70 93
35 40 64 73 96
0 38 43 67 76
3 41 46 70 79
6 44 49 73 82
9 47 52 76 85
12 50 55 79 88
15 53 58 82 91
18 56 61 85 94
21 59 64 88 97
1 24 62 67 91
4 27 65 70 94
7 30 68 73 97
1 10 33 71 76
4 13 36 74 79
7 16 39 77 82
10 19 42 80 85
13 22 45 83 88
16 25 48 86 91
19 28 51 89 94
11 23 55 56 81
14 26 58 59 84
17 29 61 62 87
20 32 64 65 90
23 35 67 68 93
26 38 70 71 96
0 29 41 73 74
3 32 44 76 77
6 35 47 79 80
9 38 50 82 83
12 41 53 85 86
15 44 56 88 89
18 47 59 91 92
21 50 62 94 95
24 53 65 97 98
1 2 27 56 68
4 5 30 59 71
7 8 33 62 74
10 11 36 65 77
13 14 39 68 80
16 17 42 71 83
19 20 45 74 86
22 23 48 77 89
25 26 51 80 92
28 29 54 83 95
31 32 57 86 98
2 34 35 60 89
5 37 38 63 92
8 40 41 66 95
11 43 44 69 98
2 14 46 47 72
5 17 49 50 75
8 20 52 53 78
