1 2 31 52 54 58 87
2 3 32 53 55 59 88
3 4 33 54 56 60 89
4 5 34 55 57 61 90
5 6 35 56 58 62 91
6 7 36 57 59 63 92
7 8 37 58 60 64 93
8 9 38 59 61 65 94
9 10 39 60 62 66 95
10 11 40 61 63 67 96
11 12 41 62 64 68 97
12 13 42 63 65 69 98
0 13 14 43 64 66 70
1 14 15 44 65 67 71
2 15 16 45 66 68 72
3 16 17 46 67 69 73
4 17 18 47 68 70 74
5 18 19 48 69 71 75
6 19 20 49 70 72 76
7 20 21 50 71 73 77
8 21 22 51 72 74 78
9 22 23 52 73 75 79
10 23 24 53 74 76 80
11 24 25 54 75 77 81
12 25 26 55 76 78 82
13 26 27 56 77 79 83
14 27 28 57 78 80 84
15 28 29 58 79 81 85
16 29 30 59 80 82 86
17 30 31 60 81 83 87
18 31 32 61 82 84 88
19 32 33 62 83 85 89
20 33 34 63 84 86 90
21 34 35 64 85 87 91
22 35 36 65 86 88 92
23 36 37 66 87 89 93
24 37 38 67 88 90 94
25 38 39 68 89 91 95
26 39 40 69 90 92 96
27 40 41 70 91 93 97
28 41 42 71 92 94 98
0 29 42 43 72 93 95
1 30 43 44 73 94 96
2 31 44 45 74 95 97
3 32 45 46 75 96 98
0 4 33 46 47 76 97
1 5 34 47 48 77 98
0 2 6 35 48 49 78
1 3 7 36 49 50 79
2 4 8 37 50 51 80
3 5 9 38 51 52 81
4 6 10 39 52 53 82
5 7 11 40 53 54 83
6 8 12 41 54 55 84
7 9 13 42 55 56 85
8 10 14 43 56 57 86
9 11 15 44 57 58 87
10 12 16 45 58 59 88
11 13 17 46 59 60 89
12 14 18 47 60 61 90
13 15 19 48 61 62 91
14 16 20 49 62 63 92
15 17 21 50 63 64 93
16 18 22 51 64 65 94
17 19 23 52 65 66 95
18 20 24 53 66 67 96
19 21 25 54 67 68 97
20 22 26 55 68 69 98
0 21 23 27 56 69 70
1 22 24 28 57 70 71
2 23 25 29 58 71 72
3 24 26 30 59 72 73
4 25 27 31 60 73 74
5 26 28 32 61 74 75
6 27 29 33 62 75 76
7 28 30 34 63 76 77
8 29 31 35 64 77 78
9 30 32 36 65 78 79
10 31 33 37 66 79 80
11 32 34 38 67 80 81
12 33 35 39 68 81 82
13 34 36 40 69 82 83
14 35 37 41 70 83 84
15 36 38 42 71 84 85
16 37 39 43 72 85 86
17 38 40 44 73 86 87
18 39 41 45 74 87 88
19 40 42 46 75 88 89
20 41 43 47 76 89 90
21 42 44 48 77 90 91
22 43 45 49 78 91 92
23 44 46 50 79 92 93
24 45 47 51 80 93 94
25 46 48 52 81 94 95
26 47 49 53 82 95 96
27 48 50 54 83 96 97
28 49 51 55 84 97 98
0 29 50 52 56 85 98
0 1 30 51 53 57 86
1 14 21 22 33 39 55
2 15 22 23 34 40 56
3 16 23 24 35 41 57
4 17 24 25 36 42 58
5 18 25 26 37 43 59
6 19 26 27 38 44 60
7 20 27 28 39 45 61
8 21 28 29 40 46 62
9 22 29 30 41 47 63
10 23 30 31 42 48 64
11 24 31 32 43 49 65
12 25 32 33 44 50 66
13 26 33 34 45 51 67
14 27 34 35 46 52 68
15 28 35 36 47 53 69
16 29 36 37 48 54 70
17 30 37 38 49 55 71
18 31 38 39 50 56 72
19 32 39 40 51 57 73
20 33 40 41 52 58 74
21 34 41 42 53 59 75
22 35 42 43 54 60 76
23 36 43 44 55 61 77
24 37 44 45 56 62 78
25 38 45 46 57 63 79
26 39 46 47 58 64 80
27 40 47 48 59 65 81
28 41 48 49 60 66 82
29 42 49 50 61 67 83
30 43 50 51 62 68 84
31 44 51 52 63 69 85
32 45 52 53 64 70 86
33 46 53 54 65 71 87
34 47 54 55 66 72 88
35 48 55 56 67 73 89
36 49 56 57 68 74 90
37 50 57 58 69 75 91
38 51 58 59 70 76 92
39 52 59 60 71 77 93
40 53 60 61 72 78 94
41 54 61 62 73 79 95
42 55 62 63 74 80 96
43 56 63 64 75 81 97
44 57 64 65 76 82 98
0 45 58 65 66 77 83
1 46 59 66 67 78 84
2 47 60 67 68 79 85
3 48 61 68 69 80 86
4 49 62 69 70 81 87
5 50 63 70 71 82 88
6 51 64 71 72 83 89
7 52 65 72 73 84 90
8 53 66 73 74 85 91
9 54 67 74 75 86 92
10 55 68 75 76 87 93
11 56 69 76 77 88 94
12 57 70 77 78 89 95
13 58 71 78 79 90 96
14 59 72 79 80 91 97
15 60 73 80 81 92 98
0 16 61 74 81 82 93
1 17 62 75 82 83 94
2 18 63 76 83 84 95
3 19 64 77 84 85 96
4 20 65 78 85 86 97
5 21 66 79 86 87 98
0 6 22 67 80 87 88
1 7 23 68 81 88 89
2 8 24 69 82 89 90
3 9 25 70 83 90 91
4 10 26 71 84 91 92
5 11 27 72 85 92 93
6 12 28 73 86 93 94
7 13 29 74 87 94 95
8 14 30 75 88 95 96
9 15 31 76 89 96 97
10 16 32 77 90 97 98
0 11 17 33 78 91 98
0 1 12 18 34 79 92
1 2 13 19 35 80 93
2 3 14 20 36 81 94
3 4 15 21 37 82 95
4 5 16 22 38 83 96
5 6 17 23 39 84 97
6 7 18 24 40 85 98
0 7 8 19 25 41 86
1 8 9 20 26 42 87
2 9 10 21 27 43 88
3 10 11 22 28 44 89
4 11 12 23 29 45 90
5 12 13 24 30 46 91
6 13 14 25 31 47 92
7 14 15 26 32 48 93
8 15 16 27 33 49 94
9 16 17 28 34 50 95
10 17 18 29 35 51 96
11 18 19 30 36 52 97
12 19 20 31 37 53 98
0 13 20 21 32 38 54
7 22 31 57 59 62 67
8 23 32 58 60 63 68
9 24 33 59 61 64 69
10 25 34 60 62 65 70
11 26 35 61 63 66 71
12 27 36 62 64 67 72
13 28 37 63 65 68 73
14 29 38 64 66 69 74
15 30 39 65 67 70 75
16 31 40 66 68 71 76
17 32 41 67 69 72 77
18 33 42 68 70 73 78
19 34 43 69 71 74 79
20 35 44 70 72 75 80
21 36 45 71 73 76 81
22 37 46 72 74 77 82
23 38 47 73 75 78 83
24 39 48 74 76 79 84
25 40 49 75 77 80 85
26 41 50 76 78 81 86
27 42 51 77 79 82 87
28 43 52 78 80 83 88
29 44 53 79 81 84 89
30 45 54 80 82 85 90
31 46 55 81 83 86 91
32 47 56 82 84 87 92
33 48 57 83 85 88 93
34 49 58 84 86 89 94
35 50 59 85 87 90 95
36 51 60 86 88 91 96
37 52 61 87 89 92 97
38 53 62 88 90 93 98
0 39 54 63 89 91 94
1 40 55 64 90 92 95
2 41 56 65 91 93 96
3 42 57 66 92 94 97
4 43 58 67 93 95 98
0 5 44 59 68 94 96
1 6 45 60 69 95 97
2 7 46 61 70 96 98
0 3 8 47 62 71 97
1 4 9 48 63 72 98
0 2 5 10 49 64 73
1 3 6 11 50 65 74
2 4 7 12 51 66 75
3 5 8 13 52 67 76
4 6 9 14 53 68 77
5 7 10 15 54 69 78
6 8 11 16 55 70 79
7 9 12 17 56 71 80
8 10 13 18 57 72 81
9 11 14 19 58 73 82
10 12 15 20 59 74 83
11 13 16 21 60 75 84
12 14 17 22 61 76 85
13 15 18 23 62 77 86
14 16 19 24 63 78 87
15 17 20 25 64 79 88
16 18 21 26 65 80 89
17 19 22 27 66 81 90
18 20 23 28 67 82 91
19 21 24 29 68 83 92
20 22 25 30 69 84 93
21 23 26 31 70 85 94
22 24 27 32 71 86 95
23 25 28 33 72 87 96
24 26 29 34 73 88 97
25 27 30 35 74 89 98
0 26 28 31 36 75 90
1 27 29 32 37 76 91
2 28 30 33 38 77 92
3 29 31 34 39 78 93
4 30 32 35 40 79 94
5 31 33 36 41 80 95
6 32 34 37 42 81 96
7 33 35 38 43 82 97
8 34 36 39 44 83 98
0 9 35 37 40 45 84
1 10 36 38 41 46 85
2 11 37 39 42 47 86
3 12 38 40 43 48 87
4 13 39 41 44 49 88
5 14 40 42 45 50 89
6 15 41 43 46 51 90
7 16 42 44 47 52 91
8 17 43 45 48 53 92
9 18 44 46 49 54 93
10 19 45 47 50 55 94
11 20 46 48 51 56 95
12 21 47 49 52 57 96
13 22 48 50 53 58 97
14 23 49 51 54 59 98
0 15 24 50 52 55 60
1 16 25 51 53 56 61
2 17 26 52 54 57 62
3 18 27 53 55 58 63
4 19 28 54 56 59 64
5 20 29 55 57 60 65
6 21 30 56 58 61 66
