0 3 7 8 45 52 53 54 78 90
1 4 9 15 30 37 62 68 91 98
2 7 9 12 13 24 39 57 65 75
5 18 39 42 43 70 71 72 80 94
6 27 45 55 61 74 77 89 96 98
16 34 41 49 52 75 77 80 86 91
10 11 22 24 52 53 64 67 93 94
9 12 27 35 36 48 53 72 76 92
10 17 25 33 37 40 61 72 81 90
19 21 43 52 62 66 72 93 95 97
2 20 28 36 54 74 76 81 86 97
4 18 23 44 52 58 60 76 83 89
4 6 29 42 49 53 59 65 81 95
19 24 26 28 31 37 50 55 56 92
5 10 13 14 44 45 47 63 81 88
14 20 26 51 67 79 83 90 91 93
8 11 15 17 46 50 66 79 86 87
0 27 30 36 51 66 67 73 82 84
4 5 15 16 22 33 36 48 50 85
12 21 32 34 51 58 79 81 87 96
1 7 17 19 20 41 64 73 92 96
3 30 31 44 60 63 69 84 94 96
6 25 31 37 39 43 47 54 79 86
23 32 35 47 49 54 62 70 84 85
8 9 16 40 42 56 58 73 88 97
0 2 22 30 35 40 43 55 57 58
13 28 29 40 46 71 78 82 93 96
1 6 12 33 47 56 66 78 83 94
3 29 47 48 55 64 68 79 89 97
6 15 18 28 41 48 51 57 63 70
20 21 22 31 45 46 49 68 71 84
7 25 30 34 38 42 44 48 66 74
5 19 56 59 61 79 82 91 95 97
4 11 21 31 74 77 78 88 90 92
38 45 56 58 65 70 71 86 92 95
8 14 20 34 35 37 60 65 71 85
0 13 16 19 23 65 68 74 87 94
0 29 31 33 34 63 70 76 93 98
1 25 28 53 60 70 73 75 77 87
0 9 11 22 25 26 41 47 85 95
11 16 39 48 49 55 76 83 90 96
3 10 18 21 25 35 50 65 83 98
2 14 19 25 36 49 58 66 78 89
13 17 21 27 29 30 41 54 56 60
4 7 14 18 24 40 74 79 84 86
2 31 38 42 50 51 52 61 64 85
6 8 24 35 36 44 68 70 91 96
20 23 24 25 27 58 62 63 64 80
17 32 33 53 55 71 84 88 89 91
14 15 29 50 54 57 58 77 91 94
1 10 12 44 54 59 66 69 71 97
12 34 39 40 50 63 67 89 91 95
3 13 15 18 31 32 72 73 74 95
5 6 9 34 35 43 64 84 87 90
8 13 39 48 52 55 59 84 92 98
15 18 22 54 56 65 66 80 88 96
3 33 43 46 47 51 74 75 80 92
17 35 37 38 52 76 77 78 80 95
7 10 23 36 46 55 60 87 95 98
18 30 53 61 63 83 85 87 92 97
2 27 33 37 39 41 44 45 87 93
0 5 8 12 18 31 62 77 81 82
7 16 21 28 41 47 58 59 72 84
10 26 27 68 72 75 78 85 86 88
1 11 29 32 36 38 40 45 80 87
10 12 15 26 34 42 45 76 78 84
24 43 48 61 65 69 73 78 81 91
3 4 9 17 19 45 48 67 70 83
6 14 17 22 52 58 69 75 82 98
0 1 3 16 24 42 46 57 89 92
3 5 20 28 40 49 53 66 85 98
7 11 18 56 68 69 80 81 89 93
34 36 40 41 46 59 62 83 88 94
1 3 13 22 27 34 50 70 90 97
6 21 44 55 73 80 85 86 93 94
13 18 26 33 36 37 49 64 67 69
5 21 23 24 33 41 53 77 90 97
3 6 11 12 19 23 30 71 75 88
0 9 12 20 29 44 46 49 61 72
2 16 26 32 43 44 53 56 62 98
39 45 57 60 64 70 78 79 82 97
2 23 51 59 63 66 68 71 73 77
4 8 32 41 64 66 69 75 76 90
11 28 30 33 35 45 52 65 73 79
19 22 29 35 42 59 62 63 86 90
9 11 14 31 41 55 57 66 70 78
14 17 36 42 47 65 72 77 83 93
5 7 26 29 37 46 54 73 83 84
9 32 33 50 57 59 60 86 93 96
8 9 10 22 23 28 38 67 72 89
5 25 47 52 56 57 67 68 76 96
4 20 24 34 54 55 57 72 82 87
15 40 44 47 49 60 68 73 90 92
1 2 8 18 26 48 54 90 94 95
7 9 16 27 32 52 70 71 81 94
0 10 39 46 56 58 74 85 90 91
0 14 21 32 37 42 48 75 96 97
6 7 9 13 40 51 62 65 76 77
12 17 37 49 59 64 70 74 88 93
23 27 28 31 40 42 57 69 83 91
6 16 25 38 54 68 69 82 92 93
0 4 17 26 28 38 43 63 79 94
16 17 18 24 29 45 60 66 75 91
14 17 28 32 34 39 61 62 68 73
2 4 14 31 38 46 48 53 80 96
1 32 46 52 55 63 65 67 74 81
0 15 19 34 39 47 51 53 55 69
2 3 10 19 20 40 48 56 77 84
13 25 35 41 45 46 59 85 89 94
4 11 12 25 51 80 84 94 97 98
12 22 28 43 44 64 67 77 86 98
3 7 14 22 26 43 59 76 87 91
9 23 36 40 54 56 63 64 75 79
3 13 32 37 53 58 82 83 86 89
2 6 10 29 62 67 69 70 79 92
5 12 14 27 38 49 55 75 94 95
1 23 35 44 50 75 78 81 84 93
2 8 11 21 37 47 57 63 72 91
21 26 35 40 52 61 66 70 87 89
24 47 48 50 71 73 76 87 88 98
8 21 22 25 29 36 39 64 71 74
18 20 30 34 38 47 55 59 67 78
1 5 8 10 30 48 51 58 86 93
11 19 23 26 48 60 62 81 82 94
2 12 36 41 42 43 60 65 82 90
15 17 23 24 29 49 51 85 96 97
14 16 20 30 33 46 64 70 76 95
7 8 27 33 43 49 50 63 68 82
26 41 50 53 57 62 71 74 80 83
13 25 38 42 55 62 78 87 91 96
4 10 17 31 49 56 57 65 73 87
9 18 19 21 25 27 32 46 69 77
0 2 15 25 64 81 83 88 91 92
2 5 11 17 27 34 44 59 65 89
7 16 31 35 60 61 67 80 88 97
3 12 24 38 39 41 52 73 81 85
0 6 20 24 30 32 50 59 60 80
8 13 19 27 44 57 76 79 80 85
1 15 20 31 36 43 52 59 75 89
1 26 30 39 49 72 77 79 88 96
1 14 23 34 43 45 56 61 86 92
5 10 16 22 32 41 63 78 79 92
20 23 37 39 42 61 66 76 92 94
4 15 27 35 39 47 61 71 82 93
5 35 51 56 60 69 72 74 78 98
6 26 38 46 58 64 65 72 84 97
11 33 41 42 54 58 61 62 67 75
1 7 15 21 38 67 76 82 85 88
12 31 41 42 53 58 68 71 79 98
3 28 36 57 61 62 84 88 93 95
4 11 13 20 29 43 51 52 69 88
10 24 43 68 69 77 83 85 95 96
12 16 22 37 45 51 54 62 73 89
19 30 33 38 54 57 81 89 90 98
9 10 28 44 51 74 80 82 90 95
8 13 22 38 60 61 66 75 81 83
0 45 50 67 69 71 72 86 87 90
