2 29 35 49 50 60
3 30 36 50 51 61
4 31 37 51 52 62
5 32 38 52 53 63
6 33 39 53 54 64
7 34 40 54 55 65
8 35 41 55 56 66
9 36 42 56 57 67
10 37 43 57 58 68
11 38 44 58 59 69
12 39 45 59 60 70
13 40 46 60 61 71
14 41 47 61 62 72
15 42 48 62 63 73
16 43 49 63 64 74
17 44 50 64 65 75
18 45 51 65 66 76
19 46 52 66 67 77
20 47 53 67 68 78
21 48 54 68 69 79
22 49 55 69 70 80
23 50 56 70 71 81
24 51 57 71 72 82
25 52 58 72 73 83
26 53 59 73 74 84
27 54 60 74 75 85
28 55 61 75 76 86
29 56 62 76 77 87
30 57 63 77 78 88
31 58 64 78 79 89
32 59 65 79 80 90
33 60 66 80 81 91
34 61 67 81 82 92
35 62 68 82 83 93
36 63 69 83 84 94
37 64 70 84 85 95
38 65 71 85 86 96
39 66 72 86 87 97
40 67 73 87 88 98
0 41 68 74 88 89
1 42 69 75 89 90
2 43 70 76 90 91
3 44 71 77 91 92
4 45 72 78 92 93
5 46 73 79 93 94
6 47 74 80 94 95
7 48 75 81 95 96
8 49 76 82 96 97
9 50 77 83 97 98
0 10 51 78 84 98
0 1 11 52 79 85
1 2 12 53 80 86
2 3 13 54 81 87
3 4 14 55 82 88
4 5 15 56 83 89
5 6 16 57 84 90
6 7 17 58 85 91
7 8 18 59 86 92
8 9 19 60 87 93
9 10 20 61 88 94
10 11 21 62 89 95
11 12 22 63 90 96
12 13 23 64 91 97
13 14 24 65 92 98
0 14 15 25 66 93
1 15 16 26 67 94
2 16 17 27 68 95
3 17 18 28 69 96
4 18 19 29 70 97
5 19 20 30 71 98
0 6 20 21 31 72
1 7 21 22 32 73
2 8 22 23 33 74
3 9 23 24 34 75
4 10 24 25 35 76
5 11 25 26 36 77
6 12 26 27 37 78
7 13 27 28 38 79
8 14 28 29 39 80
9 15 29 30 40 81
10 16 30 31 41 82
11 17 31 32 42 83
12 18 32 33 43 84
13 19 33 34 44 85
14 20 34 35 45 86
15 21 35 36 46 87
16 22 36 37 47 88
17 23 37 38 48 89
18 24 38 39 49 90
19 25 39 40 50 91
20 26 40 41 51 92
21 27 41 42 52 93
22 28 42 43 53 94
23 29 43 44 54 95
24 30 44 45 55 96
25 31 45 46 56 97
26 32 46 47 57 98
0 27 33 47 48 58
1 28 34 48 49 59
3 22 31 38 60 62
4 23 32 39 61 63
5 24 33 40 62 64
6 25 34 41 63 65
7 26 35 42 64 66
8 27 36 43 65 67
9 28 37 44 66 68
10 29 38 45 67 69
11 30 39 46 68 70
12 31 40 47 69 71
13 32 41 48 70 72
14 33 42 49 71 73
15 34 43 50 72 74
16 35 44 51 73 75
17 36 45 52 74 76
18 37 46 53 75 77
19 38 47 54 76 78
20 39 48 55 77 79
21 40 49 56 78 80
22 41 50 57 79 81
23 42 51 58 80 82
24 43 52 59 81 83
25 44 53 60 82 84
26 45 54 61 83 85
27 46 55 62 84 86
28 47 56 63 85 87
29 48 57 64 86 88
30 49 58 65 87 89
31 50 59 66 88 90
32 51 60 67 89 91
33 52 61 68 90 92
34 53 62 69 91 93
35 54 63 70 92 94
36 55 64 71 93 95
37 56 65 72 94 96
38 57 66 73 95 97
39 58 67 74 96 98
0 40 59 68 75 97
1 41 60 69 76 98
0 2 42 61 70 77
1 3 43 62 71 78
2 4 44 63 72 79
3 5 45 64 73 80
4 6 46 65 74 81
5 7 47 66 75 82
6 8 48 67 76 83
7 9 49 68 77 84
8 10 50 69 78 85
9 11 51 70 79 86
10 12 52 71 80 87
11 13 53 72 81 88
12 14 54 73 82 89
13 15 55 74 83 90
14 16 56 75 84 91
15 17 57 76 85 92
16 18 58 77 86 93
17 19 59 78 87 94
18 20 60 79 88 95
19 21 61 80 89 96
20 22 62 81 90 97
21 23 63 82 91 98
0 22 24 64 83 92
1 23 25 65 84 93
2 24 26 66 85 94
3 25 27 67 86 95
4 26 28 68 87 96
5 27 29 69 88 97
6 28 30 70 89 98
0 7 29 31 71 90
1 8 30 32 72 91
2 9 31 33 73 92
3 10 32 34 74 93
4 11 33 35 75 94
5 12 34 36 76 95
6 13 35 37 77 96
7 14 36 38 78 97
8 15 37 39 79 98
0 9 16 38 40 80
1 10 17 39 41 81
2 11 18 40 42 82
3 12 19 41 43 83
4 13 20 42 44 84
5 14 21 43 45 85
6 15 22 44 46 86
7 16 23 45 47 87
8 17 24 46 48 88
9 18 25 47 49 89
10 19 26 48 50 90
11 20 27 49 51 91
12 21 28 50 52 92
13 22 29 51 53 93
14 23 30 52 54 94
15 24 31 53 55 95
16 25 32 54 56 96
17 26 33 55 57 97
18 27 34 56 58 98
0 19 28 35 57 59
1 20 29 36 58 60
2 21 30 37 59 61
17 22 35 67 71 79
18 23 36 68 72 80
19 24 37 69 73 81
20 25 38 70 74 82
21 26 39 71 75 83
22 27 40 72 76 84
23 28 41 73 77 85
24 29 42 74 78 86
25 30 43 75 79 87
26 31 44 76 80 88
27 32 45 77 81 89
28 33 46 78 82 90
29 34 47 79 83 91
30 35 48 80 84 92
31 36 49 81 85 93
32 37 50 82 86 94
33 38 51 83 87 95
34 39 52 84 88 96
35 40 53 85 89 97
36 41 54 86 90 98
0 37 42 55 87 91
1 38 43 56 88 92
2 39 44 57 89 93
3 40 45 58 90 94
4 41 46 59 91 95
5 42 47 60 92 96
6 43 48 61 93 97
7 44 49 62 94 98
0 8 45 50 63 95
1 9 46 51 64 96
2 10 47 52 65 97
3 11 48 53 66 98
0 4 12 49 54 67
1 5 13 50 55 68
2 6 14 51 56 69
3 7 15 52 57 70
4 8 16 53 58 71
5 9 17 54 59 72
6 10 18 55 60 73
7 11 19 56 61 74
8 12 20 57 62 75
9 13 21 58 63 76
10 14 22 59 64 77
11 15 23 60 65 78
12 16 24 61 66 79
13 17 25 62 67 80
14 18 26 63 68 81
15 19 27 64 69 82
16 20 28 65 70 83
17 21 29 66 71 84
18 22 30 67 72 85
19 23 31 68 73 86
20 24 32 69 74 87
21 25 33 70 75 88
22 26 34 71 76 89
23 27 35 72 77 90
24 28 36 73 78 91
25 29 37 74 79 92
26 30 38 75 80 93
27 31 39 76 81 94
28 32 40 77 82 95
29 33 41 78 83 96
30 34 42 79 84 97
31 35 43 80 85 98
0 32 36 44 81 86
1 33 37 45 82 87
2 34 38 46 83 88
3 35 39 47 84 89
4 36 40 48 85 90
5 37 41 49 86 91
6 38 42 50 87 92
7 39 43 51 88 93
8 40 44 52 89 94
9 41 45 53 90 95
10 42 46 54 91 96
11 43 47 55 92 97
12 44 48 56 93 98
0 13 45 49 57 94
1 14 46 50 58 95
2 15 47 51 59 96
3 16 48 52 60 97
4 17 49 53 61 98
0 5 18 50 54 62
1 6 19 51 55 63
2 7 20 52 56 64
3 8 21 53 57 65
4 9 22 54 58 66
5 10 23 55 59 67
6 11 24 56 60 68
7 12 25 57 61 69
8 13 26 58 62 70
9 14 27 59 63 71
10 15 28 60 64 72
11 16 29 61 65 73
12 17 30 62 66 74
13 18 31 63 67 75
14 19 32 64 68 76
15 20 33 65 69 77
16 21 34 66 70 78
5 14 22 48 51 74
6 15 23 49 52 75
7 16 24 50 53 76
8 17 25 51 54 77
9 18 26 52 55 78
10 19 27 53 56 79
11 20 28 54 57 80
12 21 29 55 58 81
13 22 30 56 59 82
14 23 31 57 60 83
15 24 32 58 61 84
16 25 33 59 62 85
17 26 34 60 63 86
18 27 35 61 64 87
19 28 36 62 65 88
20 29 37 63 66 89
21 30 38 64 67 90
22 31 39 65 68 91
23 32 40 66 69 92
24 33 41 67 70 93
25 34 42 68 71 94
26 35 43 69 72 95
27 36 44 70 73 96
28 37 45 71 74 97
29 38 46 72 75 98
0 30 39 47 73 76
1 31 40 48 74 77
2 32 41 49 75 78
3 33 42 50 76 79
4 34 43 51 77 80
5 35 44 52 78 81
6 36 45 53 79 82
7 37 46 54 80 83
8 38 47 55 81 84
9 39 48 56 82 85
10 40 49 57 83 86
11 41 50 58 84 87
12 42 51 59 85 88
13 43 52 60 86 89
14 44 53 61 87 90
15 45 54 62 88 91
16 46 55 63 89 92
17 47 56 64 90 93
18 48 57 65 91 94
19 49 58 66 92 95
20 50 59 67 93 96
21 51 60 68 94 97
22 52 61 69 95 98
0 23 53 62 70 96
1 24 54 63 71 97
2 25 55 64 72 98
0 3 26 56 65 73
1 4 27 57 66 74
2 5 28 58 67 75
3 6 29 59 68 76
4 7 30 60 69 77
5 8 31 61 70 78
6 9 32 62 71 79
7 10 33 63 72 80
8 11 34 64 73 81
9 12 35 65 74 82
10 13 36 66 75 83
11 14 37 67 76 84
12 15 38 68 77 85
13 16 39 69 78 86
14 17 40 70 79 87
15 18 41 71 80 88
16 19 42 72 81 89
17 20 43 73 82 90
18 21 44 74 83 91
19 22 45 75 84 92
20 23 46 76 85 93
21 24 47 77 86 94
22 25 48 78 87 95
23 26 49 79 88 96
24 27 50 80 89 97
25 28 51 81 90 98
0 26 29 52 82 91
1 27 30 53 83 92
2 28 31 54 84 93
3 29 32 55 85 94
4 30 33 56 86 95
5 31 34 57 87 96
6 32 35 58 88 97
7 33 36 59 89 98
0 8 34 37 60 90
1 9 35 38 61 91
2 10 36 39 62 92
3 11 37 40 63 93
4 12 38 41 64 94
5 13 39 42 65 95
6 14 40 43 66 96
7 15 41 44 67 97
8 16 42 45 68 98
0 9 17 43 46 69
1 10 18 44 47 70
2 11 19 45 48 71
3 12 20 46 49 72
4 13 21 47 50 73
