26 31 33 86
28 33 35 88
30 35 37 90
32 37 39 92
34 39 41 94
36 41 43 96
0 38 43 45
2 40 45 47
4 42 47 49
6 44 49 51
8 46 51 53
10 48 53 55
12 50 55 57
14 52 57 59
16 54 59 61
18 56 61 63
20 58 63 65
22 60 65 67
24 62 67 69
26 64 69 71
28 66 71 73
30 68 73 75
32 70 75 77
34 72 77 79
36 74 79 81
38 76 81 83
40 78 83 85
42 80 85 87
44 82 87 89
46 84 89 91
48 86 91 93
50 88 93 95
52 90 95 97
1 54 92 97
1 3 56 94
3 5 58 96
0 5 7 60
2 7 9 62
4 9 11 64
6 11 13 66
8 13 15 68
10 15 17 70
12 17 19 72
14 19 21 74
16 21 23 76
18 23 25 78
20 25 27 80
22 27 29 82
24 29 31 84
26 65 87 96
0 28 67 89
2 30 69 91
4 32 71 93
6 34 73 95
8 36 75 97
1 10 38 77
3 12 40 79
5 14 42 81
7 16 44 83
9 18 46 85
11 20 48 87
13 22 50 89
15 24 52 91
17 26 54 93
19 28 56 95
21 30 58 97
1 23 32 60
3 25 34 62
5 27 36 64
7 29 38 66
9 31 40 68
11 33 42 70
13 35 44 72
15 37 46 74
17 39 48 76
19 41 50 78
21 43 52 80
23 45 54 82
25 47 56 84
27 49 58 86
29 51 60 88
31 53 62 90
33 55 64 92
35 57 66 94
37 59 68 96
0 39 61 70
2 41 63 72
4 43 65 74
6 45 67 76
8 47 69 78
10 49 71 80
12 51 73 82
14 53 75 84
16 55 77 86
18 57 79 88
20 59 81 90
22 61 83 92
24 63 85 94
37 44 64 86
39 46 66 88
41 48 68 90
43 50 70 92
45 52 72 94
47 54 74 96
0 49 56 76
2 51 58 78
4 53 60 80
6 55 62 82
8 57 64 84
10 59 66 86
12 61 68 88
14 63 70 90
16 65 72 92
18 67 74 94
20 69 76 96
0 22 71 78
2 24 73 80
4 26 75 82
6 28 77 84
8 30 79 86
10 32 81 88
12 34 83 90
14 36 85 92
16 38 87 94
18 40 89 96
0 20 42 91
2 22 44 93
4 24 46 95
6 26 48 97
1 8 28 50
3 10 30 52
5 12 32 54
7 14 34 56
9 16 36 58
11 18 38 60
13 20 40 62
15 22 42 64
17 24 44 66
19 26 46 68
21 28 48 70
23 30 50 72
25 32 52 74
27 34 54 76
29 36 56 78
31 38 58 80
33 40 60 82
35 42 62 84
24 34 47 48
26 36 49 50
28 38 51 52
30 40 53 54
32 42 55 56
34 44 57 58
36 46 59 60
38 48 61 62
40 50 63 64
42 52 65 66
44 54 67 68
46 56 69 70
48 58 71 72
50 60 73 74
52 62 75 76
54 64 77 78
56 66 79 80
58 68 81 82
60 70 83 84
62 72 85 86
64 74 87 88
66 76 89 90
68 78 91 92
70 80 93 94
72 82 95 96
0 74 84 97
1 2 76 86
3 4 78 88
5 6 80 90
7 8 82 92
9 10 84 94
11 12 86 96
0 13 14 88
2 15 16 90
4 17 18 92
6 19 20 94
8 21 22 96
0 10 23 24
2 12 25 26
4 14 27 28
6 16 29 30
8 18 31 32
10 20 33 34
12 22 35 36
14 24 37 38
16 26 39 40
18 28 41 42
20 30 43 44
22 32 45 46
32 87 95 98
34 89 97 98
1 36 91 98
3 38 93 98
5 40 95 98
7 42 97 98
1 9 44 98
3 11 46 98
5 13 48 98
7 15 50 98
9 17 52 98
11 19 54 98
13 21 56 98
15 23 58 98
17 25 60 98
19 27 62 98
21 29 64 98
23 31 66 98
25 33 68 98
27 35 70 98
29 37 72 98
31 39 74 98
33 41 76 98
35 43 78 98
37 45 80 98
39 47 82 98
41 49 84 98
43 51 86 98
45 53 88 98
47 55 90 98
49 57 92 98
51 59 94 98
53 61 96 98
0 55 63 98
2 57 65 98
4 59 67 98
6 61 69 98
8 63 71 98
10 65 73 98
12 67 75 98
14 69 77 98
16 71 79 98
18 73 81 98
20 75 83 98
22 77 85 98
24 79 87 98
26 81 89 98
28 83 91 98
30 85 93 98
41 53 79 82
43 55 81 84
45 57 83 86
47 59 85 88
49 61 87 90
51 63 89 92
53 65 91 94
55 67 93 96
0 57 69 95
2 59 71 97
1 4 61 73
3 6 63 75
5 8 65 77
7 10 67 79
9 12 69 81
11 14 71 83
13 16 73 85
15 18 75 87
17 20 77 89
19 22 79 91
21 24 81 93
23 26 83 95
25 28 85 97
1 27 30 87
3 29 32 89
5 31 34 91
7 33 36 93
9 35 38 95
11 37 40 97
1 13 39 42
3 15 41 44
5 17 43 46
7 19 45 48
9 21 47 50
11 23 49 52
13 25 51 54
15 27 53 56
17 29 55 58
19 31 57 60
21 33 59 62
23 35 61 64
25 37 63 66
27 39 65 68
29 41 67 70
31 43 69 72
33 45 71 74
35 47 73 76
37 49 75 78
39 51 77 80
15 29 54 86
17 31 56 88
19 33 58 90
21 35 60 92
23 37 62 94
25 39 64 96
0 27 41 66
2 29 43 68
4 31 45 70
6 33 47 72
8 35 49 74
10 37 51 76
12 39 53 78
14 41 55 80
16 43 57 82
18 45 59 84
20 47 61 86
22 49 63 88
24 51 65 90
26 53 67 92
28 55 69 94
30 57 71 96
0 32 59 73
2 34 61 75
4 36 63 77
6 38 65 79
8 40 67 81
10 42 69 83
12 44 71 85
14 46 73 87
16 48 75 89
18 50 77 91
20 52 79 93
22 54 81 95
24 56 83 97
1 26 58 85
3 28 60 87
5 30 62 89
7 32 64 91
9 34 66 93
11 36 68 95
13 38 70 97
1 15 40 72
3 17 42 74
5 19 44 76
7 21 46 78
9 23 48 80
11 25 50 82
13 27 52 84
2 14 60 64
4 16 62 66
6 18 64 68
8 20 66 70
10 22 68 72
12 24 70 74
14 26 72 76
16 28 74 78
18 30 76 80
20 32 78 82
22 34 80 84
24 36 82 86
26 38 84 88
28 40 86 90
30 42 88 92
32 44 90 94
34 46 92 96
0 36 48 94
2 38 50 96
0 4 40 52
2 6 42 54
4 8 44 56
6 10 46 58
8 12 48 60
10 14 50 62
12 16 52 64
14 18 54 66
16 20 56 68
18 22 58 70
20 24 60 72
22 26 62 74
24 28 64 76
26 30 66 78
28 32 68 80
30 34 70 82
32 36 72 84
34 38 74 86
36 40 76 88
38 42 78 90
40 44 80 92
42 46 82 94
44 48 84 96
0 46 50 86
2 48 52 88
4 50 54 90
6 52 56 92
8 54 58 94
10 56 60 96
0 12 58 62
23 46 59 93
25 48 61 95
27 50 63 97
1 29 52 65
3 31 54 67
5 33 56 69
7 35 58 71
9 37 60 73
11 39 62 75
13 41 64 77
15 43 66 79
17 45 68 81
19 47 70 83
21 49 72 85
23 51 74 87
25 53 76 89
27 55 78 91
29 57 80 93
31 59 82 95
33 61 84 97
1 35 63 86
3 37 65 88
5 39 67 90
7 41 69 92
9 43 71 94
11 45 73 96
0 13 47 75
2 15 49 77
4 17 51 79
6 19 53 81
8 21 55 83
10 23 57 85
12 25 59 87
14 27 61 89
16 29 63 91
18 31 65 93
20 33 67 95
22 35 69 97
1 24 37 71
3 26 39 73
5 28 41 75
7 30 43 77
9 32 45 79
11 34 47 81
13 36 49 83
15 38 51 85
17 40 53 87
19 42 55 89
21 44 57 91
5 24 41 57
7 26 43 59
9 28 45 61
11 30 47 63
13 32 49 65
15 34 51 67
17 36 53 69
19 38 55 71
21 40 57 73
23 42 59 75
25 44 61 77
27 46 63 79
29 48 65 81
31 50 67 83
33 52 69 85
35 54 71 87
37 56 73 89
39 58 75 91
41 60 77 93
43 62 79 95
45 64 81 97
1 47 66 83
3 49 68 85
5 51 70 87
7 53 72 89
9 55 74 91
11 57 76 93
13 59 78 95
15 61 80 97
1 17 63 82
3 19 65 84
5 21 67 86
7 23 69 88
9 25 71 90
11 27 73 92
13 29 75 94
15 31 77 96
0 17 33 79
2 19 35 81
4 21 37 83
6 23 39 85
8 25 41 87
10 27 43 89
12 29 45 91
14 31 47 93
16 33 49 95
18 35 51 97
1 20 37 53
3 22 39 55
4 10 19 87
6 12 21 89
8 14 23 91
10 16 25 93
12 18 27 95
14 20 29 97
1 16 22 31
3 18 24 33
5 20 26 35
7 22 28 37
9 24 30 39
11 26 32 41
13 28 34 43
15 30 36 45
17 32 38 47
19 34 40 49
21 36 42 51
23 38 44 53
25 40 46 55
27 42 48 57
29 44 50 59
31 46 52 61
33 48 54 63
35 50 56 65
37 52 58 67
39 54 60 69
41 56 62 71
43 58 64 73
45 60 66 75
47 62 68 77
49 64 70 79
51 66 72 81
53 68 74 83
55 70 76 85
57 72 78 87
59 74 80 89
61 76 82 91
63 78 84 93
65 80 86 95
67 82 88 97
1 69 84 90
3 71 86 92
5 73 88 94
7 75 90 96
0 9 77 92
2 11 79 94
4 13 81 96
0 6 15 83
2 8 17 85
11 67 84 85
13 69 86 87
15 71 88 89
17 73 90 91
19 75 92 93
21 77 94 95
23 79 96 97
0 1 25 81
2 3 27 83
4 5 29 85
6 7 31 87
8 9 33 89
10 11 35 91
12 13 37 93
14 15 39 95
16 17 41 97
1 18 19 43
3 20 21 45
5 22 23 47
7 24 25 49
9 26 27 51
11 28 29 53
13 30 31 55
15 32 33 57
17 34 35 59
19 36 37 61
21 38 39 63
23 40 41 65
25 42 43 67
27 44 45 69
29 46 47 71
31 48 49 73
33 50 51 75
35 52 53 77
37 54 55 79
39 56 57 81
41 58 59 83
43 60 61 85
45 62 63 87
47 64 65 89
49 66 67 91
51 68 69 93
53 70 71 95
55 72 73 97
1 57 74 75
3 59 76 77
5 61 78 79
7 63 80 81
9 65 82 83
5 9 49 97
1 7 11 51
3 9 13 53
5 11 15 55
7 13 17 57
9 15 19 59
11 17 21 61
13 19 23 63
15 21 25 65
17 23 27 67
19 25 29 69
21 27 31 71
23 29 33 73
25 31 35 75
27 33 37 77
29 35 39 79
31 37 41 81
33 39 43 83
35 41 45 85
37 43 47 87
39 45 49 89
41 47 51 91
43 49 53 93
45 51 55 95
47 53 57 97
1 49 55 59
3 51 57 61
5 53 59 63
7 55 61 65
9 57 63 67
11 59 65 69
13 61 67 71
15 63 69 73
17 65 71 75
19 67 73 77
21 69 75 79
23 71 77 81
25 73 79 83
27 75 81 85
29 77 83 87
31 79 85 89
33 81 87 91
35 83 89 93
37 85 91 95
39 87 93 97
1 41 89 95
3 43 91 97
1 5 45 93
3 7 47 95
12 14 49 94
14 16 51 96
0 16 18 53
2 18 20 55
4 20 22 57
6 22 24 59
8 24 26 61
10 26 28 63
12 28 30 65
14 30 32 67
16 32 34 69
18 34 36 71
20 36 38 73
22 38 40 75
24 40 42 77
26 42 44 79
28 44 46 81
30 46 48 83
32 48 50 85
34 50 52 87
36 52 54 89
38 54 56 91
40 56 58 93
42 58 60 95
44 60 62 97
1 46 62 64
3 48 64 66
5 50 66 68
7 52 68 70
9 54 70 72
11 56 72 74
13 58 74 76
15 60 76 78
17 62 78 80
19 64 80 82
21 66 82 84
23 68 84 86
25 70 86 88
27 72 88 90
29 74 90 92
31 76 92 94
33 78 94 96
0 35 80 96
0 2 37 82
2 4 39 84
4 6 41 86
6 8 43 88
8 10 45 90
10 12 47 92
7 18 39 86
9 20 41 88
11 22 43 90
13 24 45 92
15 26 47 94
17 28 49 96
0 19 30 51
2 21 32 53
4 23 34 55
6 25 36 57
8 27 38 59
10 29 40 61
12 31 42 63
14 33 44 65
16 35 46 67
18 37 48 69
20 39 50 71
22 41 52 73
24 43 54 75
26 45 56 77
28 47 58 79
30 49 60 81
32 51 62 83
34 53 64 85
36 55 66 87
38 57 68 89
40 59 70 91
42 61 72 93
44 63 74 95
46 65 76 97
1 48 67 78
3 50 69 80
5 52 71 82
7 54 73 84
9 56 75 86
11 58 77 88
13 60 79 90
15 62 81 92
17 64 83 94
19 66 85 96
0 21 68 87
2 23 70 89
4 25 72 91
6 27 74 93
8 29 76 95
10 31 78 97
1 12 33 80
3 14 35 82
5 16 37 84
12 23 43 56
14 25 45 58
16 27 47 60
18 29 49 62
20 31 51 64
22 33 53 66
24 35 55 68
26 37 57 70
28 39 59 72
30 41 61 74
32 43 63 76
34 45 65 78
36 47 67 80
38 49 69 82
40 51 71 84
42 53 73 86
44 55 75 88
46 57 77 90
48 59 79 92
50 61 81 94
52 63 83 96
0 54 65 85
2 56 67 87
4 58 69 89
6 60 71 91
8 62 73 93
10 64 75 95
12 66 77 97
1 14 68 79
3 16 70 81
5 18 72 83
7 20 74 85
9 22 76 87
11 24 78 89
13 26 80 91
15 28 82 93
17 30 84 95
19 32 86 97
1 21 34 88
3 23 36 90
5 25 38 92
7 27 40 94
9 29 42 96
0 11 31 44
2 13 33 46
4 15 35 48
6 17 37 50
8 19 39 52
10 21 41 54
58 84 87 92
60 86 89 94
62 88 91 96
0 64 90 93
2 66 92 95
4 68 94 97
1 6 70 96
0 3 8 72
2 5 10 74
4 7 12 76
6 9 14 78
8 11 16 80
10 13 18 82
12 15 20 84
14 17 22 86
16 19 24 88
18 21 26 90
20 23 28 92
22 25 30 94
24 27 32 96
0 26 29 34
2 28 31 36
4 30 33 38
6 32 35 40
8 34 37 42
10 36 39 44
12 38 41 46
14 40 43 48
16 42 45 50
18 44 47 52
20 46 49 54
22 48 51 56
24 50 53 58
26 52 55 60
28 54 57 62
30 56 59 64
32 58 61 66
34 60 63 68
36 62 65 70
38 64 67 72
40 66 69 74
42 68 71 76
44 70 73 78
46 72 75 80
48 74 77 82
50 76 79 84
52 78 81 86
54 80 83 88
56 82 85 90
